1616,1640,1
1237,3059,1
3990,4420,1
422,794,1
2425,2697,1
3444,2980,1
391,1591,1
4943,4414,1
286,812,1
4576,3306,1
604,1802,1
644,1450,1
2912,4648,1
3143,3702,1
3248,3781,1
5145,5590,1
967,1510,1
134,2166,1
28,408,1
5768,6429,1
4315,5237,1
281,495,1
3654,4068,1
340,6722,1
4477,5134,1
3287,3594,1
3109,3169,1
3495,3315,1
4033,4077,1
4910,5537,1
2162,2291,1
422,3261,1
294,535,1
4801,4193,1
4542,3315,1
2431,4233,1
285,428,1
93,2665,1
5043,3475,1
54,916,1
719,1095,1
2099,2425,1
5782,6429,1
4051,1585,1
4222,2431,1
6171,6612,1
4522,3189,1
6155,6722,1
398,2735,1
5989,5376,1
1034,1578,1
3701,2191,1
2787,5563,1
2099,2531,1
3495,1351,1
3189,5075,1
1395,1551,1
6435,5633,1
2270,5480,1
1256,694,1
5769,6024,1
1166,1214,1
870,1112,1
1184,1386,1
3087,6000,1
3140,4605,1
4897,5688,1
111,2467,1
3336,2584,1
3157,4541,1
2760,6479,1
10,564,1
3433,3967,1
263,1892,1
1578,5109,1
1168,2444,1
910,936,1
4662,6926,1
1221,3445,1
801,3148,1
286,287,1
4310,5167,1
3678,3446,1
1206,4443,1
5786,5539,1
6147,5612,1
1478,505,1
2487,2698,1
1205,1095,1
6321,6479,1
2761,4079,1
157,1128,1
6146,6537,1
1961,4528,1
7064,6926,1
36,684,1
5218,6820,1
3360,2191,1
4522,5738,1
2459,2038,1
6554,142,1
6008,5401,1
3155,3619,1
281,1892,1
1988,14,1
93,4414,1
1099,1172,1
3313,2735,1
28,952,1
4149,3649,1
398,656,1
4599,5827,1
4417,2431,1
4616,5474,1
4172,318,1
422,5126,1
902,1594,1
1172,3661,1
1267,6645,1
3444,6526,1
6655,6653,1
1268,1802,1
2680,2430,1
1306,2059,1
292,1424,1
1701,1695,1
1370,4213,1
294,564,1
4463,4634,1
6059,6146,1
6647,3087,1
516,512,1
3464,2507,1
284,1062,1
4033,6752,1
111,3134,1
1376,2128,1
279,2740,1
4361,2680,1
2746,2752,1
3124,2348,1
4772,2540,1
1917,6876,1
285,2617,1
4377,5075,1
381,1238,1
4541,5228,1
534,857,1
4543,6735,1
1763,2980,1
2033,3059,1
2758,3465,1
6674,5612,1
4522,4616,1
1263,4480,1
1933,3109,1
3885,4822,1
3039,3134,1
294,2764,1
814,1704,1
5166,4867,1
2425,2732,1
5286,7027,1
2270,3059,1
641,1523,1
1415,1205,1
3654,4377,1
6096,3087,1
29,359,1
5042,4895,1
5795,2398,1
4892,5916,1
5989,4068,1
3580,6161,1
1050,2617,1
640,546,1
157,916,1
1699,4297,1
4578,4573,1
2099,3630,1
292,1390,1
4543,5685,1
2707,5687,1
2545,369,1
3077,5050,1
4367,3045,1
697,5070,1
2531,5628,1
2330,2756,1
3145,3651,1
3330,2315,1
1675,4118,1
781,1366,1
1477,341,1
4522,5157,1
1035,1613,1
68,1253,1
3649,5050,1
362,4627,1
703,1555,1
638,1643,1
1256,4788,1
2287,2158,1
128,785,1
4897,6181,1
286,660,1
2204,2062,1
2617,4077,1
5029,4603,1
3873,4059,1
1351,3591,1
3150,3649,1
5539,5586,1
292,1503,1
1168,1534,1
1664,1450,1
6146,6230,1
6120,5921,1
697,4541,1
5514,4654,1
5129,5966,1
5534,5376,1
1183,2381,1
253,725,1
3737,1828,1
3653,3598,1
6560,6038,1
1394,3487,1
422,1811,1
5317,6599,1
4910,6399,1
2394,2546,1
4756,4561,1
10,4304,1
4543,3306,1
2062,3649,1
5203,3644,1
3207,5209,1
3422,5554,1
2347,3651,1
2323,1330,1
3097,2897,1
5145,4730,1
3148,2127,1
1836,1951,1
5139,6085,1
6324,4813,1
3212,6190,1
2463,3464,1
155,3160,1
3444,4443,1
48,4177,1
1105,3340,1
2127,4131,1
2680,3034,1
4244,3495,1
6335,7062,1
5141,2680,1
743,4528,1
1150,2465,1
285,2680,1
1447,2046,1
162,749,1
3441,4801,1
2127,1062,1
697,1567,1
4477,6013,1
1581,5228,1
546,1256,1
5127,6380,1
983,4854,1
99,5537,1
2166,2190,1
3701,4366,1
4842,4335,1
3314,6405,1
1363,1205,1
2486,2127,1
502,232,1
2233,5146,1
1506,1703,1
5123,6986,1
4828,5966,1
3464,2850,1
6026,6717,1
2377,1669,1
2070,6248,1
2323,3816,1
6026,5019,1
1447,2348,1
2323,2507,1
4705,5375,1
5138,4634,1
5219,4610,1
2382,3248,1
938,1192,1
1050,1646,1
697,2765,1
2697,2366,1
6146,6181,1
641,2855,1
3990,4576,1
1846,3059,1
615,1115,1
340,4233,1
41,167,1
2425,4068,1
1415,5668,1
2908,2427,1
13,510,1
2457,756,1
2357,6585,1
718,719,1
270,575,1
6156,6861,1
3649,2172,1
4897,669,1
4876,4875,1
6026,4477,1
4956,5324,1
1244,391,1
2673,2348,1
4823,5864,1
3150,4233,1
2246,6920,1
1701,2516,1
1816,14,1
3287,3661,1
4477,3486,1
2348,2511,1
4532,5573,1
3618,1961,1
38,2140,1
2063,669,1
5153,3765,1
99,4098,1
1926,1923,1
5105,5983,1
1096,898,1
265,859,1
4283,5317,1
16,1082,1
2548,3109,1
4943,5733,1
4192,2172,1
2169,1585,1
625,284,1
2366,2761,1
1553,1627,1
4410,1197,1
2666,2107,1
3886,3140,1
286,1172,1
4910,5395,1
1351,6798,1
1591,3939,1
1018,1575,1
3314,6218,1
2824,3073,1
2975,5209,1
2057,2711,1
2871,2575,1
697,5224,1
3647,3261,1
4892,5139,1
6156,5237,1
4451,14,1
1116,1276,1
3718,2563,1
756,4787,1
697,1984,1
861,2132,1
3446,2617,1
1156,2287,1
1922,2004,1
2471,2742,1
1420,6015,1
4180,5766,1
6574,3410,1
5184,5224,1
3096,5050,1
1420,2377,1
1464,892,1
4164,4924,1
2043,778,1
2607,3873,1
1792,2381,1
2531,1566,1
1345,2071,1
956,1520,1
2746,3763,1
502,215,1
2705,1851,1
4149,4892,1
3068,1184,1
3143,2995,1
3394,2908,1
2091,2158,1
422,1631,1
1306,1805,1
4617,5731,1
4430,5240,1
4604,4226,1
5548,5928,1
2055,1285,1
4515,4226,1
3171,2575,1
6784,6782,1
3580,4606,1
2457,2968,1
6254,5105,1
3672,3146,1
3128,3800,1
235,247,1
2139,2371,1
29,937,1
5146,4061,1
1471,1637,1
3494,2348,1
1471,1096,1
4522,5563,1
1105,1184,1
4919,5987,1
3990,2829,1
6150,6608,1
1097,1770,1
1477,1485,1
1056,1050,1
2270,669,1
6151,6705,1
2126,3825,1
3643,1627,1
1447,696,1
4801,4443,1
4892,5738,1
2343,3097,1
1656,1707,1
2738,2863,1
2043,2490,1
2425,2063,1
2731,2381,1
6156,6161,1
76,903,1
3286,2315,1
1629,1386,1
3794,4108,1
3143,3885,1
2127,2258,1
5539,4261,1
2347,3825,1
2338,3619,1
6300,6794,1
4522,7116,1
665,668,1
157,1928,1
1370,1064,1
2358,2356,1
5539,5929,1
6308,6306,1
1580,1370,1
3398,2492,1
4315,3585,1
3280,698,1
10,561,1
2763,3097,1
967,3701,1
3446,3406,1
4612,3649,1
5317,5127,1
2261,4063,1
4617,6399,1
6560,4522,1
2270,3521,1
28,1062,1
1366,1096,1
134,4606,1
373,1503,1
165,3169,1
4463,5921,1
6028,6024,1
3669,4427,1
2465,2471,1
1050,891,1
3990,4552,1
3335,2431,1
111,2172,1
35,0,1
6333,5966,1
112,64,1
2657,4587,1
2430,2575,1
6496,5867,1
2348,6178,1
289,1924,1
2357,2169,1
2742,2099,1
254,187,1
6180,6429,1
3986,1080,1
2427,3457,1
1463,5555,1
38,356,1
1235,1989,1
1458,1500,1
4828,5050,1
3170,2090,1
1485,2074,1
1420,3861,1
2676,3320,1
1951,2657,1
578,2465,1
1363,1349,1
951,827,1
6171,6595,1
3313,3109,1
6914,7109,1
1714,1640,1
1478,1421,1
1979,2053,1
3097,3867,1
1262,651,1
1041,1064,1
10,1936,1
2348,5512,1
1415,2818,1
1256,1501,1
1272,383,1
5706,6195,1
4226,2158,1
2061,1682,1
6293,6755,1
69,26,1
5100,5534,1
1124,1937,1
10,3280,1
1248,1404,1
2525,2731,1
2348,6776,1
1063,1060,1
1032,2158,1
3151,4480,1
10,3487,1
927,588,1
904,2018,1
133,5929,1
5353,6598,1
6423,5867,1
2506,4573,1
1685,1578,1
1420,3849,1
1450,1173,1
4502,4366,1
805,909,1
3653,3849,1
1110,1366,1
2172,3134,1
1625,1657,1
2249,2226,1
5706,5554,1
3293,2294,1
5105,6050,1
3143,5117,1
641,1063,1
6180,5105,1
4437,5966,1
159,587,1
2348,5792,1
6302,5742,1
1460,575,1
2348,3842,1
1420,1142,1
5827,5474,1
4522,5474,1
3786,1960,1
3799,4217,1
1940,962,1
3311,2758,1
10,1056,1
2705,3033,1
1829,1919,1
4213,6510,1
4664,4910,1
4599,6180,1
3990,4222,1
604,693,1
3261,5512,1
2764,3134,1
5918,5222,1
5129,2398,1
5131,5292,1
3314,6389,1
4602,4819,1
2463,5763,1
3350,2756,1
4606,6307,1
4317,3644,1
1129,262,1
1002,2600,1
1027,1295,1
1032,2799,1
4377,4552,1
1686,1830,1
6146,4482,1
2159,1984,1
1034,1441,1
10,1551,1
6622,6335,1
5680,5668,1
3793,4621,1
2469,2831,1
3173,3487,1
68,43,1
680,910,1
106,926,1
2908,2428,1
1502,2270,1
1192,1330,1
765,1590,1
241,2371,1
2790,2366,1
1682,656,1
422,1816,1
2339,321,1
19,2124,1
854,883,1
3572,2507,1
1356,1646,1
697,3303,1
294,1529,1
2553,1664,1
4672,5911,1
167,735,1
77,510,1
2465,5157,1
2063,3129,1
4597,3904,1
6152,5127,1
10,3555,1
665,2133,1
2477,2038,1
4608,5075,1
912,1935,1
1144,154,1
2431,5329,1
4437,6429,1
1420,874,1
270,187,1
966,1493,1
2707,4822,1
2585,3866,1
19,1276,1
4112,1960,1
5029,4033,1
252,239,1
912,2058,1
560,232,1
4443,3904,1
1040,875,1
1097,1610,1
1063,1088,1
2787,1684,1
5479,5967,1
1763,2361,1
5317,4924,1
5068,5065,1
4604,4607,1
3384,2740,1
4149,4299,1
697,1509,1
1432,855,1
1168,1364,1
2741,2062,1
2717,5800,1
5333,4606,1
10,1214,1
2425,2752,1
285,1404,1
4220,4217,1
4576,5710,1
3990,4628,1
2041,2555,1
680,1353,1
3986,4217,1
912,3235,1
756,3664,1
3106,4528,1
422,827,1
36,69,1
2462,2571,1
1844,2127,1
311,1332,1
4918,5996,1
3515,2758,1
285,1259,1
6626,6650,1
3296,4108,1
2099,2127,1
1347,1534,1
5218,5734,1
3146,4118,1
5356,5431,1
2070,2372,1
4892,6735,1
2431,3295,1
546,1237,1
1838,6986,1
1922,1915,1
2425,3787,1
1001,1664,1
1180,2004,1
2099,6026,1
1306,2838,1
5,785,1
2903,2575,1
1471,863,1
4387,3644,1
4033,2466,1
4617,5126,1
5123,3475,1
755,1853,1
23,1088,1
1032,1353,1
628,956,1
640,1523,1
2343,3653,1
3768,3763,1
1376,945,1
1050,2506,1
4522,5185,1
2764,2604,1
3987,3647,1
6171,6789,1
1820,4616,1
624,1390,1
1233,1363,1
2785,1493,1
3441,3627,1
28,69,1
4664,5324,1
4962,5165,1
3854,3446,1
294,1655,1
1420,1001,1
697,5167,1
2447,6165,1
3911,3800,1
3467,2079,1
1177,489,1
1627,3619,1
1420,2872,1
604,1063,1
7,789,1
6150,5127,1
1256,1924,1
6034,7109,1
23,2467,1
1416,2847,1
499,546,1
644,2425,1
234,310,1
1415,1351,1
1655,4233,1
292,888,1
3845,4275,1
1408,2764,1
1420,1349,1
6127,5921,1
2255,2226,1
4377,5126,1
392,43,1
3775,3045,1
719,4610,1
4,5,1
324,684,1
4483,4118,1
2758,2810,1
23,862,1
1450,1613,1
2431,5706,1
4078,4808,1
6322,6149,1
112,926,1
4616,3306,1
3594,4275,1
157,1271,1
4377,553,1
10,1623,1
3776,5292,1
5383,4817,1
2084,1793,1
252,1064,1
2191,3059,1
1404,1486,1
2169,1064,1
5354,3644,1
20,64,1
6151,6001,1
1458,1023,1
656,3446,1
3208,2204,1
3095,1493,1
4817,3649,1
972,1937,1
2997,1420,1
697,862,1
4522,5126,1
1804,1173,1
3350,1130,1
743,1349,1
2792,2968,1
253,1704,1
6322,3087,1
4892,5766,1
1637,2381,1
41,2270,1
4038,4064,1
3236,3521,1
1900,1485,1
2824,1156,1
1290,1284,1
2600,884,1
270,1578,1
2758,3248,1
5670,5286,1
398,2617,1
3854,4403,1
1996,5292,1
3794,817,1
4892,2733,1
4965,5292,1
3307,3627,1
4892,5105,1
1432,1330,1
1961,4788,1
4576,5770,1
4852,4617,1
934,3203,1
4613,5916,1
1050,4449,1
10,1550,1
3004,3457,1
1150,1184,1
28,2584,1
279,1390,1
982,4576,1
1835,1035,1
186,2250,1
6173,6986,1
5534,6349,1
755,1405,1
294,167,1
2348,5933,1
1050,1627,1
604,963,1
2044,3452,1
254,511,1
5007,5126,1
1027,1515,1
62,5738,1
2099,2128,1
4603,4822,1
4541,4787,1
2471,2425,1
910,1082,1
2763,5149,1
2617,2158,1
23,4952,1
2770,2366,1
2044,2471,1
2179,4118,1
3484,2127,1
2382,5292,1
10,3307,1
4943,5470,1
3314,4066,1
1106,2032,1
1408,3248,1
1370,2373,1
934,1332,1
2705,2548,1
5587,4033,1
3990,6717,1
1032,4063,1
1105,751,1
284,1112,1
966,6798,1
680,937,1
4616,4286,1
3083,3255,1
2335,2580,1
2832,2018,1
3314,4061,1
2995,2381,1
1996,1664,1
3306,4587,1
3678,4541,1
1734,1135,1
3394,3059,1
755,1050,1
531,76,1
3314,5087,1
5420,884,1
489,1184,1
5967,4788,1
3146,3320,1
5900,5633,1
18,167,1
4261,3303,1
2669,2691,1
3248,3967,1
4430,2995,1
506,221,1
2037,2287,1
3513,4700,1
1320,1370,1
2090,2204,1
3654,4275,1
2398,6020,1
3261,4910,1
2425,4283,1
3543,3444,1
5123,4489,1
768,1491,1
285,860,1
528,3580,1
701,1432,1
6183,6351,1
697,5165,1
4556,4621,1
2161,1001,1
972,1366,1
502,1747,1
1485,1707,1
3168,4431,1
3283,2270,1
3097,1945,1
916,2815,1
237,1351,1
6152,4835,1
4078,5911,1
4919,6876,1
4522,3825,1
2763,1634,1
1485,1323,1
1938,1936,1
6300,6335,1
4813,1141,1
2464,2471,1
1818,2451,1
910,774,1
3302,2838,1
792,665,1
5102,6990,1
5390,4444,1
10,3848,1
4033,6595,1
2232,2226,1
3109,3108,1
4892,1820,1
2123,2425,1
1909,2224,1
2908,2818,1
4412,7048,1
3140,5488,1
6123,6412,1
1363,1551,1
2895,2427,1
2348,4996,1
2366,2908,1
2062,2566,1
284,1375,1
693,277,1
3059,2465,1
1601,1298,1
1095,2556,1
1348,891,1
163,3873,1
4906,3904,1
4542,4634,1
1002,5586,1
1471,3630,1
3111,3901,1
1136,1096,1
2518,2064,1
1726,853,1
2348,5058,1
2787,2764,1
4091,4463,1
2377,1761,1
1202,2908,1
205,24,1
6147,6693,1
2463,5688,1
3143,4945,1
1370,1838,1
6957,6833,1
73,122,1
7078,4773,1
2895,2758,1
1951,1351,1
2522,2295,1
3975,4552,1
2763,3981,1
1979,1940,1
2087,3033,1
888,698,1
422,489,1
3394,3387,1
6609,6608,1
5522,4366,1
1996,3280,1
3672,3134,1
3794,5153,1
1032,4032,1
2474,3045,1
1672,270,1
5002,2810,1
3157,4233,1
178,139,1
776,2698,1
5043,4068,1
3140,3719,1
2764,1062,1
6741,6085,1
4176,669,1
2912,5075,1
1420,2427,1
1415,1492,1
4607,5586,1
4607,5043,1
2854,2847,1
4576,5767,1
2758,2997,1
943,794,1
3087,6186,1
270,1355,1
10,651,1
286,729,1
1032,2477,1
1825,1961,1
2506,2381,1
1609,2575,1
5792,3585,1
233,588,1
4801,5292,1
1205,1278,1
4616,2533,1
1105,2048,1
5037,4479,1
599,1082,1
2048,2507,1
1095,1584,1
5127,5734,1
5127,4813,1
1110,1405,1
47,3624,1
1447,2976,1
5431,7109,1
373,1014,1
6811,7029,1
311,883,1
3599,2548,1
1835,795,1
2127,3892,1
1408,1664,1
5129,5929,1
1314,1676,1
3087,2733,1
755,1366,1
644,1631,1
6050,5228,1
2756,2740,1
6079,5827,1
3654,1542,1
525,6180,1
680,897,1
105,1805,1
4606,4988,1
4591,4872,1
1917,1256,1
1828,4634,1
10,862,1
4192,4787,1
3444,4312,1
1184,2296,1
5995,4038,1
5548,4952,1
4892,4463,1
157,888,1
2761,2732,1
3315,14,1
362,884,1
4945,669,1
697,5987,1
2290,2124,1
3287,3242,1
3275,2787,1
4374,4164,1
4169,4459,1
41,603,1
2166,2732,1
3394,2191,1
1580,944,1
4149,6403,1
1344,318,1
1629,1944,1
3422,1420,1
28,1088,1
5218,6819,1
5131,5527,1
4261,5329,1
4617,6195,1
2925,2044,1
2530,1456,1
3718,4097,1
4892,5401,1
698,765,1
1002,5983,1
2758,1493,1
2997,2018,1
1298,2434,1
1063,794,1
2734,2270,1
5161,5772,1
2431,3624,1
2348,4291,1
2331,2356,1
2705,4129,1
4489,4064,1
656,2169,1
1188,1098,1
1233,1358,1
4038,5075,1
3147,4007,1
1050,1961,1
345,284,1
3290,2871,1
4130,4129,1
2525,2323,1
1233,755,1
2703,3691,1
1156,1534,1
718,1514,1
5522,6149,1
2099,2697,1
5695,5932,1
2127,2226,1
345,359,1
1639,2690,1
284,2583,1
5548,3045,1
2461,2815,1
1192,2372,1
1404,2372,1
1105,948,1
2044,3097,1
1593,1386,1
697,4587,1
718,917,1
3336,3146,1
1205,1594,1
2833,4031,1
534,2176,1
3149,4079,1
1205,383,1
4477,2531,1
167,1295,1
576,1585,1
1050,6026,1
2246,4773,1
5218,6722,1
1002,1476,1
4964,5928,1
1032,3508,1
1356,910,1
502,587,1
5584,5904,1
1629,1290,1
422,7068,1
6056,6777,1
4149,3140,1
1471,1473,1
2912,4517,1
4439,4535,1
54,386,1
4373,3653,1
5002,4627,1
2686,3059,1
1366,807,1
4943,4912,1
246,2270,1
624,897,1
1594,428,1
1515,1514,1
3925,1176,1
5129,7021,1
1949,656,1
1001,6456,1
3084,3763,1
1731,694,1
1062,2571,1
4489,4068,1
756,3286,1
743,521,1
6420,6429,1
2463,4066,1
822,2810,1
1951,2548,1
641,262,1
4514,2158,1
6250,6248,1
756,5470,1
5356,4350,1
4672,6585,1
4631,4621,1
1806,2471,1
2550,369,1
2348,5145,1
1450,1584,1
1996,4945,1
604,4031,1
3147,4482,1
1471,1609,1
5403,4672,1
3620,2373,1
2348,2546,1
3257,3255,1
1184,1062,1
5102,3410,1
20,536,1
10,763,1
1303,826,1
16,234,1
3733,4872,1
3150,4648,1
6061,1820,1
3286,6001,1
313,50,1
1345,2815,1
1035,51,1
232,600,1
281,383,1
982,2233,1
2431,6546,1
571,729,1
2764,2057,1
2617,3842,1
5123,14,1
5663,3701,1
1824,1968,1
3444,3842,1
1168,2166,1
2575,2604,1
902,3591,1
2584,4335,1
801,800,1
292,239,1
4300,3486,1
3585,2980,1
1478,1591,1
3330,4031,1
2057,2564,1
5769,6202,1
157,1376,1
2549,2864,1
111,3967,1
1555,4226,1
4300,4576,1
3059,2818,1
912,1835,1
718,210,1
640,762,1
1485,910,1
3655,4696,1
6156,5329,1
1105,962,1
639,292,1
912,888,1
656,690,1
2471,3140,1
5137,4489,1
10,4517,1
3314,6043,1
3129,1605,1
286,726,1
160,1392,1
3017,2742,1
2761,4052,1
3248,4164,1
3151,5688,1
2742,2976,1
2270,428,1
2833,1420,1
317,316,1
1105,1264,1
1002,2323,1
1105,1804,1
2060,862,1
692,546,1
1032,2522,1
277,719,1
794,2582,1
2348,4822,1
3654,5105,1
742,739,1
2289,3661,1
2164,3981,1
697,2522,1
1344,2071,1
2765,2233,1
3669,4558,1
3330,2735,1
1520,1559,1
1358,1670,1
2425,2980,1
1050,5864,1
19,5505,1
1681,2287,1
2707,3825,1
4556,2172,1
6780,6755,1
591,889,1
4892,6452,1
4854,4605,1
57,4552,1
1961,2123,1
2997,3109,1
1420,2575,1
2707,4867,1
1900,1803,1
1615,1272,1
2172,2123,1
1200,1183,1
2282,2371,1
128,653,1
1256,6693,1
1996,1627,1
3111,1838,1
1420,3303,1
5737,4222,1
5736,6686,1
1471,3055,1
5524,4801,1
157,278,1
6114,6819,1
872,674,1
862,751,1
4338,4118,1
5607,6230,1
2742,3383,1
284,768,1
4477,4654,1
855,869,1
1674,1724,1
3106,3059,1
10,1266,1
1080,1208,1
6171,7029,1
1192,5073,1
81,22,1
3360,3904,1
3672,5966,1
5493,5185,1
10,1821,1
1424,1661,1
855,2838,1
4454,4573,1
2533,4123,1
838,1578,1
3990,6050,1
3147,5563,1
5534,4287,1
912,2455,1
5278,3261,1
743,2697,1
1050,1096,1
954,952,1
755,1315,1
216,357,1
422,2563,1
5329,3585,1
904,2471,1
4714,2760,1
2427,2270,1
2897,2604,1
10,1706,1
1349,864,1
638,2435,1
490,4602,1
286,1514,1
2707,5733,1
4617,3150,1
1105,1802,1
23,25,1
2760,4606,1
783,521,1
766,2169,1
99,3901,1
6810,4664,1
701,521,1
2348,6946,1
4283,4210,1
3286,4892,1
1237,2323,1
3143,3124,1
5294,5668,1
5734,6537,1
2890,3488,1
1343,1064,1
3222,3457,1
303,571,1
1363,1519,1
1945,4059,1
1672,910,1
2343,2810,1
10,892,1
2166,3926,1
2760,2759,1
2348,4827,1
591,1064,1
10,3825,1
5672,5827,1
3647,669,1
1031,2233,1
2867,2575,1
4004,3653,1
5151,5145,1
1014,1897,1
912,2349,1
20,764,1
3151,1811,1
1664,1734,1
6029,6084,1
982,5710,1
1555,3529,1
2703,2753,1
5449,6429,1
898,1042,1
2622,3055,1
5127,6038,1
2758,2893,1
4066,4063,1
680,1457,1
6029,6598,1
2173,3303,1
2617,2767,1
41,150,1
5238,4123,1
4819,5292,1
3668,2669,1
4522,5109,1
794,857,1
4,26,1
904,2761,1
1949,2226,1
4622,4518,1
680,1131,1
911,14,1
4098,3045,1
6654,6653,1
2833,2059,1
7023,7029,1
2463,2829,1
106,208,1
6151,7021,1
2071,5102,1
6,29,1
641,780,1
3168,3842,1
4617,4832,1
955,1681,1
4171,2563,1
2833,2471,1
1277,2467,1
4548,4831,1
2463,2430,1
1524,270,1
2575,3301,1
4892,7062,1
2159,3627,1
735,3129,1
428,3563,1
677,676,1
284,871,1
3282,2444,1
362,683,1
3097,2506,1
4039,698,1
2385,2580,1
2244,2226,1
2287,5742,1
1418,2381,1
1811,2702,1
4606,2572,1
270,1173,1
533,532,1
2463,4219,1
2681,2471,1
3143,3320,1
2126,3531,1
2890,2291,1
6661,6026,1
4098,2398,1
1374,2546,1
129,1381,1
3716,3867,1
1034,1173,1
5870,1285,1
1194,1294,1
5123,3529,1
4609,3446,1
2767,1267,1
4417,4712,1
877,1897,1
2463,3849,1
3394,4808,1
546,665,1
369,2583,1
2204,1613,1
5989,5512,1
4063,2191,1
1156,2746,1
490,1805,1
6151,6302,1
604,5742,1
2270,4823,1
3986,2617,1
5141,6545,1
3580,3939,1
4226,3825,1
1131,794,1
32,5742,1
1002,1701,1
5102,6598,1
6114,2431,1
4315,3150,1
6154,6667,1
6151,7027,1
1478,1829,1
281,668,1
3140,2815,1
4522,4606,1
5093,4648,1
3807,1960,1
2742,3073,1
5769,6087,1
157,1492,1
2742,5563,1
1404,1094,1
6968,4477,1
4542,2522,1
4945,2233,1
762,1742,1
575,1802,1
6709,6001,1
3286,4480,1
68,198,1
126,18,1
4906,3306,1
10,729,1
2617,2057,1
626,930,1
5123,4226,1
2742,4558,1
632,1578,1
4377,5292,1
4717,3997,1
966,4730,1
1027,1473,1
2270,3719,1
947,826,1
2044,3189,1
669,4226,1
3189,4999,1
5514,2398,1
23,2518,1
1811,2756,1
4965,4892,1
2373,3134,1
3737,3861,1
499,4226,1
788,1664,1
2971,2323,1
1792,1790,1
6147,5092,1
2348,3134,1
4431,4641,1
4616,4414,1
2465,3222,1
6156,6420,1
1431,1609,1
3747,3816,1
490,891,1
2018,3816,1
3261,6029,1
4417,2357,1
3523,3521,1
1150,3160,1
2463,2657,1
2463,4287,1
5161,4676,1
1056,1059,1
647,277,1
8,50,1
513,512,1
3445,5539,1
3168,4299,1
681,546,1
1032,1192,1
2427,2740,1
1763,3046,1
5138,5784,1
3500,3320,1
2705,2357,1
1664,1001,1
6011,3453,1
1032,4031,1
1256,6038,1
947,1463,1
3330,3733,1
985,571,1
1205,1370,1
1471,3555,1
2055,2600,1
34,257,1
4596,6180,1
3807,4297,1
2425,3055,1
3387,1950,1
1420,2079,1
5792,2295,1
279,284,1
2617,2658,1
5104,4068,1
10,1829,1
2179,4098,1
1568,2270,1
1363,1514,1
2357,3580,1
1272,1259,1
5123,5141,1
1220,1393,1
5782,6218,1
432,572,1
3004,1493,1
3168,1828,1
5126,4443,1
5356,4272,1
2467,2521,1
1105,4924,1
6056,6733,1
2099,2864,1
4051,4621,1
4033,4656,1
1017,1704,1
5713,6755,1
697,2540,1
3147,5149,1
2916,1951,1
2518,4787,1
6096,5414,1
3283,2444,1
1658,2405,1
3150,6420,1
4445,4535,1
692,287,1
644,1039,1
755,1156,1
1363,1823,1
1393,1574,1
1486,1790,1
4063,3059,1
801,3845,1
3207,5490,1
3747,3248,1
284,1903,1
4892,4607,1
1681,6047,1
4377,4066,1
518,512,1
2787,2381,1
1890,2133,1
2137,2133,1
93,5792,1
916,2356,1
1029,743,1
3147,2563,1
237,546,1
2342,891,1
2090,2975,1
681,5563,1
2023,3045,1
2731,2123,1
6151,4664,1
3580,5688,1
10,832,1
3273,5075,1
10,1042,1
7,532,1
2261,1298,1
3204,3997,1
6308,6537,1
5131,6946,1
3168,1950,1
4910,3045,1
5736,6173,1
2810,3059,1
4616,4677,1
5685,5293,1
89,217,1
3446,5075,1
6156,6029,1
3898,2818,1
2453,2123,1
294,232,1
4591,4403,1
920,1724,1
34,150,1
5286,5376,1
1262,1349,1
2294,2270,1
284,4634,1
1822,3781,1
1961,2315,1
697,2420,1
4256,3541,1
3287,3146,1
1034,827,1
10,1423,1
5129,6693,1
340,803,1
5780,4616,1
1277,14,1
3143,1961,1
3990,3410,1
4118,4459,1
755,1796,1
3669,1192,1
13,573,1
1306,1260,1
4979,5375,1
2682,5209,1
40,203,1
1220,521,1
4374,4033,1
4600,4628,1
3672,2389,1
16,592,1
3111,4648,1
3444,4798,1
3149,1080,1
3733,1130,1
1894,874,1
2164,3189,1
36,1371,1
1298,2864,1
2348,6029,1
2758,3387,1
2289,1064,1
4180,5682,1
1420,1306,1
6176,5868,1
2348,6735,1
2610,2760,1
2246,3912,1
1233,1810,1
2328,1649,1
2064,6735,1
6152,6686,1
697,1940,1
4612,2584,1
4522,4952,1
4417,5061,1
1629,1651,1
5769,5868,1
3986,2956,1
2707,4988,1
6587,3020,1
1675,4558,1
2742,4822,1
4431,4878,1
2758,2163,1
5123,5420,1
1256,4164,1
2366,2864,1
2522,6151,1
157,505,1
1306,1050,1
1578,910,1
3267,6195,1
3224,2465,1
2348,6884,1
1890,874,1
3329,1589,1
5116,4543,1
1894,3901,1
3480,3033,1
4552,5996,1
4676,5179,1
1664,3861,1
1124,2838,1
3845,2997,1
6038,6149,1
5054,5050,1
3109,4535,1
1062,1814,1
3247,3904,1
6461,6456,1
2099,3129,1
3004,2465,1
4078,3644,1
5123,3189,1
1319,1306,1
3235,2697,1
3156,4275,1
4910,669,1
1032,3459,1
3148,756,1
4613,2956,1
4892,5514,1
1900,1701,1
1370,1747,1
2492,1613,1
3682,3331,1
2348,2071,1
305,4945,1
801,3653,1
2127,2125,1
2420,1315,1
3701,4924,1
4005,5019,1
1034,1699,1
4713,4335,1
41,751,1
2746,3138,1
3336,3097,1
2087,2038,1
68,797,1
3643,5109,1
285,1627,1
128,1088,1
2431,6123,1
6151,4447,1
6096,6717,1
2585,3781,1
3990,6538,1
3087,5928,1
4332,4077,1
2348,3719,1
4603,2382,1
34,316,1
284,657,1
2832,2270,1
284,2405,1
4617,4477,1
3679,4033,1
718,2582,1
320,2526,1
422,6123,1
5769,5237,1
1460,1096,1
674,1063,1
4543,6335,1
912,694,1
235,5505,1
3759,1130,1
3643,2301,1
5777,5420,1
697,4850,1
3681,2301,1
2,911,1
19,2296,1
3087,6015,1
1256,5933,1
6828,7109,1
5123,4720,1
111,553,1
3662,3152,1
1424,1670,1
422,6020,1
1349,391,1
3647,2044,1
2099,6598,1
5286,6454,1
1179,1088,1
2330,6180,1
28,4787,1
6803,6026,1
5488,6146,1
862,2270,1
2867,3148,1
2357,3585,1
5002,6986,1
1818,2361,1
6176,6502,1
1653,4634,1
24,208,1
5913,5293,1
163,340,1
2177,1201,1
2127,1562,1
7033,6415,1
130,326,1
4253,3581,1
36,248,1
2697,2127,1
221,1541,1
302,69,1
34,22,1
2756,2107,1
3733,3967,1
10,22,1
2425,3531,1
2525,2169,1
422,1294,1
719,1509,1
141,552,1
6029,3981,1
5373,5933,1
154,521,1
2270,2348,1
2444,5770,1
2908,1192,1
1351,875,1
4552,5240,1
5409,5405,1
1050,3169,1
294,2533,1
3087,4627,1
1235,1839,1
901,774,1
4960,6059,1
5146,5293,1
792,1514,1
2099,4297,1
2742,1178,1
2707,3360,1
603,820,1
3146,1655,1
2270,5405,1
2761,3248,1
1404,1594,1
3336,5375,1
698,817,1
2323,2790,1
2241,2226,1
5701,4256,1
2204,3046,1
4596,3644,1
34,234,1
1059,1253,1
1002,2348,1
4477,5073,1
6787,6798,1
1001,1892,1
1420,1106,1
19,153,1
2926,3885,1
4226,4066,1
1471,1456,1
4892,6334,1
6302,6173,1
2767,3109,1
2620,1567,1
719,2829,1
1562,1559,1
4552,3445,1
1589,2810,1
292,588,1
6106,5921,1
2742,2732,1
4717,5050,1
697,5966,1
2323,2580,1
4608,2815,1
780,1579,1
2343,6864,1
2477,2810,1
1477,2381,1
912,2018,1
3919,6733,1
1502,3004,1
4897,5987,1
6029,5687,1
2270,4552,1
2463,2572,1
284,694,1
2471,2301,1
3446,3002,1
1544,1320,1
3495,4808,1
6084,6510,1
1811,2331,1
924,3033,1
2364,2381,1
546,2465,1
1578,2352,1
5288,2810,1
680,3644,1
2727,2044,1
1880,885,1
391,3672,1
697,1275,1
2348,4875,1
5586,5105,1
4965,5405,1
4522,4672,1
10,1238,1
4914,5058,1
1062,2459,1
4502,6545,1
117,1184,1
1829,1594,1
2017,2430,1
1370,1790,1
4078,4801,1
4477,5505,1
3244,3169,1
917,2138,1
6151,6752,1
697,2457,1
1420,1670,1
917,1128,1
3929,3004,1
904,270,1
2425,1420,1
3990,4456,1
2164,4787,1
882,915,1
1961,3457,1
665,682,1
1938,1649,1
2396,2063,1
2164,2158,1
3799,4275,1
5782,6752,1
3147,5073,1
2456,3647,1
1098,1094,1
23,546,1
2270,1178,1
5786,6218,1
5118,5864,1
1811,2758,1
2465,3169,1
4809,3096,1
6335,6454,1
1608,1607,1
3314,5167,1
1205,1961,1
5104,5102,1
2061,2145,1
2657,5921,1
5129,5125,1
1205,1393,1
1035,3320,1
5129,4256,1
165,239,1
674,911,1
141,871,1
910,3591,1
2746,3972,1
718,910,1
26,361,1
5129,5784,1
3211,2204,1
578,1183,1
5127,5139,1
4696,4310,1
4588,4118,1
766,2706,1
1951,5590,1
2461,1493,1
1415,6693,1
5,1427,1
4300,3286,1
1050,1142,1
1420,2291,1
4093,3148,1
4542,4672,1
445,76,1
3147,1192,1
692,926,1
6931,6777,1
3794,3649,1
5145,2747,1
2202,4403,1
4068,4177,1
1277,2208,1
2223,2224,1
1420,4149,1
696,1940,1
10,615,1
1485,1237,1
148,2377,1
4602,5796,1
1298,2163,1
966,7029,1
306,536,1
5572,767,1
422,641,1
3206,3939,1
3261,6248,1
4582,4672,1
490,3301,1
9,141,1
3150,2815,1
1147,972,1
1370,1464,1
1237,6218,1
5043,3286,1
502,1796,1
1615,1405,1
2023,4233,1
1040,1001,1
743,2124,1
1627,2394,1
2372,2122,1
3583,2397,1
4617,4602,1
4606,4610,1
2142,1830,1
1027,4265,1
2417,3781,1
3598,2617,1
609,693,1
422,1260,1
246,1173,1
2721,5050,1
642,1940,1
76,653,1
2287,2738,1
2357,5706,1
6817,4447,1
2158,2467,1
2127,2564,1
4603,4617,1
4616,6537,1
1420,1643,1
6335,6585,1
5124,5685,1
6151,6038,1
5286,4634,1
2548,2477,1
3082,3316,1
99,118,1
3140,4616,1
1909,4588,1
1502,4525,1
4033,6085,1
3325,2124,1
2600,7109,1
286,1296,1
4190,3154,1
4543,5630,1
576,2617,1
1235,1640,1
3584,2018,1
285,1450,1
4606,5330,1
1233,1578,1
632,3457,1
6059,5800,1
381,944,1
4602,3981,1
2463,2492,1
6674,5616,1
3465,5050,1
6839,6001,1
2425,369,1
3152,4805,1
2260,1935,1
4977,5247,1
1319,1897,1
3848,4788,1
951,1640,1
6180,3020,1
4177,6916,1
6548,3644,1
3286,4052,1
546,7068,1
872,896,1
3716,779,1
2469,2818,1
284,1290,1
2463,2465,1
2617,2435,1
1344,1349,1
1156,2343,1
2062,2258,1
2172,3059,1
1415,4628,1
3465,3248,1
10,1456,1
4483,2829,1
2043,2815,1
1363,1534,1
3543,3842,1
495,3861,1
2043,1244,1
2522,5630,1
2975,3315,1
2657,2425,1
578,933,1
3149,3719,1
5783,6047,1
3227,2465,1
4606,5209,1
6305,4366,1
2467,3825,1
2044,698,1
163,2172,1
3794,4310,1
2099,1184,1
974,1096,1
5043,4819,1
1468,1143,1
6172,4414,1
78,161,1
5488,6335,1
5782,6598,1
1811,4945,1
1578,1559,1
2703,2507,1
2689,2698,1
6003,5145,1
11,1,1
4684,1372,1
2808,1613,1
414,2732,1
4831,2815,1
693,1355,1
1105,1609,1
6265,5534,1
1150,2864,1
5141,6306,1
5889,5996,1
3013,1933,1
1184,3452,1
3654,2079,1
1951,3146,1
112,2262,1
546,545,1
2126,2127,1
866,4286,1
1105,1989,1
35,807,1
2871,1761,1
913,645,1
1664,2438,1
5470,6565,1
11,3816,1
2812,4480,1
1105,698,1
756,5772,1
3330,3873,1
2761,2607,1
3995,4171,1
36,5641,1
3033,4427,1
1168,3627,1
2785,2787,1
6560,6809,1
826,2019,1
5286,1235,1
3649,4979,1
2476,3034,1
1205,1143,1
6308,5289,1
6151,4477,1
4597,5050,1
1035,2511,1
34,161,1
2063,2053,1
3631,3630,1
912,6190,1
943,1344,1
766,1584,1
3376,2366,1
1553,2872,1
1095,1063,1
5151,5983,1
1460,2270,1
1420,4694,1
2617,2377,1
105,4537,1
3150,4217,1
4784,3189,1
2463,5537,1
2531,5966,1
5190,5198,1
626,4177,1
23,1707,1
1686,2607,1
4943,5688,1
1900,948,1
5002,5131,1
3004,3255,1
1141,2617,1
2617,2975,1
1168,1491,1
1018,857,1
48,988,1
10,1375,1
680,4177,1
2263,2394,1
1256,1829,1
3716,3033,1
2463,5324,1
53,122,1
4606,4823,1
2127,2761,1
3168,5034,1
803,963,1
1235,1432,1
663,640,1
286,1483,1
1415,5767,1
1002,4444,1
3681,3147,1
1035,1450,1
6067,1420,1
5058,5075,1
6462,6614,1
4606,4463,1
2758,2315,1
5469,2398,1
2571,1853,1
2697,3619,1
6024,5966,1
2323,4444,1
4222,4672,1
6964,3644,1
3653,1192,1
284,915,1
2712,698,1
3809,4621,1
1139,1150,1
1062,2546,1
2457,3160,1
742,747,1
1420,2838,1
3277,1197,1
1001,857,1
1034,2847,1
4607,4648,1
2813,3406,1
888,154,1
1602,2044,1
29,138,1
3204,2758,1
2270,4272,1
2705,3152,1
2908,2975,1
3668,4676,1
4972,3644,1
5651,2348,1
4417,2466,1
2071,3360,1
1032,2377,1
2017,3160,1
669,6456,1
1050,1574,1
48,399,1
3687,5157,1
910,1491,1
4607,4522,1
4561,5102,1
155,1761,1
3222,2348,1
1268,1106,1
6004,5145,1
3151,4272,1
284,154,1
6426,6595,1
578,2289,1
1370,756,1
3004,2571,1
626,237,1
4033,4031,1
1173,2691,1
1281,1278,1
912,3108,1
1408,1060,1
1394,2850,1
41,749,1
2786,2732,1
292,1395,1
10,1404,1
680,1026,1
4672,817,1
5813,6020,1
3747,3147,1
2246,5929,1
531,668,1
3113,4108,1
3059,4059,1
5469,5928,1
5092,5966,1
422,3347,1
3990,6733,1
2025,1574,1
56,332,1
3150,6456,1
5218,6693,1
2841,6302,1
1348,3280,1
3618,3807,1
5736,5107,1
1192,1464,1
3005,3004,1
1351,4217,1
697,2079,1
6734,2810,1
2742,3347,1
1256,1937,1
3653,4129,1
391,5983,1
4809,817,1
4617,1811,1
3152,4517,1
591,616,1
6029,4788,1
2377,2691,1
2270,2323,1
5141,3585,1
4115,1960,1
1969,1485,1
1018,780,1
1192,740,1
2705,4210,1
4576,2398,1
4226,6248,1
2890,3248,1
2741,778,1
4828,4226,1
3643,4489,1
3643,2476,1
1142,3242,1
5116,3854,1
904,2976,1
1043,1208,1
1374,2291,1
3027,1567,1
286,874,1
638,922,1
3580,5132,1
1880,2258,1
19,681,1
2099,3848,1
138,859,1
1890,1824,1
2046,1237,1
3336,4872,1
1050,1830,1
1272,2625,1
2357,5766,1
3287,2980,1
2548,5588,1
5029,3901,1
1348,2381,1
4482,5161,1
2287,2810,1
1732,1730,1
2057,2224,1
4893,3781,1
6151,6913,1
10,1835,1
3330,4007,1
4522,6479,1
98,50,1
904,2430,1
2207,1795,1
5,1116,1
251,24,1
3672,5236,1
4617,5706,1
4444,4945,1
2328,2444,1
419,474,1
99,6380,1
150,1579,1
3286,4403,1
154,1623,1
133,6085,1
1356,1676,1
1263,743,1
422,875,1
1471,215,1
3893,3939,1
1482,4648,1
6794,7109,1
1831,2787,1
2343,2546,1
1220,1027,1
3168,3124,1
5836,2431,1
2365,2361,1
3580,14,1
1250,1770,1
2687,1594,1
2707,5107,1
6026,6161,1
2374,4233,1
1069,321,1
719,3475,1
3109,5065,1
2282,2976,1
1046,2582,1
10,1723,1
1990,1989,1
1178,1814,1
1141,1613,1
4892,6679,1
133,248,1
6369,2810,1
3287,2863,1
5301,7029,1
6415,6667,1
2348,4149,1
1001,187,1
1303,1306,1
1035,3406,1
5874,5293,1
2427,2204,1
285,4788,1
822,505,1
6029,2295,1
2132,2752,1
1041,521,1
2127,2066,1
697,6861,1
3313,5916,1
5051,5043,1
5334,4606,1
1672,2434,1
54,168,1
4603,4118,1
3149,4517,1
3465,3685,1
2447,5792,1
718,3932,1
3140,4621,1
2658,3034,1
681,1130,1
2762,2357,1
3465,4522,1
4004,3045,1
776,3138,1
1319,855,1
753,616,1
3263,2756,1
1035,2477,1
3204,2127,1
1814,1173,1
3109,3295,1
2600,4672,1
4169,2044,1
3097,756,1
4964,3529,1
2267,6614,1
5792,5734,1
1314,2765,1
1032,3019,1
4629,6770,1
1314,2698,1
3824,3303,1
6096,6755,1
2747,1351,1
950,1968,1
2752,1613,1
719,4226,1
3303,3867,1
1650,1493,1
888,1088,1
3153,3956,1
743,910,1
4961,14,1
2461,2872,1
641,1579,1
1366,1486,1
3541,5126,1
2431,3148,1
6548,6173,1
286,901,1
6171,5237,1
2790,4059,1
2431,6415,1
1192,1493,1
3722,3971,1
3313,6020,1
28,4573,1
2331,1578,1
1336,2476,1
2348,5317,1
24,684,1
2177,4852,1
1141,735,1
126,2740,1
398,606,1
2377,187,1
1880,1578,1
29,342,1
292,751,1
1502,3347,1
2589,2465,1
2101,1272,1
2459,2863,1
6652,6087,1
1359,1676,1
3329,2761,1
3140,2760,1
5102,5563,1
857,1924,1
6918,4961,1
2464,1275,1
1256,4961,1
3987,2617,1
3854,3334,1
4496,3719,1
1656,910,1
22,883,1
7,608,1
4502,6782,1
3701,1420,1
4506,5929,1
5786,5141,1
4609,4286,1
910,1898,1
6514,6920,1
105,6420,1
398,2600,1
1938,3124,1
144,963,1
1664,1658,1
1356,1635,1
683,638,1
6862,6861,1
80,138,1
3313,3242,1
887,936,1
3534,3580,1
4477,4489,1
6307,6585,1
1050,2995,1
69,676,1
4981,4720,1
972,1824,1
1471,1393,1
838,916,1
3314,5292,1
5713,6332,1
105,6173,1
5,163,1
1029,1437,1
1562,910,1
242,606,1
3152,4552,1
169,3644,1
119,1404,1
1447,1823,1
6147,6050,1
2841,2976,1
4261,4541,1
3681,4606,1
5782,6537,1
591,2540,1
1608,3331,1
4374,3446,1
1349,1503,1
37,838,1
4892,6819,1
2463,2477,1
4430,2357,1
1219,1088,1
6305,6585,1
723,5209,1
5709,5916,1
1192,2396,1
1150,1062,1
5612,4477,1
490,1823,1
4477,6065,1
1763,3108,1
860,755,1
1256,3763,1
2733,1062,1
528,4172,1
2800,2057,1
972,853,1
3360,6545,1
1026,1168,1
6176,7080,1
3145,3800,1
910,1386,1
718,3521,1
2260,1275,1
1256,3848,1
3189,5240,1
286,909,1
4548,2370,1
934,1278,1
3668,2850,1
3575,3661,1
1587,1579,1
1533,832,1
1035,1432,1
4430,6015,1
6853,6819,1
2459,2477,1
4279,5155,1
755,1901,1
1699,3701,1
3157,2563,1
1783,2381,1
3990,3465,1
2763,3195,1
10,379,1
23,4275,1
1664,3059,1
4850,5034,1
3270,3320,1
1079,1264,1
1069,373,1
2471,4628,1
5822,1420,1
644,1937,1
5043,5666,1
910,1829,1
1342,948,1
1050,1584,1
4943,4222,1
132,363,1
3087,5983,1
1178,3518,1
4606,4256,1
2676,1664,1
4463,62,1
169,428,1
422,2697,1
1105,1080,1
1420,1816,1
4038,5146,1
2347,3307,1
5015,5293,1
1664,428,1
951,1611,1
235,972,1
2463,3619,1
312,316,1
5317,5563,1
4919,4730,1
1509,2133,1
3189,4066,1
253,1184,1
1105,3306,1
2823,2863,1
964,2018,1
4892,4870,1
404,498,1
126,5222,1
1256,5734,1
4943,5534,1
3444,4275,1
1256,3926,1
755,1483,1
160,1059,1
6152,6794,1
1471,1805,1
6019,6178,1
148,1096,1
1235,1923,1
4020,4226,1
2460,3073,1
4463,3486,1
4919,5034,1
4599,6334,1
2867,2270,1
951,1392,1
5141,5127,1
1002,2575,1
1056,1486,1
3287,2420,1
1937,2158,1
3580,5743,1
533,638,1
3746,2172,1
3303,2127,1
3171,2017,1
3143,4299,1
1627,3320,1
1470,1519,1
1625,698,1
5675,5668,1
1625,3045,1
604,1128,1
5571,5430,1
2126,3203,1
254,208,1
6683,6833,1
4427,4541,1
3150,5247,1
1256,3854,1
10,1424,1
913,832,1
3222,2758,1
4287,3800,1
4068,4064,1
29,262,1
2600,6087,1
1349,1386,1
2043,1898,1
41,4233,1
5420,5125,1
2122,2091,1
4430,5586,1
37,167,1
1984,2511,1
4194,3619,1
3109,3529,1
398,1627,1
52,379,1
111,2289,1
3026,2607,1
726,3330,1
697,3140,1
6,239,1
5016,6993,1
2620,3624,1
910,3452,1
3151,2810,1
2738,2829,1
3678,2427,1
5870,6146,1
24,287,1
822,1364,1
3484,2566,1
391,4064,1
2657,3150,1
4943,3004,1
4482,5555,1
490,2566,1
5701,3303,1
3216,2492,1
1256,5105,1
669,6302,1
1559,4822,1
3406,2301,1
4149,4522,1
1393,2855,1
1478,1658,1
422,5065,1
2765,2617,1
285,2764,1
1056,1514,1
2366,4559,1
126,5554,1
279,936,1
3147,5666,1
1105,1909,1
751,765,1
4417,2521,1
2741,2487,1
2357,4961,1
105,5735,1
2747,5165,1
3672,3019,1
3444,5141,1
4417,4480,1
2762,3195,1
972,1096,1
5073,3153,1
1960,2191,1
3420,3097,1
4713,4164,1
2459,2912,1
5989,3392,1
3222,2430,1
1256,6281,1
5820,6993,1
6625,6637,1
2912,5050,1
2466,3150,1
1348,4822,1
6180,5185,1
1056,1143,1
2428,5292,1
1205,1810,1
4477,5930,1
2707,4312,1
1351,1640,1
1370,1486,1
719,680,1
6369,6510,1
3584,2059,1
5356,14,1
3525,3521,1
2048,3486,1
77,153,1
3087,4477,1
3164,1062,1
6192,3303,1
1124,1747,1
1056,2204,1
913,1512,1
2507,2425,1
4226,3045,1
2261,1951,1
1485,1613,1
3307,2673,1
285,2970,1
2427,1960,1
2064,5105,1
105,4616,1
639,615,1
4164,2466,1
3812,4068,1
6220,6161,1
3305,2177,1
2093,1814,1
1900,1968,1
2764,2477,1
4105,2191,1
725,277,1
1034,1804,1
4078,2818,1
5852,6598,1
719,1088,1
6146,4477,1
3775,263,1
3733,4403,1
1050,2867,1
1095,1295,1
2644,2226,1
3087,6084,1
5695,2810,1
50,612,1
4038,3701,1
2680,5925,1
3751,6585,1
3990,3286,1
19,4725,1
3873,6248,1
1205,1761,1
5236,2815,1
778,2425,1
3269,2575,1
144,926,1
3390,1285,1
2961,2970,1
2338,1795,1
2707,4700,1
4705,5207,1
1032,4676,1
1268,1510,1
1969,2046,1
4561,6777,1
3140,3781,1
6096,5431,1
2697,933,1
3444,3033,1
3538,2566,1
285,4477,1
3168,4558,1
4146,4672,1
4222,4996,1
2907,1493,1
1348,5590,1
4612,2079,1
6155,6726,1
6340,4813,1
1348,1256,1
4425,5628,1
2348,6380,1
3137,4610,1
3296,1828,1
4180,5799,1
2868,5117,1
4477,5414,1
3668,3242,1
1319,373,1
972,641,1
701,168,1
3135,2357,1
577,698,1
3147,4443,1
1062,1178,1
3409,2761,1
6957,4970,1
4612,3825,1
1900,2293,1
3975,4129,1
1583,1664,1
2810,2740,1
128,1579,1
1418,1358,1
1949,694,1
48,9,1
517,512,1
2761,383,1
527,572,1
3329,3519,1
1032,2582,1
1131,1393,1
1420,2731,1
1420,2133,1
3143,2531,1
4901,4867,1
4430,4098,1
6550,5161,1
1619,4216,1
1979,2438,1
972,2758,1
1306,1244,1
2531,2377,1
5129,4038,1
2533,4787,1
1035,3619,1
2600,2604,1
3722,3861,1
4979,2290,1
2657,4787,1
62,668,1
2373,5628,1
697,6454,1
4194,3140,1
6777,6776,1
4430,5125,1
4299,5616,1
2657,4999,1
7,535,1
23,495,1
864,2466,1
3054,2430,1
1256,6884,1
862,4787,1
6440,6809,1
1050,1814,1
4548,5132,1
1822,2617,1
4412,3653,1
1487,2451,1
5792,6403,1
1244,1664,1
279,800,1
2707,4552,1
351,237,1
1714,1260,1
2343,1130,1
5043,5736,1
2757,270,1
5792,5431,1
1256,4064,1
4226,4895,1
2705,4172,1
3649,2747,1
285,1924,1
1681,2580,1
4377,3465,1
3097,3147,1
724,898,1
4705,4061,1
5127,5534,1
10,903,1
4776,669,1
849,848,1
1166,1063,1
50,227,1
2420,2759,1
680,719,1
4604,5292,1
1027,1534,1
4377,3926,1
5431,4477,1
2680,3787,1
5043,4098,1
6431,6334,1
1063,1441,1
1050,2764,1
3746,3330,1
1447,2440,1
3172,2758,1
3150,4052,1
2654,2810,1
4738,5194,1
2263,2868,1
5173,4098,1
28,277,1
4892,3672,1
2666,3320,1
697,4213,1
2246,6598,1
1471,2872,1
872,624,1
896,1503,1
695,1392,1
4417,2997,1
1996,2434,1
134,2349,1
743,3763,1
2536,5139,1
3446,3598,1
981,1060,1
898,807,1
76,371,1
641,1408,1
3097,4059,1
5176,4924,1
2758,4108,1
8,24,1
3267,3453,1
2600,2747,1
1142,1136,1
419,43,1
4272,817,1
1032,5194,1
3682,3781,1
697,5019,1
641,1398,1
2177,5087,1
12,227,1
5614,6510,1
904,2123,1
23,1892,1
3654,5878,1
3143,4828,1
4720,14,1
5586,5871,1
93,239,1
1031,2893,1
1458,1607,1
5137,4226,1
4180,5685,1
1050,1915,1
788,571,1
77,76,1
3647,3541,1
4066,669,1
1408,1366,1
2270,2756,1
4892,5375,1
546,28,1
5695,6653,1
5286,5799,1
1095,1456,1
4719,2657,1
683,859,1
2971,3531,1
981,2071,1
2357,2522,1
3672,3867,1
3653,3320,1
1095,51,1
4599,6149,1
1835,2074,1
40,395,1
2697,2548,1
6154,6591,1
5,888,1
1835,1676,1
284,1944,1
587,2058,1
3672,3140,1
1002,1923,1
285,5534,1
5116,4552,1
1260,1258,1
2377,2968,1
4149,4867,1
285,2032,1
1370,2506,1
697,6087,1
3146,3719,1
904,2017,1
951,950,1
2763,5772,1
3596,2607,1
1420,2518,1
5149,6755,1
7014,5782,1
5929,6178,1
1447,1051,1
5918,5105,1
1363,1742,1
118,3971,1
1306,3591,1
1306,2294,1
28,248,1
1686,1730,1
3654,2158,1
2767,2850,1
4548,4677,1
674,698,1
4606,3679,1
3446,4129,1
5123,4602,1
2505,817,1
5298,5329,1
4417,1197,1
792,521,1
4463,4788,1
167,2427,1
1222,1088,1
6123,4444,1
3097,2124,1
1669,5070,1
5105,6203,1
10,1611,1
2447,5228,1
5131,6502,1
669,6399,1
1835,1928,1
41,1915,1
1002,1386,1
4222,4256,1
3409,4867,1
3210,5983,1
1530,4543,1
1306,1745,1
11,774,1
6810,6990,1
4149,5987,1
1366,1106,1
1256,3679,1
5087,4226,1
4892,4687,1
2126,1267,1
1835,1919,1
2998,2381,1
1262,2381,1
3283,1184,1
1949,2048,1
2467,5324,1
5329,4912,1
2705,1184,1
2464,1761,1
2421,1178,1
2338,2707,1
1890,1977,1
1063,735,1
10,616,1
6029,3644,1
372,6085,1
4228,1192,1
4437,4558,1
4892,4177,1
3919,4617,1
912,1734,1
2327,2546,1
5420,5474,1
2127,3301,1
7098,5800,1
4801,4033,1
286,1423,1
697,5633,1
2366,3040,1
3444,1851,1
119,24,1
2742,2492,1
6148,7109,1
571,1039,1
5099,5496,1
5750,6244,1
2841,2810,1
68,1088,1
5123,4835,1
1244,1486,1
1487,962,1
1720,1578,1
294,797,1
3478,3521,1
3441,3781,1
28,3097,1
747,1035,1
4944,2522,1
16,614,1
10,703,1
2760,1420,1
2285,1681,1
36,983,1
3147,3148,1
2975,2995,1
4561,4648,1
743,1266,1
1366,948,1
755,2048,1
5129,6420,1
642,719,1
4606,4449,1
285,1944,1
6218,6180,1
6151,6876,1
3747,3904,1
284,1509,1
1578,2133,1
3575,2697,1
1806,1156,1
422,6546,1
954,6050,1
1420,2430,1
1040,1064,1
1458,2270,1
3464,2756,1
1110,2790,1
1256,1649,1
2973,3301,1
5680,4952,1
4377,3360,1
1145,972,1
5889,5967,1
1063,1372,1
4831,4979,1
284,5087,1
2177,2301,1
5539,5126,1
3632,3630,1
4147,4079,1
604,3956,1
422,6752,1
6056,4835,1
1478,695,1
5,122,1
5123,5987,1
4603,3446,1
5818,4672,1
982,5126,1
133,3303,1
1050,1730,1
638,292,1
1063,1128,1
1244,1370,1
1029,857,1
3150,4164,1
3394,3866,1
5,18,1
10,234,1
3314,5612,1
63,210,1
4330,4999,1
5123,6050,1
3990,4312,1
912,2074,1
2548,3301,1
36,18,1
3654,4823,1
2179,4822,1
6812,7021,1
5185,4149,1
1032,489,1
4617,5641,1
3360,3320,1
398,1260,1
41,774,1
1050,2301,1
3140,2064,1
5522,6512,1
3109,3315,1
2788,1761,1
237,1681,1
4108,3320,1
3991,1238,1
3643,5232,1
5674,4672,1
4430,2079,1
1050,2381,1
222,2556,1
289,5027,1
2581,3487,1
4640,5966,1
5058,5641,1
719,807,1
5286,3585,1
605,2226,1
222,64,1
1617,505,1
7,605,1
2397,2328,1
284,3059,1
3124,1585,1
1172,29,1
1578,4672,1
1277,1432,1
6151,6613,1
3059,428,1
5043,5743,1
2382,3464,1
2329,2420,1
2062,1664,1
3655,3059,1
1398,271,1
681,3521,1
10,2863,1
1949,1298,1
3653,1627,1
4948,4427,1
3143,3649,1
4603,4808,1
966,1064,1
1306,6107,1
1050,5573,1
2169,1298,1
4892,5073,1
285,2348,1
2456,3252,1
656,1509,1
4892,6667,1
9,27,1
3313,6050,1
3296,1141,1
697,4463,1
1593,2747,1
2427,3719,1
3189,5165,1
24,221,1
3189,3701,1
6176,6307,1
2064,3248,1
5727,5768,1
29,125,1
2431,6085,1
1366,1480,1
4412,5929,1
3296,3295,1
14,3045,1
1370,1805,1
3898,4177,1
4616,5733,1
1078,917,1
6156,6717,1
862,1062,1
2658,2166,1
581,4672,1
2331,694,1
1477,1131,1
3059,1493,1
2971,3255,1
5586,6181,1
3643,5240,1
2032,962,1
3745,3045,1
1924,1366,1
1306,2975,1
1050,4482,1
1256,1699,1
169,3571,1
2813,2765,1
4607,6537,1
1824,2580,1
5,1390,1
1949,2360,1
3444,4552,1
1471,1503,1
3465,3330,1
4892,6990,1
5359,4543,1
3546,4210,1
1420,2871,1
284,321,1
1524,1424,1
4576,5738,1
1650,2976,1
6633,6307,1
5149,5161,1
57,332,1
4180,1675,1
2765,2038,1
5289,2810,1
1018,896,1
5664,2398,1
713,588,1
5783,4068,1
2169,2451,1
5591,3644,1
2766,2044,1
3168,3691,1
4552,4730,1
1487,2863,1
3286,4079,1
766,2556,1
3654,3004,1
4852,4118,1
912,2583,1
3719,3867,1
6151,6637,1
2032,778,1
2041,2004,1
1424,1493,1
1907,4628,1
3653,4424,1
38,2301,1
5043,6261,1
5,361,1
3853,2191,1
3148,2850,1
1168,1332,1
1363,1392,1
4910,5767,1
4261,6619,1
2705,4217,1
6810,6953,1
4377,4517,1
1458,1491,1
591,2690,1
4897,5613,1
5474,6546,1
912,2224,1
6412,6123,1
6335,6412,1
3647,3645,1
967,6653,1
1420,948,1
242,3347,1
910,1559,1
2814,4827,1
1356,1703,1
3296,2397,1
783,3347,1
1128,1184,1
697,4431,1
2348,2968,1
3151,2389,1
2763,1062,1
6252,2295,1
697,3984,1
1703,3134,1
157,1423,1
1373,1437,1
1485,1486,1
1363,1607,1
4346,4118,1
5151,5152,1
105,5573,1
2071,3581,1
202,551,1
2394,2759,1
2758,2032,1
4149,5666,1
2018,3097,1
5356,6180,1
3146,3315,1
3336,1950,1
3681,4999,1
3554,3529,1
4892,6415,1
3164,2467,1
2946,3845,1
3654,3261,1
3328,3446,1
4038,3150,1
499,237,1
701,681,1
697,4312,1
5680,4910,1
3672,1828,1
1314,3134,1
873,871,1
5522,5966,1
719,1021,1
2126,3046,1
3222,2373,1
6147,6585,1
4823,2600,1
1478,1492,1
133,332,1
1420,5933,1
2170,2398,1
3475,2301,1
3701,5092,1
2707,2761,1
2063,5065,1
6114,5329,1
81,546,1
1050,6770,1
3997,3956,1
10,1384,1
2746,4813,1
3313,2756,1
4672,5149,1
6923,5800,1
6462,5139,1
2062,3956,1
2127,2531,1
28,205,1
7052,7048,1
167,1184,1
78,4499,1
5127,5317,1
1192,2202,1
1471,3488,1
155,2582,1
4542,4610,1
912,2133,1
1256,3124,1
78,764,1
2810,3531,1
1814,1358,1
2707,4569,1
3147,3967,1
4643,4641,1
5572,6227,1
2463,2301,1
5571,4261,1
1267,1453,1
5238,2079,1
5780,4213,1
723,739,1
3168,3672,1
2617,3800,1
3293,1567,1
1675,1730,1
2762,2868,1
910,948,1
2373,2815,1
134,855,1
5270,5768,1
4061,4558,1
5512,5668,1
1205,1695,1
5420,5292,1
2425,4787,1
4600,2191,1
766,2759,1
3033,4118,1
4300,5682,1
292,937,1
1477,916,1
4613,4700,1
4897,2233,1
972,2759,1
1050,2122,1
6926,4773,1
3298,2842,1
6069,6123,1
1035,2838,1
5,536,1
2980,1761,1
107,805,1
912,5624,1
4606,5317,1
5768,5864,1
756,2381,1
2468,2435,1
2348,3594,1
2763,2372,1
2477,2455,1
279,3148,1
2043,2455,1
81,32,1
157,76,1
2371,2492,1
2348,3045,1
1142,1892,1
4677,4449,1
490,2183,1
4194,4297,1
3331,2507,1
2507,2377,1
912,1892,1
2706,3301,1
3897,2348,1
3156,5799,1
4223,4217,1
5226,6998,1
10,1643,1
6156,6293,1
3082,2758,1
10,62,1
5768,6060,1
1578,2183,1
294,253,1
5790,2600,1
1032,936,1
78,3701,1
1366,1734,1
23,498,1
1898,1897,1
6180,4477,1
2866,4634,1
6152,6819,1
2382,2759,1
6043,7080,1
5002,4606,1
4616,5864,1
872,680,1
281,1432,1
13,1802,1
2315,2864,1
3701,5194,1
1415,1003,1
1256,4827,1
4616,5376,1
981,1514,1
5583,4287,1
5148,5767,1
6151,6986,1
638,1115,1
150,6001,1
2348,3939,1
2372,4787,1
1949,1937,1
1627,1804,1
1951,1184,1
155,1256,1
3733,2191,1
3807,2617,1
4828,4444,1
1763,1937,1
525,5868,1
99,5375,1
1246,6026,1
310,207,1
3303,4672,1
4430,5152,1
3286,3751,1
5706,6585,1
4522,3475,1
53,4672,1
1177,1215,1
2270,3495,1
292,1376,1
4377,4576,1
3168,2044,1
3319,1330,1
864,2567,1
237,1676,1
6026,7109,1
1235,1793,1
2867,1585,1
38,1578,1
1054,1052,1
6056,6614,1
917,1116,1
4811,4808,1
2758,2787,1
4522,4628,1
587,753,1
5431,5966,1
718,963,1
2762,2575,1
1801,910,1
5657,2398,1
1458,1578,1
2055,5770,1
3145,3972,1
1306,2471,1
6430,4463,1
1393,2427,1
3146,3033,1
3415,2980,1
5377,4272,1
2044,3939,1
4607,5141,1
1131,1056,1
2431,7021,1
2908,2366,1
805,889,1
2810,6726,1
3061,1675,1
3087,3306,1
2628,5247,1
4892,3261,1
10,857,1
6811,7062,1
5514,5222,1
2348,5563,1
910,1629,1
43,944,1
3710,3972,1
165,2375,1
5602,6946,1
1277,1421,1
5043,3729,1
3314,4628,1
5019,3427,1
3667,3242,1
3087,6181,1
4300,3701,1
2471,1130,1
1672,1890,1
2294,2287,1
1358,1060,1
743,1464,1
5317,5857,1
1131,1480,1
4430,3189,1
2162,2343,1
2431,1585,1
3275,2893,1
3146,669,1
1032,1483,1
6674,6161,1
1034,489,1
3575,3630,1
6155,6087,1
12,196,1
698,815,1
3986,5207,1
2377,4499,1
6024,3644,1
1682,874,1
172,278,1
169,1795,1
6043,7029,1
5786,1820,1
1450,2323,1
2706,3148,1
955,4672,1
4617,3997,1
5634,6608,1
1095,2976,1
6029,6107,1
398,284,1
4172,6165,1
2096,2434,1
2617,3645,1
910,2125,1
1098,1214,1
1141,3148,1
3303,4499,1
1961,6598,1
3990,3360,1
2127,1830,1
489,896,1
5488,6809,1
5042,2531,1
2123,2372,1
14,50,1
398,2071,1
4677,4427,1
284,262,1
2431,6512,1
2742,3519,1
1669,1594,1
2467,2377,1
2348,2711,1
38,5505,1
1578,2018,1
3990,3152,1
6700,3020,1
3425,3939,1
1458,1514,1
4370,6733,1
3155,3580,1
2465,2571,1
3248,3150,1
5138,5145,1
197,2451,1
3437,3169,1
5586,1820,1
4892,4456,1
3248,2518,1
2270,1951,1
5821,5925,1
105,5827,1
2100,3387,1
3087,5630,1
4164,4098,1
1699,3154,1
1059,1353,1
4676,5247,1
1117,1056,1
3056,5554,1
1949,2405,1
4310,4610,1
1447,1106,1
1447,2970,1
1740,7080,1
1506,1643,1
4720,5799,1
1116,3531,1
1205,1450,1
5539,5736,1
719,883,1
3147,1197,1
1375,2331,1
4962,4720,1
2707,4335,1
4543,5019,1
701,1353,1
3058,2980,1
1306,1631,1
10,2291,1
587,287,1
242,853,1
1105,1643,1
1801,51,1
4607,6585,1
4604,4819,1
5880,4463,1
1806,2980,1
2658,1900,1
3654,3529,1
5185,6537,1
1263,1976,1
1050,1835,1
1949,1256,1
4150,3845,1
1110,2123,1
1941,1961,1
2126,3149,1
1984,2532,1
1915,3691,1
1938,885,1
1984,2970,1
3087,5563,1
5376,5292,1
5135,5132,1
638,657,1
3140,4924,1
2348,1541,1
4617,6429,1
5769,5932,1
2071,1064,1
527,669,1
2348,2516,1
4223,4427,1
3486,3464,1
4522,5864,1
5921,6412,1
5493,5966,1
2425,2566,1
453,812,1
587,4233,1
105,1670,1
860,1390,1
4417,4482,1
3143,4033,1
1458,1106,1
4502,4522,1
2376,2057,1
3800,2091,1
1471,3751,1
6307,6752,1
6021,2600,1
286,783,1
3977,4641,1
2503,694,1
4417,4648,1
3654,5624,1
289,2226,1
3330,698,1
2348,6990,1
4500,6876,1
3360,4730,1
1256,5929,1
6914,6415,1
2742,2567,1
2126,1197,1
3584,3630,1
157,774,1
245,406,1
3444,2531,1
1018,901,1
6812,6302,1
3679,3242,1
6151,6585,1
2431,4032,1
3390,1184,1
3885,3248,1
1458,1503,1
2850,3034,1
5138,5682,1
4177,6861,1
857,51,1
904,1585,1
1128,1448,1
1359,807,1
3420,4687,1
6810,6986,1
2398,2395,1
2971,2970,1
1371,1441,1
3807,3134,1
3293,2810,1
4566,4033,1
1838,1898,1
1837,1358,1
5141,5966,1
3466,3651,1
5129,6798,1
535,521,1
6149,2733,1
5514,4634,1
3904,4157,1
6548,6946,1
2166,1684,1
2761,3203,1
2164,4961,1
423,239,1
2394,3252,1
2811,2765,1
4289,3647,1
862,2970,1
2680,3169,1
2764,2658,1
626,1064,1
3314,6038,1
1686,1810,1
6441,5925,1
3293,2787,1
1664,5058,1
3722,3387,1
4910,4552,1
28,217,1
2030,3521,1
1326,1205,1
422,2850,1
1404,14,1
575,571,1
2017,321,1
4916,6415,1
6521,6306,1
3145,4172,1
2457,3733,1
3747,3624,1
1625,2691,1
4361,5185,1
4503,6203,1
5437,6479,1
1235,1486,1
6151,6647,1
4696,5293,1
279,827,1
10,1589,1
4430,5165,1
4522,4449,1
4608,4828,1
3765,3189,1
3302,3148,1
6007,5107,1
1027,1453,1
1961,2617,1
2357,6794,1
41,44,1
2871,3073,1
2897,3320,1
5306,14,1
7014,6833,1
285,1734,1
2707,3901,1
340,410,1
4164,3096,1
2467,5240,1
2062,1669,1
3248,3307,1
4617,5139,1
5245,3765,1
3314,3168,1
2127,2124,1
698,963,1
55,2381,1
855,1584,1
2301,4291,1
1880,862,1
2261,1594,1
2394,2847,1
4149,4628,1
1669,778,1
966,6705,1
2673,3849,1
2420,2698,1
2763,3255,1
6812,1372,1
106,2190,1
904,2697,1
5218,6114,1
1235,1151,1
375,363,1
2758,3287,1
23,2361,1
2328,3301,1
1890,2732,1
2126,3349,1
674,2438,1
3124,2204,1
6084,2600,1
4613,4605,1
134,1244,1
6388,6667,1
6056,5286,1
669,5430,1
4430,2074,1
3313,4798,1
3212,3059,1
3248,3138,1
3273,5496,1
3446,4283,1
966,1951,1
3009,6777,1
1240,237,1
1002,5904,1
1949,2567,1
4607,3926,1
422,4832,1
1951,2372,1
3097,3956,1
2851,2847,1
1951,3444,1
1095,1924,1
6560,7021,1
718,1523,1
48,789,1
5640,5292,1
14,605,1
6462,7029,1
718,4131,1
1890,2053,1
4226,6399,1
208,1355,1
10,556,1
3155,4108,1
2127,3097,1
5043,5735,1
697,3465,1
3149,4480,1
4897,5395,1
2750,3238,1
3151,5153,1
697,4819,1
99,1501,1
2348,6993,1
4430,4463,1
232,797,1
1069,4822,1
718,1890,1
340,768,1
340,753,1
604,239,1
105,6293,1
6587,4522,1
5280,3261,1
1996,2731,1
2425,3307,1
138,363,1
1471,1897,1
2152,1562,1
3147,4517,1
934,1658,1
3716,3150,1
5129,6454,1
3773,2607,1
3737,3867,1
1370,3150,1
2425,4459,1
2159,2062,1
2431,3585,1
2063,3781,1
5548,4628,1
6710,6537,1
1421,3301,1
45,50,1
19,1112,1
6151,5734,1
3599,1892,1
2506,2575,1
5470,5624,1
4943,5586,1
292,1631,1
1949,1664,1
5,239,1
2890,1945,1
492,50,1
23,653,1
2471,5983,1
283,278,1
967,1523,1
3990,6585,1
2034,2169,1
3893,3330,1
4613,5222,1
1259,1370,1
2420,2487,1
4543,3679,1
1192,2226,1
5129,5058,1
546,1088,1
2476,4164,1
4417,5925,1
4377,3529,1
4602,6024,1
3643,5117,1
4502,6546,1
5151,4910,1
2348,4480,1
5680,6876,1
1658,6819,1
3746,3147,1
1597,4705,1
735,743,1
534,532,1
3314,2810,1
18,80,1
1097,1184,1
2518,4852,1
6626,6173,1
680,1143,1
4417,2831,1
3140,5146,1
4335,4427,1
4897,3486,1
2000,1014,1
3324,2471,1
279,640,1
1445,864,1
4943,4813,1
2101,3531,1
1890,2172,1
6156,3009,1
1420,2566,1
1895,1803,1
7,568,1
910,5682,1
2348,884,1
4738,7062,1
964,892,1
5820,5864,1
3654,5117,1
3598,4875,1
3154,6789,1
1002,3295,1
1786,1061,1
3157,4063,1
398,2871,1
1370,1096,1
5,196,1
6096,6180,1
2099,3661,1
7,614,1
169,1142,1
2591,2071,1
1024,2381,1
5148,6479,1
665,660,1
3989,3581,1
1035,2582,1
3672,4097,1
3643,2995,1
1370,1555,1
1555,4616,1
3990,5734,1
7,210,1
5317,5734,1
6697,6693,1
1102,1512,1
122,393,1
5983,2348,1
4616,3004,1
5493,5155,1
1838,5282,1
1205,698,1
2127,3531,1
3316,2507,1
3672,3306,1
2456,575,1
1940,2583,1
3643,5996,1
345,933,1
656,1064,1
4965,4730,1
4654,5293,1
3087,4696,1
2548,2658,1
2747,4377,1
163,926,1
4819,4463,1
6434,4444,1
1853,2477,1
5783,3392,1
1900,2226,1
4904,2584,1
2866,6998,1
2658,2381,1
4609,2382,1
2758,3320,1
2342,1267,1
2207,2381,1
1445,2871,1
904,2968,1
1050,2583,1
2328,3059,1
910,2707,1
2338,3315,1
61,2004,1
2272,1961,1
78,51,1
2397,2166,1
2680,2099,1
3143,4443,1
36,1128,1
3020,5929,1
1458,1363,1
3314,5921,1
4522,5767,1
904,2389,1
1553,1682,1
2044,4129,1
2064,933,1
2457,3007,1
122,332,1
5786,4216,1
3178,2810,1
133,5772,1
6180,3392,1
4607,4817,1
3807,4275,1
2741,2604,1
3330,4304,1
4617,5157,1
169,7005,1
1050,1952,1
4149,4477,1
2476,2758,1
967,1258,1
3015,3007,1
3649,3719,1
15,1064,1
1766,3255,1
3532,5224,1
1366,1463,1
118,217,1
279,785,1
1002,1613,1
125,532,1
904,1937,1
6548,2431,1
5786,5983,1
3654,3315,1
2463,4610,1
3669,3148,1
3653,3845,1
2062,2567,1
4430,4979,1
129,43,1
756,2250,1
3901,1351,1
3329,896,1
2456,3301,1
2476,2548,1
2697,4059,1
2191,428,1
4602,5105,1
674,1908,1
4644,4641,1
4613,4489,1
284,1463,1
5228,6546,1
1969,1629,1
1682,373,1
2101,4581,1
1106,3685,1
740,1184,1
1656,5864,1
697,1464,1
5634,6281,1
2357,2658,1
4192,3360,1
1949,2262,1
2090,2444,1
1105,1297,1
6491,5493,1
4559,4705,1
2425,3619,1
3150,4990,1
2973,1892,1
6029,7080,1
3990,2572,1
286,668,1
697,5117,1
3681,3148,1
1562,698,1
2905,2575,1
1568,910,1
6220,6986,1
123,332,1
34,116,1
2425,2038,1
4823,6332,1
2531,14,1
2463,2166,1
4315,1141,1
2505,4852,1
768,735,1
2463,2064,1
2048,2281,1
4705,5132,1
138,76,1
3733,5070,1
1029,1631,1
2425,2850,1
2473,3034,1
41,1064,1
1655,3645,1
1487,2471,1
4827,5588,1
912,2038,1
1050,3134,1
6188,5870,1
4607,6178,1
665,675,1
2420,2328,1
1032,1486,1
1485,2371,1
1370,5050,1
955,5126,1
2767,2738,1
1938,1432,1
3082,3619,1
4738,6667,1
2507,2372,1
2017,1940,1
3189,2956,1
20,445,1
5579,5132,1
2132,930,1
188,546,1
1168,1590,1
41,196,1
768,604,1
944,1485,1
222,533,1
2090,2575,1
2750,2810,1
751,719,1
2347,5167,1
159,683,1
1420,2294,1
157,1321,1
5686,6998,1
3675,3054,1
398,1415,1
6420,5161,1
3746,3316,1
1647,2564,1
2790,2372,1
4892,6218,1
4543,6415,1
4916,6595,1
77,947,1
1471,2516,1
4966,2191,1
5129,6598,1
111,4427,1
783,1471,1
285,1510,1
1763,1761,1
1471,1142,1
743,1823,1
5123,4559,1
638,1294,1
4513,669,1
3147,5527,1
2159,2980,1
2680,2090,1
910,2397,1
2377,1584,1
5548,6537,1
743,1519,1
1450,1682,1
1050,6203,1
1478,1520,1
5141,5904,1
3904,4482,1
3146,3849,1
2425,2430,1
697,3147,1
755,1244,1
697,6693,1
697,2617,1
3153,4449,1
1001,1106,1
311,125,1
6043,5330,1
422,5061,1
2775,2976,1
4430,4543,1
2290,2471,1
755,2435,1
1759,1892,1
3282,2871,1
3148,669,1
78,1184,1
2617,1669,1
5271,4033,1
719,3150,1
2476,2968,1
589,1761,1
1106,1984,1
2348,4870,1
4694,4988,1
1205,2371,1
1838,1640,1
1699,2381,1
5289,6991,1
2373,2366,1
2548,2062,1
921,4605,1
1318,1355,1
2763,3247,1
1672,2459,1
1297,1500,1
1205,1657,1
2343,2459,1
2506,2666,1
1156,2293,1
2750,3347,1
3465,5061,1
5131,6429,1
1370,3073,1
3990,2735,1
422,874,1
1835,1476,1
279,3733,1
2761,2810,1
10,3581,1
1056,1703,1
141,903,1
1447,3301,1
3039,4312,1
1062,1173,1
6029,6733,1
4561,3672,1
2099,4508,1
5539,5932,1
4118,4852,1
904,1892,1
601,1064,1
3053,5641,1
1205,521,1
2871,2444,1
1787,2127,1
6310,6546,1
1452,864,1
4194,3280,1
972,2746,1
924,410,1
4616,5514,1
96,228,1
546,4788,1
1168,2571,1
159,910,1
3681,2995,1
2372,1184,1
4943,6203,1
4897,4607,1
2263,2706,1
36,1353,1
48,616,1
2680,2381,1
284,1676,1
588,2665,1
3170,2124,1
1718,1591,1
19,512,1
4793,4605,1
4471,3446,1
1192,6190,1
1277,2381,1
4412,6351,1
1235,1124,1
81,1028,1
5042,5857,1
4417,3002,1
2733,2571,1
1366,1173,1
2246,5904,1
1131,1151,1
105,5854,1
5143,4193,1
4801,3168,1
3286,3495,1
3157,3141,1
4417,3901,1
2447,1420,1
588,616,1
1471,4730,1
4489,2815,1
938,2556,1
1450,1559,1
2733,2465,1
1471,1602,1
2758,3719,1
2170,2756,1
285,1330,1
2551,6165,1
674,3845,1
2395,1830,1
2823,2872,1
5488,6693,1
2636,2226,1
1699,693,1
2343,4210,1
5145,4033,1
1002,1681,1
3155,2518,1
1366,910,1
904,4799,1
3318,3301,1
1458,1386,1
2099,2756,1
5782,6986,1
186,4801,1
904,6990,1
2373,5092,1
1363,2357,1
4617,4098,1
4596,4272,1
14,1184,1
2338,2525,1
2471,14,1
4824,5547,1
2572,3109,1
3148,2661,1
993,1332,1
1168,1392,1
10,599,1
6405,5613,1
751,48,1
718,1512,1
138,857,1
2790,3059,1
29,339,1
1394,2127,1
285,3153,1
1098,1816,1
2687,2057,1
4451,6598,1
2705,2428,1
155,892,1
1806,1613,1
719,3152,1
3150,3971,1
1653,4892,1
4603,2191,1
4606,4672,1
3222,3109,1
2467,4617,1
1553,5414,1
292,1082,1
4430,5770,1
1233,1707,1
3286,5165,1
373,1919,1
3580,3320,1
169,4634,1
695,3598,1
1062,1988,1
1890,1568,1
1050,693,1
3306,5496,1
119,341,1
1062,3541,1
6029,6244,1
2044,3148,1
3124,3644,1
2169,3866,1
2457,3452,1
5166,5405,1
4219,4479,1
2348,3733,1
279,2124,1
718,2127,1
2127,3555,1
719,1351,1
422,2053,1
910,1375,1
910,369,1
20,239,1
2043,1761,1
1763,3464,1
2127,2183,1
1938,1898,1
2761,3148,1
3692,3019,1
4164,5165,1
2159,2430,1
2126,3685,1
2758,2331,1
4116,5107,1
2995,4031,1
701,1276,1
1415,4561,1
2090,1791,1
5568,4193,1
3449,4854,1
2717,7048,1
3314,5505,1
3286,4459,1
5900,4489,1
6426,6755,1
2732,2427,1
718,3287,1
5687,5733,1
1062,694,1
422,1050,1
1105,2287,1
5736,5742,1
3273,3956,1
2055,3004,1
1458,2546,1
588,827,1
6780,6307,1
2982,2765,1
2866,7080,1
910,1432,1
251,2546,1
2818,2760,1
2890,2091,1
3217,4456,1
1566,2062,1
1681,5289,1
697,1699,1
6560,1372,1
605,2697,1
2645,1984,1
2126,2617,1
2467,5628,1
2396,4061,1
936,1052,1
5548,4910,1
3242,3630,1
4965,5864,1
3329,3521,1
415,24,1
735,1098,1
1035,1637,1
2742,2063,1
2342,2790,1
5151,5401,1
3313,3446,1
1180,1205,1
5047,5247,1
6794,3410,1
5306,7109,1
1062,1244,1
4612,4108,1
3990,4459,1
3147,4444,1
6216,5105,1
3140,3320,1
4149,1372,1
1811,4403,1
5539,5666,1
632,669,1
154,972,1
3712,4854,1
391,388,1
352,693,1
4964,2191,1
2389,2648,1
6669,4477,1
4804,4518,1
4417,2995,1
5129,2540,1
1640,2556,1
3681,1130,1
6176,6946,1
5918,4952,1
2506,3295,1
4943,4216,1
1615,1421,1
1838,5194,1
2191,4059,1
5736,4522,1
87,5868,1
4305,669,1
1342,2546,1
641,1453,1
2032,2970,1
2377,1295,1
992,1676,1
3148,4275,1
6324,5800,1
701,1089,1
576,1272,1
3151,3128,1
5742,4924,1
4417,7109,1
1105,1275,1
2357,2381,1
1050,2064,1
3669,1655,1
756,669,1
2676,4172,1
6810,6913,1
576,1898,1
3152,2291,1
5,1042,1
2071,3967,1
1349,187,1
1118,1056,1
3990,6820,1
2600,4477,1
2471,2838,1
3545,5102,1
669,2600,1
1961,5554,1
3207,4171,1
1106,1793,1
2461,5395,1
3302,3242,1
4906,4616,1
2463,5073,1
746,445,1
1766,1014,1
2348,1130,1
2348,6001,1
3782,1892,1
701,1512,1
3109,2657,1
6096,4149,1
5329,4606,1
5043,5987,1
4522,4018,1
3248,3787,1
2477,3661,1
4445,5050,1
3165,1192,1
23,1061,1
5317,5742,1
6176,6752,1
4236,3059,1
2233,2765,1
2191,2425,1
2469,2847,1
2173,2348,1
2164,4924,1
486,210,1
580,2176,1
3360,6405,1
5641,5996,1
2740,3691,1
6426,4961,1
6496,4961,1
5141,6024,1
888,1658,1
2224,1106,1
1766,2127,1
2833,3452,1
5288,817,1
1321,3073,1
4676,5505,1
1578,4233,1
4164,3153,1
3845,4480,1
285,1441,1
1376,1365,1
160,1306,1
422,5514,1
2600,2617,1
1804,910,1
692,1441,1
1456,1928,1
2763,2752,1
4537,4787,1
2648,1420,1
157,6244,1
836,76,1
1277,853,1
281,1088,1
4118,2044,1
2725,2697,1
172,3939,1
2389,1178,1
604,933,1
743,827,1
2982,2976,1
692,2855,1
4629,6479,1
5612,6585,1
3150,5641,1
2173,1890,1
422,5747,1
2687,698,1
4058,5289,1
1205,288,1
3148,3581,1
5143,6598,1
1056,1437,1
1416,1933,1
1002,5155,1
3701,4616,1
4952,5668,1
2348,6608,1
6633,7109,1
1192,1423,1
6176,6794,1
5129,6029,1
765,797,1
3027,3800,1
3286,4518,1
53,1064,1
2348,2506,1
6469,6218,1
4439,4310,1
284,2046,1
862,930,1
3444,5179,1
912,1330,1
71,2698,1
4515,2680,1
5548,4970,1
934,1730,1
2348,2544,1
217,875,1
2348,2366,1
2465,2767,1
5127,5782,1
6200,6565,1
6316,2600,1
2348,2738,1
1267,3138,1
5,340,1
2062,3176,1
5141,5236,1
546,3248,1
10,696,1
1235,1480,1
5208,4561,1
591,2582,1
1105,1701,1
422,1057,1
3267,1285,1
2467,4287,1
2287,4459,1
286,603,1
1909,2583,1
4616,4444,1
2370,4335,1
4616,4518,1
911,2604,1
1909,1908,1
1471,1266,1
3914,6380,1
2101,3252,1
5547,5612,1
3810,2126,1
912,1064,1
205,1437,1
3313,3619,1
1142,1306,1
111,3129,1
1625,2575,1
1415,6830,1
6298,3392,1
5180,5179,1
3152,3508,1
2127,4033,1
5750,5586,1
80,14,1
3986,3033,1
2890,4304,1
904,5868,1
1379,1376,1
4617,4654,1
6967,4477,1
910,2556,1
5586,5043,1
105,4482,1
2463,2764,1
1949,2132,1
1653,5539,1
10,237,1
1420,1534,1
661,684,1
2044,1080,1
18,262,1
3921,3488,1
917,1790,1
4430,2158,1
1056,1370,1
2463,4299,1
2431,4836,1
1205,1106,1
4379,1851,1
1256,6146,1
5870,5967,1
3086,3108,1
680,4822,1
1960,3150,1
1205,1574,1
1314,2665,1
2746,2091,1
1116,2451,1
2179,6230,1
2164,3598,1
157,1353,1
134,1853,1
743,1471,1
6171,5889,1
22,561,1
1838,1562,1
1420,1824,1
5176,3315,1
1672,3531,1
4962,3904,1
2763,2191,1
2101,2707,1
2431,2818,1
373,1096,1
3150,2233,1
6260,6026,1
791,857,1
1366,1555,1
2758,270,1
3394,4007,1
197,284,1
2463,553,1
398,1485,1
2467,1655,1
1655,2357,1
1342,1355,1
270,2032,1
575,701,1
2584,4522,1
5571,5155,1
2457,1493,1
2301,2758,1
4522,4066,1
2425,270,1
4427,2164,1
983,3763,1
5713,3585,1
681,4823,1
134,1613,1
2761,3306,1
4000,6195,1
1690,2880,1
1001,4606,1
791,1082,1
245,719,1
713,1028,1
5298,5537,1
138,281,1
2027,1323,1
81,309,1
3451,428,1
157,1238,1
1129,1215,1
68,156,1
3654,5630,1
422,1392,1
1256,5942,1
6349,6084,1
1415,6770,1
2126,2204,1
1050,1060,1
1984,2381,1
1037,911,1
6029,6953,1
1508,1507,1
2746,3711,1
4417,6307,1
5708,767,1
4695,3541,1
5689,4123,1
1890,1814,1
1168,1390,1
2913,2430,1
603,681,1
862,1024,1
2697,2838,1
590,653,1
4677,5268,1
1050,1613,1
4490,5799,1
287,1184,1
3150,1627,1
28,50,1
3390,5228,1
1002,2564,1
1370,2099,1
2703,1238,1
3529,4283,1
2733,2867,1
697,4945,1
1062,2071,1
5680,4213,1
2845,2381,1
10,227,1
4442,1197,1
2090,187,1
19,3763,1
279,381,1
765,281,1
2338,2226,1
5433,4912,1
5572,3644,1
3570,553,1
3143,4587,1
3701,3541,1
2607,3287,1
2761,2366,1
2705,2607,1
924,2004,1
2179,4782,1
674,812,1
502,624,1
964,1244,1
2703,3147,1
3740,4508,1
1844,5792,1
4267,3800,1
2680,2761,1
41,292,1
3654,6230,1
3143,4912,1
2831,4213,1
719,4730,1
5997,3153,1
5769,5161,1
1116,1260,1
2348,4988,1
5786,6389,1
1062,862,1
4604,5784,1
1478,1903,1
2471,3842,1
4616,3901,1
3314,5942,1
3681,3316,1
38,4819,1
1420,2691,1
587,2575,1
6790,3644,1
2064,5768,1
904,6173,1
111,3531,1
669,5317,1
4965,4552,1
2722,3495,1
2657,2177,1
3143,1507,1
1820,6060,1
1502,2533,1
5043,3598,1
3199,1567,1
3150,7029,1
6599,6598,1
5870,6281,1
10,208,1
2348,2765,1
1345,1459,1
4857,3984,1
3581,4705,1
3242,2697,1
2099,2533,1
99,6302,1
5488,5376,1
5209,4561,1
743,3685,1
10,3019,1
1566,1568,1
4617,3781,1
2044,3719,1
41,1802,1
3348,2459,1
2348,6510,1
1949,1924,1
5105,6798,1
3546,3059,1
1205,1486,1
735,2191,1
3782,4472,1
4194,1627,1
1669,3004,1
1835,1761,1
285,1956,1
5043,5222,1
3330,4569,1
912,874,1
2458,2323,1
3675,3242,1
662,2533,1
3054,4233,1
1578,1805,1
2062,2224,1
2707,3495,1
583,588,1
4899,5420,1
938,4052,1
701,2004,1
2063,4656,1
3084,669,1
1393,2099,1
3872,3870,1
2348,1669,1
647,1486,1
111,2742,1
165,196,1
920,1795,1
34,356,1
2786,2871,1
3296,2428,1
1105,1704,1
38,4350,1
4606,5401,1
5151,5167,1
4417,1351,1
6607,4607,1
6151,6537,1
57,122,1
305,5431,1
4610,3189,1
3148,2018,1
3746,1627,1
755,1578,1
1178,2707,1
3444,4335,1
2760,5395,1
1393,2183,1
4780,3956,1
232,665,1
2301,5247,1
5116,14,1
3012,3046,1
3153,5854,1
2086,1485,1
3287,1585,1
1536,575,1
4031,3307,1
148,2397,1
697,1637,1
5786,4788,1
4426,3495,1
2548,1960,1
1844,1984,1
1262,2004,1
4310,5065,1
3844,3842,1
835,838,1
2166,656,1
830,239,1
3313,4827,1
3058,3870,1
5474,3009,1
285,398,1
756,2270,1
1059,740,1
697,3701,1
2078,2575,1
2428,4787,1
1256,1332,1
6050,3045,1
1961,4287,1
4992,14,1
14,2405,1
910,680,1
6364,5207,1
1640,2507,1
285,3108,1
157,1135,1
2348,1649,1
3667,2850,1
6388,5185,1
1349,1365,1
6858,6755,1
4335,2044,1
1485,1106,1
1110,2371,1
822,1050,1
863,2381,1
6905,6926,1
2717,6415,1
2790,2666,1
1829,2434,1
5713,6429,1
4597,5375,1
624,888,1
4038,5782,1
3168,3320,1
4945,14,1
3446,4621,1
1268,1898,1
904,2127,1
1408,1984,1
3654,5126,1
245,680,1
5141,3981,1
1844,1578,1
6817,4477,1
1370,948,1
3140,6024,1
1314,1063,1
99,51,1
1063,2761,1
1415,1640,1
1585,1330,1
1594,3320,1
5560,5573,1
1040,6165,1
18,229,1
5151,3445,1
765,665,1
641,29,1
5470,4068,1
1741,695,1
3077,3059,1
6415,5317,1
972,207,1
2127,2756,1
1415,1128,1
576,489,1
1348,2315,1
1056,1207,1
912,3699,1
116,167,1
6156,6538,1
6260,6087,1
2164,1851,1
3444,4424,1
5581,5928,1
1763,4558,1
4943,1420,1
2090,3195,1
5218,3984,1
4149,5075,1
2617,2270,1
24,558,1
106,922,1
4430,5141,1
2750,2062,1
1031,910,1
2792,2863,1
6349,6332,1
1718,2381,1
2506,2090,1
5356,6335,1
1934,1197,1
545,683,1
911,3939,1
1262,1897,1
6928,6537,1
4149,6737,1
1578,1184,1
1450,1816,1
4149,5247,1
2689,2123,1
2463,1933,1
3837,3870,1
157,683,1
2166,2765,1
1032,3444,1
4477,5613,1
5783,3926,1
2763,3563,1
1341,1306,1
4335,3334,1
1640,1745,1
1485,4097,1
2062,321,1
2707,4068,1
285,1136,1
2377,2202,1
5355,4892,1
5572,4854,1
4753,3541,1
910,1441,1
3888,6026,1
911,674,1
2033,3280,1
1370,1514,1
3701,3150,1
1890,1574,1
5185,5706,1
4604,4576,1
2548,2756,1
232,575,1
1555,1761,1
4552,4222,1
132,340,1
1471,3685,1
775,1355,1
3575,2427,1
2126,1330,1
1829,2847,1
2374,2371,1
1184,2315,1
1951,3286,1
2290,2071,1
3092,1761,1
1256,2533,1
2046,2434,1
3901,3280,1
76,210,1
3495,5854,1
1519,4528,1
1900,2567,1
5123,4477,1
641,857,1
5,608,1
167,591,1
5058,3765,1
24,25,1
1404,1704,1
967,271,1
755,2440,1
4677,4610,1
3446,3248,1
3495,3904,1
5043,5029,1
2868,3581,1
1363,3160,1
3313,3301,1
5522,5127,1
4892,5426,1
2617,4032,1
3452,3148,1
6710,5161,1
4395,3644,1
1801,1095,1
4223,3765,1
1376,2575,1
254,122,1
3360,4930,1
5141,6173,1
4676,5490,1
966,2270,1
2824,2381,1
2563,3150,1
3799,4528,1
2617,3751,1
2589,2090,1
5768,6334,1
4172,5247,1
1244,1143,1
3152,2063,1
1981,2425,1
1870,1351,1
3148,3619,1
5218,6614,1
2146,2381,1
29,310,1
2466,2270,1
2425,2787,1
316,1026,1
2328,4219,1
6034,5782,1
26,130,1
5129,6591,1
111,1892,1
3044,4852,1
947,1039,1
57,608,1
3643,3152,1
1312,1318,1
6156,5612,1
1267,2956,1
3009,2732,1
5769,6173,1
241,3849,1
3207,3045,1
4377,2810,1
81,2191,1
10,901,1
4979,4867,1
419,64,1
4374,2466,1
3434,3169,1
1050,1306,1
1829,694,1
5146,2233,1
1416,1897,1
7033,7048,1
81,383,1
2742,3956,1
2947,1156,1
1001,3059,1
3143,3315,1
3919,1141,1
2361,4648,1
216,208,1
292,1026,1
5945,6429,1
1585,853,1
669,5768,1
6029,4836,1
1731,1001,1
13,234,1
3296,2427,1
6293,5161,1
2705,3580,1
10,2053,1
285,1398,1
3059,2617,1
2469,3248,1
1890,1701,1
4310,4587,1
5393,4272,1
2705,4480,1
105,1492,1
2348,2810,1
896,270,1
398,1321,1
3150,3334,1
4410,3320,1
2348,3320,1
2705,4283,1
3618,3330,1
4430,1351,1
202,579,1
4500,3765,1
2697,3316,1
912,4677,1
5674,2398,1
1348,1349,1
697,5292,1
3168,2908,1
2044,2476,1
5176,5539,1
5292,6180,1
1002,1900,1
3261,6230,1
398,649,1
938,2580,1
1804,1903,1
3293,2761,1
4256,4061,1
42,510,1
4892,5933,1
4892,5292,1
6689,6686,1
76,749,1
2270,3316,1
604,1795,1
422,2250,1
4315,4118,1
4809,4808,1
2975,2765,1
4522,5102,1
4033,4164,1
34,579,1
2926,4480,1
6384,3926,1
1829,962,1
5708,5800,1
1314,1370,1
4943,4979,1
3202,1184,1
743,1747,1
20,320,1
4601,3701,1
3087,5480,1
1483,1579,1
1206,2740,1
1627,2343,1
2389,2348,1
4809,4910,1
3286,5034,1
111,3096,1
1262,1344,1
3087,1285,1
2916,1156,1
165,125,1
3712,6598,1
3873,3870,1
3807,3644,1
1178,2062,1
345,1657,1
105,3153,1
2348,3465,1
3441,2074,1
2294,2457,1
3328,4734,1
1450,1184,1
4116,5043,1
4597,4910,1
122,139,1
78,287,1
232,1830,1
353,3203,1
4033,7062,1
2761,2976,1
2750,1244,1
5769,4773,1
5127,5932,1
1766,891,1
6096,6085,1
1205,3504,1
5329,6686,1
2744,2731,1
3873,2079,1
5989,6248,1
3155,3680,1
3109,3176,1
944,2133,1
2126,2270,1
20,554,1
2463,4648,1
1050,3486,1
112,48,1
3212,1285,1
2740,891,1
3189,3644,1
3313,1961,1
2680,2600,1
6067,6087,1
2464,5034,1
904,6926,1
5137,6306,1
1050,3410,1
6682,6686,1
1675,1237,1
5143,3445,1
4444,1197,1
3465,6248,1
3150,3972,1
3653,3059,1
1680,1795,1
2033,4312,1
1640,2057,1
3747,3873,1
1420,2381,1
6814,6415,1
4469,4377,1
3150,4097,1
755,1541,1
2758,2204,1
735,2908,1
4272,4605,1
3873,6598,1
5136,5537,1
2126,2753,1
292,897,1
2427,3347,1
1233,1648,1
5043,4522,1
3130,2357,1
4596,3315,1
4077,3580,1
4430,5688,1
3794,5167,1
302,284,1
528,4291,1
24,116,1
1182,489,1
133,1453,1
111,1184,1
1172,1567,1
1062,1940,1
3990,4032,1
1345,2127,1
966,3169,1
4310,3701,1
4899,2315,1
2018,1643,1
7,572,1
398,6001,1
4447,1197,1
2348,6203,1
40,381,1
422,1566,1
2431,2476,1
4582,3956,1
2370,1937,1
1917,1968,1
1042,1024,1
2012,2010,1
2575,1649,1
2742,5928,1
6038,3009,1
6029,6218,1
1244,1534,1
6339,4813,1
3106,4420,1
62,24,1
5151,6047,1
2772,2233,1
1256,6585,1
6050,3644,1
10,2058,1
81,1128,1
4596,4118,1
10,3845,1
2431,3330,1
3143,4872,1
76,546,1
254,510,1
5769,5800,1
165,1486,1
6683,7036,1
5293,2680,1
51,49,1
5185,6510,1
4463,4213,1
1933,1804,1
5093,1593,1
1105,1135,1
6520,5431,1
345,579,1
165,1115,1
2396,187,1
3305,2348,1
1653,4672,1
1806,2507,1
2663,1566,1
2487,962,1
1260,1330,1
4606,3901,1
3087,6612,1
3752,3661,1
964,875,1
2607,3316,1
167,2477,1
3580,5590,1
12,217,1
5929,6334,1
5143,4123,1
6152,5131,1
735,1640,1
20,24,1
2926,3140,1
1062,3046,1
3712,2191,1
2945,1156,1
422,2048,1
556,1500,1
4897,4687,1
2204,3320,1
860,1056,1
3111,5102,1
5920,5222,1
340,660,1
4892,5474,1
3444,6953,1
6050,5966,1
4587,4782,1
1001,2160,1
701,5132,1
1811,2017,1
2466,5967,1
3097,3885,1
4628,3997,1
286,254,1
5813,3445,1
2071,3825,1
4599,7070,1
967,910,1
56,253,1
1593,3904,1
1615,1643,1
2127,2566,1
388,1453,1
6171,6429,1
4149,7080,1
6300,6650,1
1972,4672,1
5455,4924,1
1456,4420,1
2179,5109,1
1248,3295,1
29,1318,1
1602,1730,1
6146,2348,1
3087,5966,1
3143,4610,1
2901,2425,1
1050,3701,1
3990,6735,1
1235,2855,1
4147,4108,1
818,76,1
2204,2315,1
697,5330,1
4717,5165,1
4617,4952,1
3020,4350,1
4463,5050,1
2468,2032,1
2816,3787,1
4033,5179,1
910,1793,1
3156,3059,1
5975,4952,1
4603,2815,1
665,871,1
93,5376,1
2169,1892,1
305,2289,1
2222,2044,1
656,679,1
920,862,1
2126,3456,1
2617,2397,1
719,4118,1
2464,1951,1
285,1463,1
1674,1060,1
5449,5932,1
4836,5800,1
99,4602,1
299,130,1
2617,2533,1
2444,3591,1
4417,6413,1
1376,1523,1
5411,5292,1
6548,5868,1
3314,4272,1
3156,3141,1
6197,6180,1
2204,383,1
5672,4414,1
1192,187,1
2431,6782,1
1192,2457,1
4237,3475,1
6700,6733,1
2680,1853,1
2127,2575,1
1835,1890,1
5750,3644,1
600,774,1
2680,2658,1
1050,4945,1
4607,5029,1
2995,2301,1
3649,3152,1
2126,2420,1
2270,4052,1
2164,4477,1
1844,1803,1
3287,3685,1
3653,4229,1
3287,2787,1
3330,3287,1
1095,1637,1
3441,5179,1
4228,4528,1
69,294,1
3990,5165,1
2037,2048,1
697,4108,1
2763,3054,1
6525,669,1
5466,4912,1
157,156,1
13,346,1
6176,6429,1
3407,2270,1
7,386,1
1627,3453,1
5058,3529,1
4427,5165,1
5129,5864,1
232,553,1
5792,3392,1
4892,6537,1
545,546,1
1900,2208,1
5827,6585,1
1050,270,1
3672,5736,1
726,1589,1
5793,2398,1
4596,4537,1
6156,6864,1
5141,4910,1
3990,4569,1
4617,4930,1
1050,4444,1
4606,6161,1
10,3800,1
289,1096,1
284,1254,1
1079,1456,1
910,863,1
1578,3059,1
279,675,1
4033,7021,1
2064,1961,1
422,3816,1
1928,2732,1
956,3971,1
658,681,1
48,292,1
967,1611,1
5015,14,1
105,5145,1
1585,1579,1
5136,3529,1
1553,391,1
1890,4131,1
2348,2589,1
938,3406,1
1740,863,1
4552,2074,1
5043,4287,1
2475,2467,1
2872,3701,1
2455,3040,1
5670,2956,1
6300,6653,1
2607,3248,1
3150,5207,1
4463,5153,1
1774,1351,1
3146,5087,1
5181,6064,1
1625,2764,1
4412,669,1
4602,3306,1
4965,2233,1
1318,1128,1
955,6165,1
2224,1584,1
45,682,1
1032,1052,1
1056,1431,1
45,25,1
6011,5401,1
3140,2533,1
3739,5800,1
3581,4195,1
4541,4447,1
2164,4725,1
697,1933,1
3904,4787,1
1295,1928,1
1608,5292,1
3654,5735,1
4451,5117,1
2638,4226,1
1640,3320,1
4033,5734,1
203,1892,1
5143,5747,1
972,1682,1
1981,1629,1
3990,4819,1
1640,14,1
5105,6619,1
6567,6565,1
232,262,1
5512,5058,1
111,891,1
904,2435,1
1629,855,1
2660,1566,1
279,1364,1
2476,4172,1
1105,1761,1
253,876,1
4892,5547,1
4599,6056,1
1659,1928,1
6146,6545,1
2463,2908,1
5319,3649,1
719,2290,1
896,1168,1
4543,6195,1
3330,3459,1
5043,6230,1
1408,2062,1
2127,2511,1
1761,2394,1
197,464,1
5176,4616,1
1982,3168,1
1366,853,1
1178,1151,1
914,1128,1
78,361,1
904,3040,1
1001,3825,1
632,1704,1
3719,1054,1
4606,5167,1
5105,5792,1
967,5179,1
9,97,1
2997,2427,1
1192,2381,1
1613,2057,1
1105,2815,1
4603,1838,1
2431,6830,1
6024,2540,1
3444,4588,1
2654,3059,1
2377,3781,1
3456,2289,1
2004,1890,1
3701,5019,1
490,1629,1
10,711,1
4226,4552,1
4606,5165,1
4431,3124,1
1890,862,1
4107,3059,1
6821,6820,1
3146,2250,1
1645,6782,1
1961,1471,1
862,3647,1
713,3007,1
1205,2607,1
3148,1080,1
1277,1529,1
422,1972,1
3410,6619,1
2419,1699,1
41,69,1
5641,6029,1
1250,874,1
6346,6084,1
3329,3109,1
285,2018,1
3005,4788,1
6059,6526,1
4542,669,1
99,3763,1
4190,3845,1
284,4687,1
753,287,1
2746,2044,1
3273,1655,1
232,608,1
2764,2815,1
2425,14,1
3444,3907,1
3643,4828,1
1844,4482,1
1393,1156,1
24,5,1
6152,5019,1
855,871,1
23,3541,1
4477,5983,1
768,774,1
128,0,1
2669,1759,1
2343,2842,1
2427,2732,1
2132,3108,1
285,262,1
4677,5157,1
3189,4377,1
4910,5185,1
3990,6926,1
3680,3059,1
4064,3529,1
4149,3984,1
61,3141,1
3935,3807,1
1122,2680,1
3150,4479,1
4597,5666,1
653,657,1
422,4648,1
2062,2202,1
1363,1096,1
3449,14,1
2486,2697,1
1706,2544,1
4226,3926,1
3682,1828,1
2044,3108,1
3106,3148,1
3444,1542,1
4430,3286,1
1761,2176,1
1105,1237,1
1555,2758,1
5237,4350,1
4331,4118,1
3150,3870,1
251,598,1
4077,2533,1
2395,2847,1
826,2226,1
2786,4118,1
4205,3845,1
967,1448,1
2721,2787,1
5792,3912,1
2522,2389,1
2465,5117,1
4892,3189,1
5058,5590,1
2767,2289,1
1763,2810,1
2173,2697,1
285,4730,1
2166,2764,1
2987,2381,1
697,5075,1
4219,5117,1
6506,4696,1
3155,5034,1
5769,7029,1
3681,4628,1
490,4217,1
3733,4286,1
4576,5772,1
3740,2127,1
945,4226,1
311,880,1
3097,1960,1
1740,2140,1
6898,5330,1
2680,3751,1
1664,862,1
5155,4705,1
67,221,1
2101,4722,1
1370,1106,1
1763,1124,1
3222,3242,1
695,6737,1
3680,3315,1
3154,4172,1
1256,6717,1
3044,2444,1
1277,1804,1
2127,2375,1
1890,1944,1
604,797,1
1106,2291,1
1235,1463,1
1062,1796,1
3286,2760,1
286,76,1
2427,2893,1
912,1803,1
294,1453,1
4477,5706,1
5602,5734,1
4522,3672,1
2372,383,1
6,474,1
2032,4730,1
3647,1961,1
658,719,1
2061,2004,1
2334,1501,1
4552,5983,1
6568,4522,1
5476,5743,1
911,4787,1
951,1042,1
99,1984,1
20,751,1
3654,6165,1
2732,5027,1
1609,1493,1
6667,3020,1
2467,4910,1
644,680,1
4615,4852,1
279,2492,1
3654,4312,1
4310,5292,1
4794,6084,1
3739,4672,1
5176,4945,1
4848,4118,1
560,579,1
1172,1903,1
1580,1629,1
718,1901,1
36,495,1
1949,2224,1
1032,3719,1
2338,2698,1
5539,3701,1
1895,2258,1
3164,2575,1
1420,2059,1
23,1404,1
695,2169,1
5742,6598,1
5,48,1
656,1423,1
2126,2107,1
1740,6537,1
2705,2746,1
2762,3320,1
1471,1681,1
803,880,1
5421,14,1
1106,1386,1
6056,4522,1
2721,4033,1
4180,5641,1
2427,2430,1
2287,4617,1
2607,4171,1
154,1106,1
1014,3059,1
3444,4297,1
6587,2956,1
1205,1096,1
755,1306,1
1890,696,1
284,1956,1
6596,5800,1
23,2169,1
550,551,1
81,2177,1
875,571,1
1268,505,1
3654,3870,1
3643,2158,1
15,24,1
719,2172,1
1192,2017,1
3086,2099,1
50,262,1
2162,3134,1
1471,1658,1
4892,4256,1
42,386,1
1811,3703,1
144,571,1
1062,1629,1
5,1048,1
2064,3591,1
656,815,1
2767,2063,1
1366,1988,1
5166,2815,1
38,1790,1
4897,4472,1
2500,4304,1
1017,2575,1
4607,669,1
1050,3901,1
1486,3347,1
910,916,1
864,1094,1
2420,2394,1
1684,910,1
197,620,1
5139,4193,1
2263,2765,1
2382,4616,1
2462,3007,1
3794,2747,1
1050,1562,1
138,587,1
3336,2607,1
6026,6180,1
2673,3097,1
734,1605,1
2492,1106,1
2799,3521,1
1415,4444,1
197,1803,1
3150,5029,1
674,1821,1
912,1184,1
2282,2381,1
4477,5770,1
6957,5925,1
904,2166,1
5002,4910,1
656,1529,1
3701,756,1
2473,3059,1
2,546,1
1766,3108,1
376,363,1
10,2735,1
2348,1828,1
917,1682,1
3287,2756,1
289,785,1
2127,3645,1
5043,5256,1
5994,6647,1
5102,6195,1
2420,1664,1
285,2838,1
2459,1275,1
4618,553,1
3247,3340,1
5720,6598,1
3143,4219,1
422,1802,1
3598,4832,1
2330,4286,1
2270,3901,1
5870,6218,1
19,5925,1
4414,4449,1
1460,1629,1
284,660,1
3306,3529,1
1629,2546,1
5139,5682,1
422,3495,1
2492,2127,1
719,4499,1
967,983,1
3058,3464,1
2733,2204,1
2431,318,1
274,1089,1
3444,3939,1
128,28,1
2765,2044,1
5141,5996,1
5144,6084,1
5493,4854,1
725,1395,1
947,1060,1
988,239,1
5002,4543,1
534,1676,1
1699,1747,1
118,2451,1
4583,4808,1
3444,3781,1
5783,6526,1
5708,5784,1
2322,2287,1
10,690,1
4443,2301,1
285,1124,1
32,69,1
4068,4672,1
1032,271,1
2462,2658,1
1370,1933,1
4641,4850,1
148,64,1
165,69,1
641,952,1
99,5688,1
1141,698,1
3914,3984,1
2348,2177,1
10,2566,1
4603,5224,1
141,203,1
1262,1258,1
743,1178,1
4919,5868,1
697,1950,1
4616,6038,1
3204,2732,1
5539,4672,1
628,1096,1
1838,5179,1
2090,3248,1
3651,1655,1
1156,695,1
14,6598,1
5918,6087,1
4502,5414,1
1471,2038,1
2465,1935,1
1471,2556,1
3799,4171,1
967,1355,1
3336,2673,1
1673,1493,1
118,529,1
580,1184,1
2470,2357,1
1500,1519,1
3587,4350,1
6676,6686,1
1931,2617,1
6674,4664,1
951,1237,1
5123,2810,1
5236,5286,1
5008,4164,1
1050,2818,1
4701,3956,1
4417,4518,1
78,3691,1
422,2315,1
5043,5916,1
1664,1961,1
2463,3387,1
5216,5232,1
1458,1124,1
2500,778,1
1131,2371,1
3546,4193,1
1235,1897,1
5137,2233,1
6678,5019,1
4972,5092,1
728,789,1
2462,3034,1
6574,4836,1
1002,863,1
912,4875,1
2427,1853,1
1672,2451,1
3541,6038,1
2680,5668,1
2348,6020,1
6505,4696,1
718,1386,1
5123,4123,1
4429,1542,1
5792,5330,1
1365,1805,1
718,2815,1
2425,2465,1
1105,2315,1
3313,4700,1
662,2191,1
284,2172,1
1420,1935,1
28,2765,1
28,859,1
5786,6429,1
2463,2738,1
1485,962,1
2607,2044,1
5534,5555,1
159,1082,1
4416,4517,1
2740,383,1
3286,4988,1
2261,1178,1
490,1816,1
28,2378,1
1471,1237,1
2044,2331,1
902,972,1
3314,5710,1
3914,6161,1
3204,2348,1
1969,1898,1
4556,3334,1
1951,698,1
1363,1541,1
294,332,1
5813,5286,1
4149,5734,1
3546,2127,1
2607,2697,1
2431,6334,1
1447,1937,1
5429,3004,1
1277,948,1
5347,4910,1
281,891,1
20,25,1
2431,4656,1
299,316,1
2765,2818,1
2377,2567,1
5794,5933,1
5617,2810,1
3723,1130,1
1141,2531,1
1731,2560,1
3722,4459,1
1256,2122,1
575,1299,1
2471,3203,1
10,872,1
3495,4335,1
4892,6733,1
2548,4788,1
3147,4605,1
5769,5019,1
4429,6151,1
1050,3521,1
2812,3152,1
3739,4573,1
5705,5996,1
4695,4730,1
4098,5152,1
2657,4617,1
3275,2742,1
1681,2099,1
1951,2191,1
4149,6380,1
3465,2908,1
1149,972,1
2099,2323,1
285,3598,1
3938,3939,1
4,9,1
2053,2315,1
3314,5375,1
340,4171,1
3286,2765,1
718,3763,1
697,5426,1
604,1370,1
638,694,1
3204,2397,1
7031,6302,1
4606,4705,1
105,6733,1
2357,2356,1
2166,1637,1
1487,1306,1
3799,3873,1
590,657,1
3643,5224,1
111,2063,1
345,1278,1
3004,5624,1
2512,1605,1
4606,4098,1
1233,1493,1
4108,3189,1
5126,4602,1
5735,4700,1
62,536,1
6055,6595,1
2956,5161,1
2064,4817,1
119,48,1
5813,5514,1
2357,2425,1
2912,4832,1
1142,1355,1
801,2563,1
904,2270,1
2652,2880,1
966,1295,1
167,657,1
1248,2444,1
5989,5073,1
713,489,1
4897,6015,1
184,639,1
3610,3475,1
2762,2847,1
2078,1937,1
2767,1054,1
577,2863,1
490,4854,1
50,7,1
2359,2356,1
371,3347,1
1898,1892,1
3314,5496,1
2427,1420,1
1235,1892,1
6682,6884,1
904,2224,1
5514,1420,1
2912,3150,1
2466,4499,1
202,0,1
3138,1062,1
5146,3315,1
4720,4617,1
697,4602,1
6680,6686,1
3150,5768,1
1035,2127,1
1820,4068,1
1672,2492,1
1018,1643,1
10,1288,1
5176,3981,1
1740,3644,1
735,644,1
1001,4822,1
1478,1510,1
718,2204,1
320,262,1
5470,767,1
48,660,1
2707,3848,1
3807,2296,1
6475,6218,1
4606,6195,1
1080,2044,1
1456,2546,1
1891,1681,1
2706,2382,1
4892,5925,1
1023,944,1
3637,3751,1
2348,5890,1
4607,2531,1
1062,3168,1
333,332,1
1034,1375,1
1420,1796,1
221,69,1
381,1585,1
4897,3765,1
3148,2518,1
1961,2980,1
3058,4164,1
912,1471,1
3009,1933,1
2466,6819,1
641,1371,1
3082,2507,1
5980,5929,1
2294,369,1
1658,6565,1
5139,5527,1
352,684,1
3150,1197,1
148,857,1
2450,4064,1
2314,1064,1
3092,4052,1
4257,6203,1
2790,3555,1
5474,4672,1
4732,5967,1
862,1276,1
54,2140,1
4522,3168,1
3058,1238,1
3258,2506,1
3746,4063,1
910,1294,1
19,310,1
1002,5207,1
4377,4676,1
2397,3410,1
2680,2124,1
3178,2127,1
2761,1275,1
430,2381,1
4244,4283,1
5126,4628,1
2044,3406,1
2357,1711,1
967,1365,1
4700,6585,1
6050,6281,1
422,5149,1
3143,553,1
5181,5799,1
644,725,1
3273,2079,1
3147,2172,1
10,3488,1
546,962,1
23,743,1
5042,5641,1
4033,6335,1
669,6861,1
157,6180,1
1949,2698,1
3575,2507,1
5129,5480,1
34,347,1
3147,2250,1
1707,1703,1
5186,5198,1
697,2017,1
105,3644,1
4606,4068,1
1835,2208,1
5127,6454,1
5792,4813,1
1979,1682,1
6310,6084,1
6742,6614,1
2467,3360,1
10,43,1
2427,553,1
2971,3301,1
432,29,1
1594,2373,1
8,405,1
5058,5628,1
6220,6146,1
4606,3153,1
3025,2425,1
656,2492,1
1829,2525,1
5286,5141,1
3336,2831,1
4090,3488,1
1001,988,1
4897,5153,1
2707,3248,1
6702,6830,1
1001,3096,1
2018,4233,1
186,2226,1
6084,6203,1
2895,2980,1
294,5207,1
50,941,1
2871,3842,1
4616,4996,1
1192,2163,1
1105,1903,1
3302,3138,1
16,118,1
5123,6024,1
1420,2867,1
167,3444,1
4310,5871,1
624,1170,1
279,405,1
1168,3295,1
1471,1821,1
1131,2366,1
801,4097,1
18,248,1
18,150,1
3313,2787,1
701,1035,1
99,3261,1
1033,903,1
1363,3129,1
2055,862,1
755,1432,1
6180,6591,1
2024,1574,1
4194,3488,1
4602,6389,1
3465,2427,1
4850,4910,1
2377,51,1
735,1259,1
917,29,1
3680,4304,1
2164,5537,1
5769,6820,1
284,571,1
902,29,1
5222,4068,1
1900,2405,1
2348,2331,1
1763,2396,1
2476,5405,1
910,853,1
5912,6926,1
967,1088,1
5186,4561,1
4857,3096,1
6029,6920,1
1032,2956,1
3733,4617,1
281,898,1
6192,6084,1
10,658,1
1624,1370,1
490,827,1
3287,3580,1
3140,2357,1
2620,2810,1
3087,4366,1
1836,2099,1
2048,4672,1
2456,3056,1
927,571,1
1420,1695,1
1341,1064,1
1625,1370,1
5141,4482,1
2746,2127,1
3465,3763,1
697,5222,1
294,3873,1
5037,2912,1
4606,6165,1
1725,4463,1
2767,2389,1
1268,1405,1
1050,2140,1
281,4945,1
632,665,1
41,278,1
674,889,1
2787,2758,1
1447,1761,1
4897,5563,1
674,6653,1
3669,2044,1
4542,6809,1
1394,553,1
2425,2838,1
576,553,1
3444,4129,1
6028,5966,1
34,125,1
1192,2038,1
587,933,1
3082,4694,1
3189,2533,1
6156,2733,1
118,3150,1
1949,1460,1
3651,1420,1
862,774,1
371,1950,1
2703,2702,1
38,1892,1
6146,5286,1
1099,4431,1
2127,4892,1
6306,6526,1
3087,5127,1
4625,4427,1
641,1088,1
2348,2250,1
669,3904,1
2463,2761,1
947,2533,1
624,1730,1
48,684,1
5350,5925,1
1050,2125,1
718,3295,1
913,1320,1
945,1156,1
5105,4522,1
3904,2810,1
4232,5247,1
5615,5613,1
4596,2956,1
5983,6181,1
2648,2567,1
910,1437,1
3315,1351,1
5286,5126,1
289,1062,1
10,644,1
5705,2223,1
4477,5916,1
1669,2567,1
4310,3150,1
2099,2381,1
5093,6334,1
4717,4219,1
769,1703,1
2396,3719,1
4677,4949,1
76,510,1
5548,5155,1
10,398,1
1900,1897,1
316,381,1
4576,4310,1
1363,1507,1
718,270,1
3807,3619,1
38,4602,1
4430,3956,1
1105,1830,1
4918,3901,1
3313,2669,1
2166,168,1
111,2348,1
4576,2370,1
5539,6349,1
1017,1745,1
1672,1664,1
57,253,1
2420,2867,1
1056,1404,1
2348,3360,1
284,743,1
1415,4522,1
105,3529,1
4417,3997,1
4604,4522,1
6176,3644,1
2767,3521,1
2348,6770,1
3495,3146,1
4091,669,1
3449,669,1
231,1095,1
6180,6717,1
815,76,1
5354,6876,1
1256,1285,1
743,1063,1
5960,5155,1
5713,4607,1
546,4892,1
4897,1351,1
4192,4788,1
5138,5733,1
2589,2366,1
5989,5792,1
5680,5127,1
3733,2850,1
1106,1555,1
4598,3446,1
9,660,1
4315,5145,1
4463,6585,1
972,1520,1
1672,2291,1
1605,2430,1
1032,3148,1
6123,4537,1
2159,2395,1
1609,2405,1
2357,3160,1
6029,6820,1
640,910,1
5602,5921,1
3387,2366,1
719,4459,1
4583,3150,1
1421,2897,1
2062,2746,1
955,2405,1
1277,1323,1
624,876,1
291,4558,1
576,1183,1
1136,2372,1
3812,4033,1
3158,2975,1
2261,2546,1
4892,6798,1
10,656,1
1951,4420,1
743,3320,1
1471,2583,1
1792,2124,1
2798,1613,1
1609,2847,1
277,1061,1
1001,1562,1
6029,4835,1
19,1052,1
4831,4676,1
2761,553,1
1629,2855,1
904,3055,1
920,6195,1
1366,1453,1
281,2872,1
4892,6151,1
6293,6653,1
1615,695,1
983,1296,1
1116,1035,1
1686,1887,1
6019,3009,1
48,213,1
1140,735,1
1359,1658,1
5889,1820,1
157,1467,1
2044,3147,1
3248,3842,1
1351,1168,1
2617,2032,1
1050,1486,1
6084,4444,1
5664,5293,1
2533,2099,1
157,1646,1
3154,2956,1
1003,910,1
3580,2756,1
2798,2375,1
692,701,1
945,1244,1
4467,3150,1
3459,2348,1
2357,4672,1
5141,5983,1
3587,6717,1
6674,6180,1
6201,6195,1
2291,3242,1
5768,5767,1
2701,2698,1
1471,1676,1
5750,6230,1
3307,3248,1
116,320,1
5586,2600,1
1105,1578,1
310,205,1
1032,3581,1
2048,4720,1
1763,2566,1
1420,1168,1
2090,2017,1
5783,5932,1
112,51,1
1804,1952,1
6024,5236,1
279,1450,1
4984,6047,1
2548,1420,1
3087,3453,1
624,872,1
398,4118,1
138,871,1
3781,6598,1
2366,2361,1
862,1150,1
4603,4828,1
6096,1086,1
3331,1567,1
1894,910,1
5127,3445,1
5479,4472,1
1032,4272,1
167,161,1
3643,5141,1
2175,1184,1
3150,2178,1
1681,5058,1
912,1814,1
4838,3781,1
1105,2291,1
3137,4535,1
1308,1098,1
383,1184,1
422,2074,1
3654,4558,1
5043,4561,1
10,520,1
2151,2381,1
769,3661,1
697,3146,1
2548,5484,1
4617,3701,1
5609,4193,1
780,215,1
3286,2063,1
1555,3644,1
1124,2190,1
1319,944,1
2975,4477,1
3580,3150,1
5137,4654,1
697,6546,1
1205,1050,1
279,1294,1
1424,1459,1
2044,4233,1
2046,1001,1
1349,1184,1
1432,910,1
5672,6420,1
3149,3320,1
1393,1450,1
755,2582,1
3261,5138,1
5516,6717,1
2396,2427,1
2348,3146,1
6335,6024,1
5750,6173,1
2912,4822,1
14,917,1
372,684,1
2348,2698,1
4561,5590,1
4315,4910,1
1205,1453,1
4477,2223,1
5306,6180,1
3681,5628,1
10,863,1
1306,521,1
2270,4617,1
2763,5624,1
1096,271,1
718,3059,1
5786,5967,1
34,248,1
3150,5058,1
3682,4077,1
2617,2908,1
2164,6307,1
3314,6585,1
972,3203,1
3848,3904,1
2159,2420,1
163,5132,1
1156,2349,1
1266,2580,1
142,6565,1
57,248,1
4992,5537,1
2348,187,1
5129,6020,1
2707,4283,1
57,279,1
256,262,1
3548,4108,1
5360,3189,1
2377,1275,1
4618,4782,1
2467,5479,1
2,330,1
4612,4999,1
422,5232,1
1116,827,1
78,693,1
3280,2301,1
23,853,1
6700,6056,1
5571,5043,1
4892,6479,1
2086,1835,1
10,3138,1
1900,2544,1
1166,1370,1
2113,1184,1
954,1386,1
5037,5075,1
3654,6186,1
2033,5554,1
4035,1961,1
697,2451,1
4617,2398,1
4915,6173,1
3450,1892,1
6845,6123,1
4377,6798,1
3807,2172,1
1105,1035,1
1946,2169,1
6192,4463,1
6680,6693,1
1627,1450,1
2100,1803,1
2786,6798,1
4828,4064,1
1553,3059,1
1416,1492,1
1105,4801,1
1366,2138,1
255,122,1
5783,6024,1
7,653,1
1502,2459,1
292,1423,1
912,1278,1
4492,3320,1
1062,1515,1
2786,1351,1
1348,888,1
719,644,1
5489,4892,1
5539,6038,1
6571,5868,1
3680,698,1
4629,5050,1
4348,2044,1
3607,4827,1
2348,5286,1
4078,1655,1
77,3591,1
2463,5420,1
1056,860,1
4615,5194,1
4910,3315,1
640,1453,1
3059,3972,1
5550,5624,1
3809,2172,1
2465,5731,1
3387,4007,1
697,6306,1
1773,1704,1
6218,6782,1
3672,2850,1
1672,187,1
69,277,1
5129,4213,1
4417,7027,1
2378,2434,1
697,4610,1
4410,1192,1
2589,1298,1
1342,4414,1
3541,428,1
3248,3033,1
1420,1507,1
1456,2863,1
3313,5395,1
3106,3845,1
4979,5405,1
1002,4970,1
4443,4867,1
2946,4576,1
50,725,1
2126,3487,1
1473,1096,1
2895,4164,1
3210,3347,1
2786,4213,1
4910,3729,1
5141,4616,1
6420,5317,1
340,5050,1
1349,1168,1
2482,1266,1
3143,3140,1
1477,1761,1
5693,4576,1
967,4687,1
1996,4801,1
1128,860,1
19,5479,1
4948,5527,1
7106,6752,1
1811,4616,1
967,5573,1
955,4164,1
2460,3056,1
3212,3519,1
701,729,1
6034,4366,1
3313,5480,1
4552,6399,1
97,616,1
697,5505,1
2459,1585,1
743,2371,1
129,679,1
626,588,1
181,1064,1
3464,2428,1
4230,3997,1
1024,1892,1
5138,4256,1
2548,2301,1
5129,6686,1
1938,930,1
6811,5782,1
5769,5547,1
3884,5767,1
2758,2127,1
3143,4064,1
292,262,1
3618,4456,1
5750,5105,1
5,1820,1
1653,5735,1
4943,5563,1
2463,3046,1
1062,1724,1
3318,2697,1
422,1437,1
992,237,1
3147,5668,1
4607,3649,1
105,1820,1
76,1192,1
1924,1178,1
1555,2956,1
1001,910,1
697,2064,1
1477,1669,1
1192,2209,1
4616,5070,1
697,2759,1
2,24,1
398,4808,1
3580,3248,1
4078,4867,1
4417,7048,1
3529,3619,1
2895,3487,1
5149,5966,1
3905,3781,1
1471,2128,1
1909,2293,1
3336,3002,1
2463,3316,1
2425,3195,1
44,229,1
2338,2139,1
4247,5395,1
5373,4552,1
2338,1197,1
1095,4787,1
3394,1892,1
981,239,1
697,6717,1
3672,3661,1
222,2516,1
1233,1793,1
422,5132,1
5137,6149,1
5043,4261,1
896,1795,1
862,3109,1
4177,6161,1
1853,2427,1
57,5490,1
698,1559,1
4396,3644,1
99,2607,1
310,4734,1
743,2176,1
285,1578,1
4892,6261,1
6674,6107,1
2833,2191,1
169,3691,1
857,1562,1
1818,2190,1
5360,5395,1
3812,4446,1
2471,4131,1
3087,3054,1
779,489,1
502,859,1
2296,1759,1
1002,1594,1
5222,1820,1
8,27,1
3701,4912,1
3143,3146,1
5161,5706,1
5534,3045,1
6412,6752,1
2163,3056,1
5889,4038,1
353,498,1
1917,2224,1
2427,2471,1
3746,3059,1
5571,4038,1
2254,5209,1
4463,4164,1
1894,575,1
756,2864,1
3315,2079,1
2463,3007,1
1415,5966,1
2048,4059,1
3314,5422,1
4598,3189,1
2370,4108,1
4256,1197,1
6029,4350,1
3143,4265,1
5185,6565,1
5783,6306,1
1829,2604,1
1559,14,1
135,134,1
4572,4068,1
3096,3410,1
3303,3763,1
755,1892,1
4522,3054,1
2164,5126,1
6156,4350,1
5104,5293,1
1811,2697,1
983,2765,1
2463,5590,1
6156,6512,1
1366,1457,1
5534,5105,1
938,2430,1
2997,3301,1
4979,3261,1
3140,5514,1
216,684,1
222,2226,1
1971,1761,1
5766,4477,1
2721,3904,1
1420,2968,1
2348,3124,1
1110,1937,1
1478,1707,1
3662,2289,1
6146,3392,1
77,50,1
3314,6060,1
5141,6598,1
4606,6737,1
765,2209,1
701,1028,1
1277,2122,1
5058,6248,1
2457,3624,1
5539,6722,1
141,2133,1
3156,3849,1
78,4628,1
1034,2381,1
2169,2262,1
10,1106,1
4190,3495,1
3286,3997,1
24,228,1
3854,4999,1
3106,2172,1
4477,4616,1
1192,2566,1
10,18,1
5149,6614,1
2548,3529,1
624,1294,1
2164,5073,1
904,7080,1
2890,3580,1
624,1395,1
5123,4222,1
1023,1890,1
4223,2466,1
2043,2658,1
1205,4687,1
4548,4558,1
2628,3529,1
662,4552,1
2997,3331,1
624,1353,1
2548,3160,1
6147,4581,1
4892,4576,1
4897,5641,1
3261,2531,1
3140,5102,1
1894,3134,1
3978,4031,1
1915,2405,1
3143,2815,1
63,7,1
3747,669,1
489,1297,1
1266,3176,1
5751,5480,1
1348,4819,1
118,551,1
1001,1524,1
1725,5633,1
294,668,1
6007,5401,1
105,6248,1
1244,1349,1
2357,2172,1
169,6953,1
912,2048,1
697,2356,1
2398,2381,1
3331,756,1
1256,6526,1
3314,5224,1
3394,3956,1
5,1395,1
422,4617,1
910,1568,1
5,24,1
3444,4033,1
4907,5050,1
644,210,1
4616,5687,1
1321,1323,1
322,812,1
1110,2287,1
1124,2128,1
2064,4836,1
3739,2548,1
1062,1080,1
2852,3531,1
2348,6085,1
1811,2471,1
828,6479,1
917,4052,1
697,6029,1
3247,3651,1
3059,3956,1
1944,910,1
4467,5050,1
3314,4705,1
1223,1284,1
4377,3315,1
1894,1676,1
216,232,1
3807,2370,1
1844,2893,1
1277,1096,1
6029,6420,1
1714,1701,1
284,281,1
3807,4210,1
4377,3320,1
5488,3912,1
3174,3261,1
1398,875,1
5354,7021,1
1395,5027,1
5783,5207,1
6669,5161,1
398,3124,1
806,587,1
5176,6389,1
775,774,1
17,495,1
4430,4892,1
5123,1420,1
2431,6456,1
4522,3154,1
628,1135,1
1095,2378,1
3348,3347,1
2164,6598,1
3331,3464,1
3812,5058,1
4427,2815,1
4407,2223,1
4430,4867,1
6146,6334,1
4090,4558,1
1458,1579,1
3207,4878,1
2115,2087,1
48,4788,1
743,187,1
5,161,1
4599,6029,1
4427,2158,1
3794,4219,1
5905,1372,1
2342,575,1
373,2361,1
3788,6230,1
3919,4852,1
1668,2507,1
1050,2765,1
1295,1266,1
5129,4627,1
3669,2765,1
1928,3176,1
641,1355,1
642,1052,1
5043,4477,1
5143,5772,1
3247,2177,1
3087,5933,1
546,6173,1
1128,1441,1
1890,2018,1
1032,1355,1
1049,1486,1
1366,2395,1
1002,6050,1
1095,2564,1
2043,2767,1
4607,4552,1
66,347,1
422,1670,1
2173,3444,1
2810,4672,1
2099,3280,1
4612,3997,1
1050,2202,1
3610,1372,1
169,247,1
3733,3138,1
6152,3594,1
4606,5026,1
111,3956,1
5506,4730,1
3587,5966,1
6683,6585,1
5145,4910,1
1063,3108,1
743,3176,1
2763,3146,1
751,239,1
3314,1811,1
2897,3340,1
1589,1706,1
1032,4543,1
318,2731,1
6176,4477,1
7,248,1
3267,2572,1
1268,1770,1
3647,5050,1
5259,7068,1
4164,3154,1
4701,3541,1
1266,2560,1
3733,3867,1
6152,6598,1
3672,2673,1
723,1344,1
45,532,1
6709,6913,1
1652,1651,1
3722,2617,1
1256,4705,1
2867,3160,1
2261,2371,1
6550,5734,1
5539,3518,1
2786,5102,1
1376,2658,1
2348,1761,1
2366,3521,1
1062,1742,1
34,388,1
1415,1420,1
2046,1734,1
3150,3967,1
3306,2584,1
3214,187,1
1320,743,1
2836,3307,1
896,1358,1
525,2172,1
3305,2366,1
1303,1770,1
4604,5474,1
2090,3415,1
4604,5127,1
751,3763,1
1345,1897,1
2456,3541,1
3587,5612,1
4248,2533,1
320,2123,1
263,4177,1
3087,4463,1
3701,5058,1
5889,5222,1
5786,6403,1
4616,4164,1
3140,4573,1
1472,1096,1
307,3866,1
6146,6830,1
26,1976,1
80,933,1
1555,2373,1
3109,4606,1
2100,2287,1
3643,5925,1
2799,2057,1
967,1358,1
982,5153,1
755,2331,1
5356,6789,1
4377,5641,1
1624,2293,1
57,273,1
912,751,1
2431,6735,1
4473,3997,1
2330,2507,1
2444,1244,1
5495,4730,1
977,1028,1
1938,3464,1
3654,4610,1
4273,2250,1
3395,3781,1
1655,3146,1
197,1676,1
1110,3004,1
3144,2617,1
3495,3280,1
1740,2970,1
2758,3134,1
5,1142,1
6009,4522,1
99,3751,1
3587,1420,1
5736,6024,1
2173,2648,1
2390,3222,1
1050,1804,1
5921,6429,1
29,733,1
4606,6248,1
3931,1589,1
697,2799,1
755,1793,1
4100,3997,1
2270,2430,1
5683,5682,1
3242,3521,1
4654,5330,1
6026,6998,1
3718,3842,1
4599,6203,1
4857,5490,1
3157,4129,1
1205,5932,1
422,5129,1
294,168,1
5680,5138,1
1262,1390,1
3682,3242,1
3140,3701,1
588,579,1
3575,3685,1
4377,3997,1
1274,1398,1
8,668,1
3444,3150,1
5,5554,1
1034,2208,1
5474,6545,1
32,24,1
1460,3034,1
2658,2250,1
2476,1080,1
2908,1589,1
1537,1168,1
3446,3387,1
3237,3457,1
4226,4335,1
4430,3154,1
1244,1306,1
155,2124,1
3293,2506,1
5612,6565,1
5176,4444,1
10,3109,1
888,1802,1
3314,5666,1
8,395,1
6298,5131,1
913,1519,1
3078,6420,1
2347,4988,1
2705,3059,1
1536,2293,1
6587,6789,1
3681,4131,1
698,6733,1
5634,6565,1
422,916,1
5134,5401,1
4430,3921,1
6218,5317,1
5228,6001,1
6176,6178,1
2071,3488,1
4616,6647,1
3009,5612,1
912,4098,1
5548,6047,1
4430,14,1
232,546,1
2761,2465,1
4664,2912,1
755,1323,1
6171,3518,1
3336,1507,1
2127,2583,1
2525,1984,1
5148,4256,1
6180,1285,1
3296,2756,1
2617,4480,1
3151,4656,1
1940,1637,1
5870,6178,1
3030,2291,1
5539,4522,1
5131,6565,1
1478,1095,1
822,2074,1
310,237,1
6150,2956,1
3350,3591,1
2064,2291,1
3151,2867,1
4892,4606,1
4610,4066,1
292,903,1
4617,3508,1
913,872,1
4854,3649,1
2260,2343,1
8,1480,1
4901,2584,1
422,6029,1
669,7063,1
4576,1235,1
1734,1814,1
1351,695,1
1415,874,1
2250,5916,1
362,1296,1
1256,1298,1
28,395,1
5292,6038,1
5787,6351,1
2868,3019,1
390,765,1
967,1344,1
6189,6084,1
373,1707,1
1938,2140,1
4617,3926,1
284,1024,1
6816,7063,1
148,1450,1
632,5800,1
912,4872,1
11,227,1
2057,2707,1
3095,3148,1
855,1050,1
4984,5537,1
10,1695,1
2282,1937,1
3990,3140,1
1553,6026,1
6096,6087,1
3087,6050,1
1982,1266,1
695,1770,1
2463,1935,1
1370,1184,1
5586,5792,1
752,747,1
4596,5131,1
3615,2507,1
3807,4077,1
5123,4676,1
334,342,1
743,2607,1
3959,6546,1
2270,4999,1
2816,2492,1
4617,4817,1
4606,3529,1
4261,3644,1
2506,3939,1
3143,4730,1
1420,1363,1
398,6861,1
4619,2521,1
4892,3644,1
1908,2226,1
24,675,1
4705,5688,1
3263,1184,1
5199,5198,1
253,922,1
1811,2372,1
5294,3189,1
4943,6084,1
964,1611,1
1699,4787,1
4616,5921,1
3996,2250,1
872,963,1
2463,4607,1
857,580,1
1050,51,1
3143,3189,1
4599,5512,1
305,4299,1
1524,1555,1
2512,2191,1
3329,2864,1
3147,2522,1
5143,5688,1
3581,3680,1
3287,3446,1
581,2296,1
99,2017,1
2062,3529,1
1256,6990,1
6957,4477,1
1568,2617,1
57,556,1
4783,4801,1
3587,7029,1
167,76,1
57,196,1
3303,3691,1
4033,2158,1
1076,1064,1
5626,5624,1
5249,5375,1
20,690,1
35,207,1
4430,4459,1
5783,5236,1
3004,2396,1
4077,1627,1
3150,3719,1
285,1723,1
2459,3129,1
3984,5916,1
44,227,1
3084,3134,1
2290,575,1
155,2163,1
3681,3146,1
2061,1431,1
4361,6545,1
608,2815,1
6151,6650,1
1032,3997,1
4599,6998,1
1650,2563,1
5514,5333,1
864,2397,1
4604,5747,1
604,780,1
4149,2466,1
5161,6598,1
285,3701,1
755,1066,1
7,398,1
4606,2810,1
2655,6733,1
560,306,1
1205,651,1
4617,3541,1
1950,3781,1
1184,580,1
157,1956,1
2044,4272,1
6026,6686,1
1061,1151,1
111,3147,1
959,580,1
5131,6993,1
284,2546,1
3464,2975,1
2348,3651,1
4774,3956,1
5137,3004,1
794,644,1
6171,4472,1
1096,1892,1
2294,3861,1
1363,1816,1
701,1491,1
1835,2379,1
1629,1956,1
340,852,1
4477,6059,1
5701,5228,1
3554,2427,1
3360,2091,1
2771,2062,1
130,32,1
2836,3531,1
1519,2867,1
1846,2226,1
5786,4627,1
2048,4892,1
3580,1420,1
1933,2765,1
1096,1353,1
24,163,1
3315,3301,1
165,933,1
1471,2790,1
1050,696,1
2895,2063,1
5073,3445,1
1486,1366,1
3444,2301,1
4919,5537,1
2481,1266,1
2944,2908,1
4502,4676,1
23,680,1
5123,6429,1
2348,1372,1
3313,6060,1
2428,3787,1
2338,2711,1
5470,4602,1
157,2074,1
3140,2431,1
6111,5921,1
546,2600,1
5236,4892,1
6176,7021,1
674,1271,1
3441,4672,1
2287,2397,1
35,25,1
5929,6429,1
2417,3866,1
1314,2122,1
6029,5612,1
4910,4219,1
5218,6776,1
6171,5209,1
76,50,1
674,785,1
3794,4427,1
23,683,1
4943,4068,1
4310,3901,1
1829,1795,1
5222,4602,1
3887,3148,1
2431,6861,1
6151,6693,1
4892,1372,1
1192,2378,1
6369,1820,1
6007,5706,1
1824,3141,1
697,1192,1
1485,863,1
10,2226,1
294,4424,1
19,1264,1
1192,2377,1
1056,891,1
281,1344,1
817,816,1
1034,1332,1
62,51,1
5470,5767,1
2463,3624,1
3587,4193,1
2459,4867,1
2023,1574,1
4194,2126,1
2323,3825,1
891,2044,1
4607,5593,1
3669,4403,1
4377,5864,1
105,3445,1
756,4007,1
6029,6613,1
112,405,1
1160,860,1
4300,4628,1
1105,656,1
3444,3598,1
3360,6015,1
579,239,1
265,0,1
5449,3153,1
2584,2829,1
1655,5050,1
546,640,1
723,1306,1
502,262,1
697,2315,1
2652,1759,1
697,6916,1
4677,5179,1
4892,5666,1
2707,3148,1
697,6705,1
5141,5870,1
3153,5966,1
615,897,1
3409,4605,1
125,232,1
6300,6202,1
2044,4676,1
647,1559,1
1256,4482,1
816,207,1
3654,4459,1
3150,4892,1
3140,5043,1
1050,2361,1
1343,2323,1
66,357,1
580,1260,1
5317,6020,1
5323,3649,1
4607,5075,1
6150,6429,1
1001,2451,1
2044,2765,1
6173,2956,1
4541,2829,1
3020,2790,1
2224,1937,1
111,2563,1
5750,6149,1
2603,5933,1
3701,4272,1
2469,5050,1
289,774,1
36,27,1
2548,3602,1
2347,5633,1
2463,2018,1
3610,5527,1
735,1272,1
1961,3781,1
1050,6733,1
3969,2617,1
5997,6024,1
2126,2301,1
5166,4606,1
1450,874,1
3662,3818,1
3654,4817,1
5138,5539,1
398,4999,1
4548,5496,1
1471,1892,1
656,2356,1
6548,6809,1
6029,6667,1
2471,2357,1
292,871,1
986,571,1
718,1450,1
3261,6993,1
2763,5414,1
4180,2531,1
1471,1523,1
1984,2066,1
364,363,1
1034,1048,1
99,4817,1
3059,4822,1
5238,5996,1
2330,4063,1
1069,1064,1
6029,5534,1
5176,2079,1
4377,4256,1
1958,1956,1
1951,3387,1
719,1515,1
6351,3679,1
3148,4308,1
4677,4720,1
2733,2604,1
3314,5735,1
2790,3645,1
10,44,1
2090,2427,1
2041,1795,1
718,1984,1
3248,1828,1
3837,3647,1
6690,6686,1
3096,1493,1
3328,2657,1
362,3306,1
1192,2746,1
6300,6429,1
2164,5641,1
3387,3248,1
885,1456,1
1450,2855,1
1366,3007,1
4701,1655,1
4253,5070,1
23,956,1
1701,2062,1
4552,5145,1
2007,1909,1
2459,2366,1
2533,4561,1
285,4822,1
6755,6180,1
4610,4335,1
4962,5102,1
1675,1609,1
2348,2587,1
1763,2172,1
697,2057,1
1699,4672,1
3678,5102,1
1672,2698,1
3313,5167,1
305,1384,1
3138,2430,1
10,141,1
5144,6399,1
23,26,1
5271,3261,1
2164,6953,1
391,6545,1
5514,3153,1
961,3168,1
2287,3842,1
253,3644,1
3286,1627,1
2730,2582,1
286,917,1
289,681,1
4894,3453,1
43,698,1
1032,4233,1
2531,1197,1
3313,2697,1
4228,5687,1
3594,4226,1
1450,1486,1
3543,3825,1
1394,863,1
1393,1298,1
4543,3729,1
6152,5209,1
1205,1423,1
3059,1197,1
157,762,1
57,356,1
4831,3189,1
6096,5769,1
2457,2209,1
6455,6456,1
2064,6953,1
1900,2511,1
565,3644,1
1105,5682,1
3307,3330,1
2648,891,1
576,3956,1
4612,4872,1
2464,2032,1
3259,3255,1
3019,5061,1
3653,4504,1
3387,2975,1
6372,6349,1
1609,2427,1
3059,2063,1
669,4627,1
1192,2799,1
2127,1828,1
69,228,1
3150,3140,1
6695,4444,1
4361,3518,1
6414,6151,1
6156,5185,1
5073,5222,1
2348,2532,1
2044,2863,1
5420,6218,1
87,5736,1
3465,3904,1
2348,2296,1
286,203,1
3143,3825,1
1555,5967,1
4477,5933,1
4192,4700,1
1035,1395,1
829,405,1
2525,1940,1
5,1507,1
5883,5827,1
3799,3446,1
755,1061,1
2763,5401,1
285,1699,1
3335,2761,1
6176,5800,1
3153,4872,1
2790,2373,1
77,1437,1
2048,2062,1
23,306,1
163,768,1
2669,2425,1
1001,2752,1
244,239,1
4469,4480,1
39,50,1
26,1042,1
4430,6546,1
4283,4444,1
2126,2666,1
3534,2765,1
3151,2735,1
3150,1961,1
1277,1060,1
3150,1235,1
6865,6990,1
4608,5109,1
951,379,1
4857,4118,1
972,3464,1
1900,2583,1
6168,6429,1
4193,2250,1
2707,5065,1
972,2377,1
2382,4996,1
2389,3148,1
3739,4832,1
133,398,1
1408,3128,1
1447,2765,1
340,665,1
4897,5983,1
1270,1266,1
3286,3242,1
2397,2377,1
377,363,1
1615,1745,1
6038,6830,1
1740,1960,1
1686,756,1
403,163,1
6028,4472,1
157,1898,1
2584,2397,1
5514,5138,1
6405,6585,1
701,743,1
2057,2132,1
662,1892,1
1485,1609,1
1256,5019,1
1032,3653,1
2164,4672,1
4616,4118,1
2648,1892,1
4618,2382,1
6300,3020,1
2126,3519,1
2398,4672,1
1351,2617,1
3807,4312,1
1629,762,1
2334,2580,1
5786,5933,1
1894,428,1
3189,4420,1
279,618,1
77,294,1
3204,1961,1
28,638,1
2680,2397,1
5043,6000,1
872,910,1
6438,1820,1
904,1420,1
1168,1321,1
4377,4499,1
5705,5736,1
1432,1897,1
3159,1235,1
381,1420,1
1256,3096,1
2032,1951,1
4463,5586,1
3,134,1
111,2871,1
669,6161,1
1256,5247,1
5786,6335,1
896,936,1
3086,6926,1
4943,5892,1
2892,1267,1
4542,3153,1
284,822,1
735,1088,1
3248,4854,1
3143,4875,1
1095,1951,1
4522,3002,1
2818,2357,1
3153,4403,1
2294,3195,1
1442,1441,1
197,2132,1
6335,5317,1
6776,6777,1
3654,1811,1
3975,2476,1
502,605,1
2348,1851,1
3236,2758,1
2758,1655,1
916,2747,1
4606,6389,1
1256,7029,1
254,551,1
2975,1961,1
1681,1366,1
1366,1168,1
904,2756,1
2063,4431,1
99,4537,1
3222,2018,1
948,863,1
285,1184,1
2457,891,1
1018,604,1
1949,2487,1
2377,1566,1
4283,5330,1
1341,875,1
1549,4059,1
57,603,1
1062,1936,1
2615,2226,1
2763,1054,1
1244,3861,1
3886,3624,1
4810,1655,1
2377,2394,1
2043,1649,1
2763,2666,1
1477,4477,1
4500,6798,1
4116,6479,1
4576,5743,1
1062,4256,1
4599,2348,1
7064,6735,1
3394,4725,1
2756,2270,1
2044,2079,1
6180,1086,1
5123,5153,1
801,3624,1
4897,4456,1
2348,2421,1
1116,1734,1
5143,5474,1
3655,6178,1
713,641,1
581,1437,1
3248,3444,1
10,794,1
1095,1940,1
1172,1088,1
2506,2850,1
1656,1492,1
1259,1276,1
1268,1358,1
5420,4193,1
154,780,1
3807,4573,1
2348,1960,1
5105,6123,1
3328,6512,1
3493,2428,1
4631,669,1
2325,2287,1
28,31,1
5792,6512,1
118,669,1
322,4672,1
656,1937,1
5514,6146,1
1050,4616,1
587,3711,1
2721,4164,1
3990,6334,1
23,3280,1
768,665,1
3465,4788,1
4031,4924,1
669,5474,1
7,684,1
1416,2381,1
62,5967,1
221,138,1
1909,2122,1
5218,5232,1
591,445,1
2431,6916,1
1370,1724,1
284,2571,1
5783,2600,1
5123,5772,1
5827,6186,1
36,342,1
917,1319,1
10,944,1
5134,5586,1
3794,4616,1
2382,5772,1
78,14,1
2984,2690,1
1205,1936,1
5680,6146,1
2382,1585,1
4899,5109,1
972,1056,1
2476,3495,1
4427,4164,1
2781,3109,1
1256,6087,1
1370,1793,1
3082,3195,1
1180,1332,1
4425,3004,1
2833,2976,1
982,4222,1
910,277,1
62,80,1
4695,3124,1
1736,3630,1
6034,5554,1
1485,2048,1
279,2465,1
4892,3303,1
6440,3644,1
999,1704,1
2591,1664,1
6513,2431,1
2607,4217,1
2476,3904,1
4451,553,1
23,2691,1
1424,1534,1
3168,3252,1
3143,4528,1
6180,6087,1
3248,5050,1
6520,6595,1
1532,2544,1
591,2765,1
163,371,1
241,616,1
649,1116,1
4892,6568,1
4309,4210,1
1034,1296,1
1124,1063,1
638,1136,1
2926,2381,1
571,398,1
5202,5198,1
19,656,1
756,4233,1
5792,6993,1
857,1027,1
1594,2976,1
3395,4297,1
951,2032,1
2467,4606,1
28,669,1
725,910,1
5514,6479,1
1116,1088,1
81,1501,1
1416,3644,1
2099,3763,1
107,546,1
910,1657,1
1653,5073,1
1458,1734,1
4430,3453,1
581,3904,1
1938,5194,1
4606,5127,1
2090,3247,1
698,1330,1
2397,6026,1
3059,2842,1
3534,3059,1
23,1814,1
2457,3521,1
1502,3303,1
36,3108,1
3599,3452,1
6021,6020,1
4182,3446,1
224,2296,1
165,1173,1
2126,3504,1
1938,2124,1
4617,6737,1
5129,6777,1
490,1695,1
2025,2850,1
1031,2063,1
2735,4787,1
1814,2371,1
2044,4990,1
1183,3320,1
2705,3807,1
4852,4823,1
2814,933,1
1050,4996,1
654,649,1
5236,5554,1
3335,4068,1
917,1892,1
2044,1851,1
106,445,1
2328,3598,1
8,789,1
3174,5102,1
3794,4573,1
1736,2397,1
1420,2071,1
4116,3580,1
4892,6756,1
4892,6227,1
559,600,1
6152,6619,1
4607,3529,1
1370,4007,1
54,874,1
5468,5641,1
2282,1669,1
2340,14,1
3662,3685,1
743,2746,1
697,5247,1
1629,1770,1
1540,1814,1
1160,1170,1
1615,1898,1
5,726,1
5138,3926,1
4149,4559,1
2693,2575,1
6069,5043,1
23,1704,1
8,498,1
644,957,1
5043,4195,1
644,903,1
54,2711,1
3912,3907,1
725,210,1
4164,5425,1
861,859,1
2463,3685,1
3719,1828,1
2493,1393,1
105,2183,1
310,658,1
713,683,1
3223,3147,1
5634,5236,1
237,571,1
4603,1141,1
2463,3134,1
1471,2438,1
3543,2366,1
3882,3248,1
2908,3763,1
865,1976,1
286,1136,1
3153,4508,1
1106,2405,1
10,4063,1
4377,4912,1
1820,1839,1
756,4705,1
4617,5470,1
604,3647,1
5326,5324,1
4548,1542,1
1829,2556,1
3084,3415,1
1408,3045,1
1032,4687,1
2348,2471,1
1471,1574,1
1471,3624,1
4377,5102,1
4602,5237,1
5786,2348,1
4654,2829,1
2705,2389,1
2048,5921,1
3147,4079,1
642,48,1
2373,2975,1
3084,2430,1
3314,5827,1
1655,3446,1
2023,1323,1
105,3701,1
1555,5058,1
53,44,1
3313,2357,1
954,4552,1
3594,5666,1
1306,947,1
2196,2323,1
5141,5145,1
5472,5505,1
4628,6123,1
3733,2420,1
1568,1734,1
4522,4508,1
973,3508,1
2348,2467,1
697,3406,1
1172,669,1
3584,2897,1
5782,5929,1
576,4403,1
1629,2381,1
2506,2742,1
284,28,1
10,2975,1
4859,6798,1
697,3594,1
5137,5996,1
2742,3046,1
2425,2564,1
1056,644,1
2786,6614,1
2053,1761,1
1018,1113,1
3150,2572,1
76,4193,1
6741,6861,1
11,24,1
2261,1935,1
4163,4910,1
99,4687,1
5222,5073,1
4194,2533,1
3171,2059,1
1608,4535,1
2044,3581,1
157,1400,1
3150,2760,1
5129,6389,1
2,320,1
167,2381,1
1625,2398,1
4463,6060,1
5574,6598,1
4430,3004,1
3990,4077,1
1035,2476,1
10,51,1
6180,6026,1
6218,6029,1
719,5688,1
1106,1566,1
1415,4850,1
2463,4335,1
6674,4444,1
10,675,1
24,5496,1
2866,6001,1
1349,947,1
28,1027,1
6176,4813,1
10,309,1
4444,2191,1
910,1643,1
4145,3134,1
1346,888,1
4819,3445,1
2126,3172,1
794,1384,1
340,1054,1
3712,2735,1
1029,1063,1
3722,4504,1
3587,5146,1
2867,3647,1
1032,1056,1
3303,3907,1
1220,888,1
5146,817,1
6146,3585,1
4599,6146,1
1031,237,1
4617,5224,1
2061,2746,1
1306,3295,1
76,4482,1
3140,4892,1
1824,2127,1
61,4970,1
3151,3392,1
2348,4210,1
1002,5488,1
2859,2855,1
3732,2127,1
197,24,1
118,1156,1
3059,3307,1
718,187,1
1050,6332,1
6056,6085,1
6384,142,1
1761,2525,1
3465,3939,1
2348,1613,1
6024,5554,1
727,726,1
3746,4097,1
910,1503,1
8,205,1
912,1566,1
1828,4694,1
4599,5209,1
3904,3465,1
6152,6173,1
6147,884,1
2890,3097,1
3450,3594,1
20,130,1
4874,4872,1
1965,892,1
4149,5800,1
755,2287,1
2548,2420,1
1032,4535,1
284,546,1
10,1418,1
5453,3644,1
4574,4573,1
3147,4999,1
2270,2295,1
4552,5554,1
1250,2377,1
2680,14,1
697,962,1
3109,2572,1
7022,7021,1
1960,3415,1
1062,2048,1
1277,1649,1
3450,428,1
422,3134,1
281,3160,1
4430,6084,1
5073,2747,1
1156,1003,1
279,933,1
178,1014,1
4965,5430,1
1625,2172,1
1363,373,1
5249,2522,1
2032,1944,1
154,1264,1
1447,1984,1
3134,3465,1
4416,3719,1
6587,6412,1
4038,5742,1
2722,2166,1
4626,2466,1
2817,2765,1
669,6437,1
3360,5967,1
3144,3680,1
2431,7063,1
1266,962,1
5866,6195,1
2272,2048,1
62,724,1
5827,5854,1
2566,14,1
3672,4489,1
525,4999,1
2348,6705,1
4628,3529,1
4613,4952,1
6146,2680,1
1032,3330,1
119,1395,1
632,5628,1
154,898,1
4892,4895,1
4451,5490,1
2421,168,1
2294,2555,1
640,1512,1
222,24,1
6587,4482,1
576,4875,1
3273,4286,1
3150,5043,1
525,4541,1
4819,3508,1
2432,2740,1
2607,3148,1
2431,6429,1
3314,5864,1
460,660,1
4033,3153,1
3097,3242,1
2798,4226,1
4617,3518,1
281,698,1
2164,3222,1
14,474,1
6369,4961,1
6176,6770,1
1608,2531,1
4522,4602,1
2742,5630,1
916,1594,1
884,3150,1
159,718,1
1446,1610,1
1029,910,1
5190,5194,1
5866,5534,1
2763,4672,1
755,2477,1
1156,2166,1
2033,1256,1
4180,4443,1
6612,6619,1
5792,3303,1
3242,3295,1
3087,6024,1
4608,3446,1
3407,669,1
2202,5282,1
2463,2233,1
5329,2079,1
2270,891,1
5245,6798,1
2832,1330,1
3807,3045,1
284,859,1
3723,2697,1
3248,5167,1
3148,4177,1
3678,2064,1
5472,4216,1
6029,6399,1
2048,5800,1
4617,2357,1
4824,7029,1
2673,1585,1
697,774,1
5138,6244,1
902,2604,1
0,526,1
1785,1670,1
1701,3347,1
1244,369,1
66,512,1
912,4854,1
5101,3261,1
4606,6405,1
2463,4059,1
2126,4528,1
6185,5800,1
2334,2583,1
1363,1483,1
2090,891,1
6669,4444,1
16,682,1
6102,5921,1
2287,3146,1
4078,4782,1
4543,4213,1
1263,3406,1
5929,5800,1
5470,4226,1
644,2172,1
4892,4961,1
78,4787,1
1450,1658,1
1370,5641,1
920,719,1
6171,4177,1
1080,1578,1
1082,14,1
746,910,1
705,495,1
1949,1178,1
1256,1405,1
128,271,1
2159,3679,1
1256,3303,1
1949,168,1
575,279,1
1629,1135,1
48,740,1
4616,5987,1
4194,4283,1
294,1048,1
1961,2740,1
1803,4217,1
4755,4832,1
4300,4456,1
2705,2765,1
4561,5534,1
4599,5286,1
528,2617,1
3140,669,1
2758,2673,1
2995,3672,1
16,9,1
3643,6565,1
3654,3644,1
1262,1892,1
697,1106,1
5912,6545,1
4230,2760,1
1136,1892,1
1675,1944,1
5571,1420,1
1040,1063,1
1032,2079,1
1394,1003,1
1951,4930,1
5695,4213,1
3314,5916,1
1664,3719,1
5572,4777,1
2338,2378,1
5292,1372,1
1761,1968,1
4654,4687,1
3558,2291,1
3580,4535,1
10,2427,1
3303,1961,1
5141,6302,1
3178,3521,1
1235,1816,1
19,5102,1
6151,6998,1
4897,5770,1
2044,1178,1
398,1657,1
2467,4177,1
1900,944,1
5398,5414,1
4897,6047,1
4919,3445,1
4417,4499,1
8,208,1
6922,5782,1
4091,3885,1
2704,2702,1
2465,3004,1
904,1156,1
32,239,1
5137,4672,1
2767,187,1
1850,2226,1
1035,1562,1
320,50,1
1141,1344,1
3495,4787,1
4477,4912,1
1032,832,1
3174,1130,1
718,680,1
3871,5050,1
1415,4605,1
4522,5139,1
2447,5514,1
4648,5247,1
1105,2575,1
4599,6038,1
4149,4535,1
2707,4782,1
3316,3763,1
299,139,1
2673,2908,1
1370,14,1
21,1,1
222,254,1
3394,6820,1
2071,3719,1
5105,5480,1
2465,3845,1
1471,5058,1
22,48,1
371,363,1
6682,6107,1
4169,3033,1
510,284,1
6521,3984,1
1003,1676,1
1062,4217,1
3313,3138,1
5680,6335,1
1032,4310,1
4149,3624,1
126,235,1
3307,5493,1
3087,4910,1
2338,1051,1
4705,4979,1
713,1450,1
2575,2871,1
1818,3904,1
743,1156,1
776,1951,1
2473,2457,1
2348,6585,1
755,1364,1
1235,1173,1
5727,4213,1
4854,4443,1
1272,2378,1
2703,3861,1
40,1611,1
967,1960,1
5488,5534,1
422,1734,1
2377,2580,1
112,139,1
1486,1184,1
735,3939,1
910,2428,1
2686,1178,1
4613,3446,1
1059,780,1
6460,6456,1
5921,5966,1
6334,6306,1
391,4857,1
285,1631,1
4172,1420,1
5127,6953,1
3148,3287,1
904,2420,1
6056,6591,1
718,641,1
4194,4172,1
5641,5772,1
3148,4031,1
4552,4872,1
4897,4952,1
5820,3585,1
1951,3169,1
1099,1156,1
3733,4988,1
5539,6190,1
1811,2294,1
2890,2838,1
1591,1062,1
220,239,1
838,2855,1
0,104,1
1256,4463,1
5129,7027,1
3314,5092,1
285,1453,1
3059,4077,1
2348,3160,1
2261,2343,1
2752,1649,1
4192,4108,1
3996,2617,1
2742,5222,1
2366,5198,1
3143,3488,1
1888,6029,1
1349,1463,1
4417,4552,1
232,660,1
20,1082,1
4403,4573,1
2063,5131,1
2738,2366,1
1050,2099,1
218,24,1
2348,3647,1
1062,2815,1
1578,1450,1
2741,2123,1
4616,5743,1
1131,1919,1
3449,2476,1
1421,2732,1
3305,3347,1
1026,1703,1
10,1355,1
4,22,1
4377,6916,1
6865,6864,1
1370,2604,1
422,2295,1
972,3059,1
398,1803,1
134,24,1
4792,3315,1
5172,5026,1
6640,6686,1
3449,2389,1
111,2430,1
4604,5161,1
2444,2375,1
4303,1238,1
23,963,1
2706,1493,1
6805,6026,1
2477,1627,1
1220,1143,1
632,318,1
4736,4561,1
3082,3141,1
5792,5925,1
3532,5145,1
2463,4587,1
3648,2427,1
1174,2740,1
3986,5131,1
3678,3870,1
2209,1106,1
2890,3045,1
3313,2476,1
2971,2270,1
6414,2431,1
2761,2357,1
236,5505,1
2473,3108,1
4754,3541,1
3435,3169,1
1105,2191,1
4377,4569,1
292,1404,1
2270,2799,1
3648,3242,1
4561,3508,1
2172,3303,1
2463,5490,1
2866,3981,1
6660,5161,1
2600,2790,1
5137,5292,1
4078,3154,1
4335,4164,1
1166,1353,1
167,1276,1
4430,4607,1
3313,4213,1
165,2323,1
107,909,1
624,1386,1
1174,2617,1
1050,2127,1
77,2127,1
5138,5554,1
2548,2457,1
1062,2331,1
2607,3160,1
2707,1627,1
2263,2567,1
392,167,1
6780,7021,1
5123,3153,1
6702,1372,1
6674,6173,1
755,2349,1
4477,5555,1
1371,1404,1
2090,3340,1
3336,3541,1
3669,4782,1
7,618,1
769,1023,1
1394,1961,1
5586,6020,1
3097,3866,1
2617,2090,1
2166,3195,1
5637,5237,1
422,1395,1
1056,1459,1
4910,2600,1
718,1473,1
1205,1629,1
681,1197,1
1351,2032,1
1032,1130,1
3350,3861,1
2057,2706,1
2099,2291,1
4522,5921,1
2971,2294,1
1098,1493,1
4677,4823,1
4813,5929,1
2852,2444,1
1420,2145,1
4599,7109,1
4677,4286,1
2990,2381,1
284,309,1
5870,5209,1
898,2425,1
2463,778,1
4612,5075,1
934,1318,1
3331,2758,1
4773,5904,1
3296,4031,1
2048,4522,1
2285,2357,1
4606,6029,1
285,967,1
5190,4705,1
2506,2871,1
2444,1853,1
550,554,1
4548,5125,1
3444,4823,1
2166,3306,1
776,4628,1
725,1881,1
1996,4543,1
33,262,1
912,1515,1
2428,6161,1
1050,4606,1
279,2017,1
157,2079,1
371,963,1
3643,2064,1
3970,3967,1
232,690,1
422,1646,1
1420,1480,1
4979,5167,1
4607,4823,1
2430,3870,1
1383,1400,1
5354,7070,1
4677,2912,1
2348,1295,1
3654,2476,1
4445,4525,1
2063,1961,1
1256,2968,1
1370,2057,1
904,3627,1
3087,5209,1
724,657,1
713,1052,1
78,4819,1
4433,5375,1
8,406,1
3097,3301,1
3672,3280,1
1393,1682,1
3109,2366,1
4310,3320,1
4607,3679,1
1297,1610,1
2270,5414,1
1471,1816,1
422,3446,1
1640,693,1
2169,4226,1
4616,4867,1
4430,3168,1
1256,3020,1
4857,2315,1
6914,6537,1
3248,3154,1
2522,2074,1
3306,5232,1
1668,428,1
525,3649,1
2912,1141,1
1471,1156,1
2697,2604,1
1420,2847,1
155,1594,1
16,24,1
546,1355,1
5212,5966,1
1672,2381,1
5238,4552,1
697,1585,1
6810,7027,1
6151,7036,1
510,592,1
1062,2323,1
546,875,1
1099,3644,1
2127,3242,1
5706,4581,1
2792,1637,1
669,7021,1
2466,3825,1
3701,2315,1
632,5505,1
2833,1244,1
2377,2556,1
3129,2177,1
10,4077,1
3004,3045,1
3598,3445,1
1032,4210,1
289,952,1
270,1124,1
1106,1507,1
4171,5149,1
2289,2607,1
2763,669,1
310,554,1
1342,698,1
527,76,1
2179,4108,1
4616,6064,1
640,1976,1
253,445,1
5238,5420,1
2348,2466,1
1736,910,1
1408,2863,1
697,5590,1
2340,2191,1
96,254,1
3649,5537,1
1050,781,1
4543,6537,1
287,693,1
2463,4508,1
3311,2867,1
4164,2657,1
3543,2291,1
4417,2370,1
2463,3295,1
10,1803,1
4310,1351,1
1415,3189,1
3989,1960,1
5929,6218,1
3168,3303,1
1105,1892,1
453,1064,1
2750,3459,1
3014,3007,1
10,747,1
3033,3150,1
4077,4131,1
697,2465,1
1996,2328,1
294,4079,1
1002,2838,1
57,18,1
2101,6123,1
1404,2531,1
2357,3679,1
77,221,1
5286,6203,1
340,6479,1
29,356,1
6748,6180,1
3307,2127,1
1415,6479,1
163,394,1
5127,4943,1
4738,6598,1
2506,3781,1
2127,2434,1
1031,2425,1
642,896,1
2348,5867,1
2078,1156,1
2431,5185,1
3775,4312,1
2617,4079,1
2425,2471,1
164,684,1
801,3307,1
2617,2740,1
2831,6190,1
6275,6653,1
2680,2396,1
3330,4063,1
701,812,1
2099,2004,1
45,660,1
2366,2815,1
2366,2191,1
3336,3701,1
4427,5735,1
130,235,1
2347,4656,1
697,600,1
1928,4233,1
4598,4522,1
6096,6429,1
1363,1745,1
4226,4912,1
4910,5573,1
3097,3195,1
1471,2451,1
2799,1197,1
4377,2815,1
2705,3624,1
6154,7062,1
1420,1770,1
626,405,1
4539,669,1
32,44,1
7023,7048,1
1814,1485,1
5139,5554,1
1664,3109,1
5161,6585,1
502,816,1
5306,6087,1
3990,5612,1
2733,5864,1
896,588,1
6683,7090,1
422,2398,1
3092,2617,1
1835,1903,1
157,1386,1
2378,698,1
1945,4052,1
48,134,1
2099,3781,1
1928,3096,1
285,4607,1
3513,3849,1
64,262,1
4892,6782,1
3432,2697,1
157,874,1
2044,2370,1
3204,4118,1
1016,3059,1
2079,2191,1
4613,5666,1
5469,5586,1
1137,1424,1
281,1534,1
642,2525,1
4477,3672,1
3087,6595,1
197,1256,1
105,5073,1
1581,1330,1
1814,781,1
4548,4819,1
5236,4867,1
2890,2607,1
6816,7068,1
2761,2397,1
3134,2291,1
1097,2057,1
1366,1512,1
3360,6050,1
822,237,1
2427,3645,1
1664,2323,1
1032,3800,1
2285,2323,1
2531,1567,1
2159,2451,1
3143,5395,1
669,5916,1
277,1805,1
4417,6598,1
193,281,1
1664,2665,1
24,239,1
2897,3464,1
52,49,1
2575,2863,1
683,645,1
697,1285,1
2431,2459,1
4613,4961,1
1420,1298,1
2209,2208,1
912,1128,1
4965,4945,1
42,228,1
3211,3519,1
546,963,1
3314,5395,1
5623,4819,1
972,1950,1
4406,3128,1
1128,1088,1
30,4606,1
756,5256,1
2533,3939,1
2044,4605,1
501,1704,1
604,1585,1
6161,6510,1
964,2019,1
4228,3045,1
78,5125,1
1259,755,1
5292,6059,1
1052,698,1
5572,5470,1
155,2880,1
1370,575,1
2841,2818,1
4482,5612,1
2357,2372,1
1731,2032,1
1424,822,1
6574,6733,1
502,957,1
10,3033,1
76,1968,1
4543,5933,1
5783,5983,1
3465,3842,1
3678,3002,1
2975,3627,1
2703,1892,1
2126,2366,1
1214,1208,1
4919,6864,1
4548,4602,1
1371,1208,1
3874,3845,1
3444,4672,1
10,852,1
3353,2044,1
1583,4924,1
1664,698,1
6129,5921,1
6050,6029,1
4599,6165,1
3263,2348,1
1068,1332,1
3778,669,1
6146,6546,1
5493,5490,1
2600,5878,1
1478,1742,1
6454,6794,1
3417,2430,1
4892,6024,1
588,254,1
1026,1353,1
3314,1351,1
4801,5126,1
3410,2617,1
2548,2425,1
181,5929,1
28,5330,1
604,649,1
591,2361,1
3147,4283,1
4897,2087,1
1447,1471,1
23,645,1
5073,4350,1
2705,3769,1
1105,1976,1
2705,2223,1
6026,6545,1
1156,930,1
1320,1635,1
1376,2970,1
4144,3446,1
4300,5666,1
3653,3495,1
48,287,1
301,217,1
1917,1681,1
1699,2548,1
1050,6782,1
3355,4801,1
2126,2428,1
1803,1802,1
575,285,1
1471,4687,1
2289,2531,1
2062,2071,1
6703,5431,1
2148,944,1
2463,5479,1
2270,4872,1
1060,1568,1
5212,4672,1
4069,3464,1
701,917,1
4607,6756,1
3990,3912,1
3153,5324,1
1095,1984,1
3446,4508,1
111,2233,1
1615,2190,1
6152,5161,1
904,1605,1
6667,6861,1
1650,5105,1
1277,944,1
1256,2270,1
904,2582,1
2620,3651,1
4963,2191,1
4617,3901,1
794,860,1
5127,6084,1
2323,383,1
6148,6537,1
4150,4177,1
3207,3097,1
29,1343,1
4965,2533,1
470,3059,1
1256,5198,1
801,2366,1
3991,4222,1
4617,6637,1
4801,4287,1
6154,6876,1
50,381,1
10,3475,1
4606,5141,1
3287,3653,1
857,1703,1
10,848,1
3287,3719,1
581,4226,1
1761,2087,1
2707,5149,1
3146,4061,1
2463,4098,1
1268,1745,1
910,1591,1
24,1082,1
3189,5061,1
4599,4472,1
195,926,1
3672,3967,1
3444,2250,1
3350,2397,1
1018,215,1
2173,2607,1
1205,1908,1
286,719,1
4473,2760,1
1366,1131,1
5685,6015,1
605,2516,1
2390,2492,1
5352,5375,1
2431,6437,1
3147,2370,1
3147,3140,1
3163,2459,1
5792,2680,1
3919,2572,1
4031,3147,1
1731,2673,1
3287,3280,1
4482,5292,1
4677,4602,1
1306,1643,1
1627,2360,1
1918,5126,1
4522,4605,1
5783,6173,1
4599,6405,1
3649,4605,1
3871,5075,1
2892,2761,1
1981,3055,1
4182,5127,1
3314,5668,1
904,1950,1
3800,3150,1
5,82,1
4817,5179,1
1375,2815,1
3651,3645,1
3401,4561,1
157,1344,1
50,347,1
3336,1542,1
2462,1853,1
743,2787,1
2469,4061,1
644,972,1
23,6230,1
6180,5966,1
1233,1555,1
1417,1670,1
3649,3154,1
697,1566,1
743,3848,1
2575,2166,1
1002,1830,1
5734,6389,1
3147,3649,1
1471,1591,1
4004,5586,1
5042,4605,1
5539,5792,1
1002,1690,1
4606,4561,1
2733,5129,1
1262,2296,1
1235,1358,1
794,1330,1
860,1299,1
817,1021,1
4892,5420,1
697,4287,1
10,1112,1
6244,1285,1
253,571,1
1580,4226,1
3662,3971,1
2648,1493,1
3058,4108,1
2456,4730,1
28,2125,1
3446,1961,1
4602,4537,1
5286,5127,1
4631,4164,1
373,2190,1
1131,2127,1
2463,3152,1
157,2140,1
3410,3763,1
279,872,1
697,2378,1
231,684,1
3020,5736,1
3038,2467,1
2459,2604,1
5317,6047,1
1004,1682,1
2456,1935,1
378,363,1
1951,669,1
5486,5537,1
3328,3320,1
499,1130,1
2584,3169,1
986,983,1
725,915,1
2746,5929,1
4561,4226,1
2091,3719,1
2763,2425,1
4599,3153,1
2164,5426,1
3296,2584,1
193,848,1
5989,6195,1
6151,5414,1
2620,2381,1
2486,2897,1
588,1253,1
1193,3109,1
6192,5929,1
756,5586,1
3143,4734,1
4600,4226,1
4788,4518,1
141,774,1
3248,2366,1
6294,5827,1
422,4456,1
669,6084,1
4609,3825,1
822,898,1
2348,2328,1
130,125,1
3222,3487,1
1566,2683,1
285,2455,1
822,1003,1
106,278,1
6513,6512,1
6640,5904,1
4194,3702,1
2657,6248,1
1417,1644,1
3248,3873,1
2733,1933,1
6180,6619,1
546,287,1
3222,3148,1
279,239,1
591,898,1
2471,3867,1
773,803,1
1131,1730,1
4522,4627,1
1627,3059,1
294,3495,1
912,533,1
3437,3861,1
3147,4063,1
157,863,1
546,656,1
591,2707,1
1099,2038,1
1740,2556,1
3309,2370,1
1613,1730,1
2703,2018,1
669,4961,1
6709,5925,1
1244,2908,1
136,134,1
6218,2956,1
1050,656,1
904,2357,1
2382,2698,1
2,332,1
107,983,1
5703,6335,1
1844,2250,1
3743,1828,1
10,1168,1
6691,5329,1
866,4456,1
4897,6437,1
776,1027,1
2648,187,1
6146,6650,1
99,4414,1
964,2058,1
1172,3981,1
2330,3410,1
896,379,1
4192,4535,1
5813,5480,1
2427,3691,1
649,1501,1
4430,5590,1
695,4808,1
1002,5149,1
5571,5534,1
1460,2997,1
294,3647,1
285,1928,1
2801,2057,1
546,2381,1
54,2691,1
6574,4805,1
4612,4427,1
3643,5026,1
3086,2893,1
5129,3475,1
701,1143,1
1996,5375,1
1471,1386,1
3313,2127,1
718,1398,1
4892,4664,1
1776,1704,1
6,208,1
3087,5222,1
5002,5149,1
2044,4171,1
3147,4628,1
3315,3306,1
286,701,1
719,1376,1
3759,5966,1
1141,1290,1
2377,3691,1
3150,3141,1
4335,3781,1
3087,5889,1
3669,4621,1
3394,6770,1
13,161,1
3613,4007,1
5562,4952,1
697,1172,1
6981,3981,1
4417,2815,1
5690,4576,1
1314,1892,1
1366,1640,1
398,768,1
495,50,1
274,1512,1
4261,5474,1
28,29,1
2818,3956,1
1733,1730,1
1532,1023,1
3058,3580,1
1034,1364,1
1734,1944,1
4613,5153,1
2396,3261,1
502,571,1
2680,2838,1
373,1977,1
1422,1371,1
1578,1968,1
1029,1052,1
3594,7109,1
2099,4444,1
756,4949,1
697,2348,1
2471,3153,1
1471,1256,1
5149,3306,1
3096,5027,1
2357,6733,1
5786,1285,1
4897,3306,1
3164,3295,1
5994,3445,1
4617,1372,1
4631,3956,1
1056,1629,1
3273,4064,1
4417,6546,1
4228,4275,1
2720,2582,1
904,6953,1
1519,4999,1
1672,2815,1
5701,5633,1
3718,2127,1
6422,5742,1
5989,1420,1
1682,1106,1
1040,794,1
910,1658,1
2707,5763,1
788,29,1
4479,4310,1
5695,4479,1
2044,2787,1
4897,5666,1
4943,3475,1
285,5075,1
2287,1655,1
141,138,1
3647,3406,1
2330,2691,1
238,254,1
1699,1695,1
4552,4226,1
167,682,1
1363,341,1
41,50,1
6176,6953,1
2463,2506,1
2290,2580,1
3143,2518,1
2062,1298,1
4077,3152,1
3336,4656,1
1096,1306,1
41,2004,1
1062,3647,1
279,1344,1
1027,1358,1
2575,1637,1
62,581,1
1418,1793,1
2462,3055,1
1263,1258,1
4992,5496,1
3097,4217,1
6300,6050,1
2867,2457,1
1682,2004,1
904,2732,1
2707,2382,1
2834,1295,1
5495,1811,1
2810,2366,1
4523,4537,1
640,1510,1
1900,1272,1
1260,1804,1
3143,1585,1
2294,2465,1
587,1050,1
3097,2427,1
34,221,1
116,852,1
982,5688,1
2294,2556,1
3168,2430,1
284,1095,1
966,2698,1
6752,6026,1
4561,4606,1
1627,6637,1
580,2122,1
1627,1420,1
1032,4528,1
1938,2970,1
2463,5102,1
4310,4636,1
1940,2296,1
3722,4059,1
1235,855,1
2357,2668,1
6346,5870,1
917,398,1
6561,6056,1
28,1237,1
2459,2752,1
18,529,1
904,2427,1
2829,1585,1
4842,5641,1
1766,1676,1
1192,1456,1
5127,6165,1
2347,3347,1
5062,5928,1
3647,4312,1
2833,3316,1
6987,6986,1
5929,6502,1
6773,3984,1
6674,6206,1
936,489,1
2425,3627,1
1298,1830,1
2500,4052,1
144,1052,1
697,4061,1
6220,5929,1
2658,1627,1
641,1427,1
719,3495,1
4400,5800,1
96,361,1
4033,4561,1
860,875,1
1763,3040,1
197,1695,1
3594,2680,1
3211,1567,1
1111,857,1
981,428,1
3124,698,1
3486,3563,1
4086,6686,1
4926,3529,1
3807,4171,1
1256,6565,1
285,862,1
2463,3176,1
292,701,1
1193,1098,1
1050,1890,1
2127,5742,1
943,872,1
5022,5050,1
4599,6307,1
4979,5868,1
6176,4961,1
23,695,1
4506,3392,1
2290,1295,1
912,2555,1
1393,1940,1
1358,1050,1
294,1386,1
6028,5534,1
4618,4617,1
502,1761,1
172,125,1
3150,3624,1
4542,7005,1
77,2760,1
2810,3410,1
3495,2476,1
2763,2301,1
2,279,1
5706,6429,1
2707,2127,1
4552,14,1
3719,1176,1
3155,3149,1
2680,3521,1
2767,3301,1
5283,5282,1
3650,3816,1
1718,1275,1
6945,5146,1
2394,2381,1
4193,5593,1
5043,2273,1
697,2600,1
2017,2556,1
1050,2582,1
680,3073,1
1689,2864,1
1811,1295,1
2048,5586,1
2033,2287,1
3643,3261,1
1394,1386,1
6038,6429,1
1370,1208,1
13,22,1
160,1112,1
2456,3849,1
4684,3885,1
4194,1851,1
4859,5109,1
4444,6510,1
2270,4164,1
42,284,1
3746,3334,1
2852,2471,1
281,210,1
3111,3033,1
4979,4823,1
50,320,1
1811,1244,1
2338,4283,1
4194,3849,1
4482,5470,1
2705,2863,1
1002,1734,1
904,2690,1
4430,4850,1
1761,533,1
4522,4068,1
656,1593,1
499,2855,1
154,1375,1
2348,4970,1
111,1130,1
5037,5414,1
2057,2746,1
340,616,1
910,1747,1
221,526,1
294,6024,1
6147,6645,1
5138,4943,1
6028,6351,1
9,248,1
2750,2396,1
3776,4063,1
169,1828,1
232,616,1
3143,5496,1
163,1897,1
19,125,1
2760,4098,1
719,1631,1
6235,6029,1
3904,4233,1
10,292,1
1366,2377,1
2705,3150,1
1961,2546,1
589,785,1
3087,6647,1
1456,910,1
4171,2296,1
2767,2377,1
2617,1935,1
422,2091,1
3147,2476,1
10,1349,1
4482,3926,1
7014,6585,1
3147,3307,1
587,1294,1
2061,2123,1
1050,2956,1
2705,1961,1
422,1640,1
5377,4559,1
1487,926,1
1308,3691,1
2127,2204,1
1476,4287,1
155,3129,1
54,340,1
2697,6585,1
48,3685,1
5139,2315,1
6467,6218,1
6709,7029,1
23,4283,1
2522,5268,1
3137,2172,1
5495,4222,1
5,271,1
3653,3280,1
4310,1507,1
4542,6248,1
4792,5324,1
138,774,1
5149,4634,1
2428,3059,1
3920,3002,1
1314,930,1
853,1405,1
1458,1951,1
4417,6752,1
2062,4602,1
5905,5222,1
2476,1275,1
3087,5573,1
3401,1267,1
90,76,1
422,3649,1
2658,2377,1
78,237,1
2742,3169,1
1408,1050,1
1314,1404,1
2166,4427,1
1674,1730,1
1460,2377,1
5042,4443,1
4261,4854,1
4859,3679,1
3422,5933,1
197,1184,1
6073,5043,1
135,1184,1
3377,6026,1
794,1493,1
3261,4033,1
1938,2048,1
2486,1589,1
5989,2295,1
6405,6926,1
2425,3287,1
1018,1116,1
681,3129,1
422,5107,1
6574,5414,1
4823,142,1
2465,1828,1
4479,4832,1
6417,6413,1
187,1575,1
2065,2053,1
604,4443,1
1062,1892,1
3895,2815,1
1458,855,1
2018,2548,1
697,3495,1
1471,2127,1
1832,1050,1
3150,4822,1
4430,3644,1
4502,5925,1
2099,3751,1
3444,3581,1
5989,5933,1
2756,2038,1
5113,5232,1
2746,2735,1
1420,3169,1
2868,1585,1
5539,5767,1
751,1294,1
277,888,1
4854,5050,1
5539,5766,1
1063,1355,1
1244,1467,1
40,0,1
1420,2673,1
3030,2315,1
4616,6059,1
6438,7021,1
1591,910,1
2357,2864,1
2767,3531,1
2270,3691,1
157,944,1
50,332,1
193,347,1
2377,698,1
1420,4854,1
4943,3453,1
2043,1951,1
1345,1106,1
1740,6230,1
38,1064,1
6812,6415,1
604,3150,1
5870,6537,1
896,239,1
3087,6064,1
422,6614,1
2427,2044,1
3314,4543,1
2584,3465,1
155,2690,1
743,3861,1
3919,3541,1
10,1080,1
6050,6565,1
1202,1676,1
5742,5222,1
697,4193,1
5918,5928,1
2681,6149,1
2287,2765,1
2348,2724,1
2064,2531,1
3394,4217,1
5676,5668,1
2043,2066,1
3444,4131,1
1938,2746,1
6695,6693,1
2456,4213,1
2048,2087,1
776,1915,1
3147,5710,1
1664,3108,1
1050,2760,1
4823,2290,1
2071,5058,1
181,1523,1
5127,5928,1
422,6920,1
6161,6861,1
5148,3529,1
3145,2617,1
3594,1589,1
2742,3252,1
1272,2746,1
5151,5224,1
755,1984,1
1235,1602,1
1940,910,1
2373,2079,1
924,944,1
2044,2871,1
3959,6686,1
2747,4819,1
5548,5138,1
4603,4177,1
289,237,1
1669,2582,1
7,598,1
2462,2204,1
1487,4222,1
1649,1908,1
4412,6993,1
3207,3360,1
581,2425,1
2549,1759,1
3812,6705,1
167,2127,1
1563,2127,1
2742,2375,1
2431,6770,1
1640,2053,1
11,1437,1
286,743,1
1835,1640,1
2818,2381,1
2431,2099,1
681,726,1
1244,1096,1
6026,2431,1
3669,3150,1
81,498,1
5329,3189,1
1625,4654,1
747,2758,1
34,397,1
1233,1956,1
3655,6637,1
5,50,1
505,1901,1
4616,5222,1
576,5153,1
4272,6114,1
1434,2855,1
3286,2908,1
10,4052,1
54,0,1
4892,6619,1
2705,2758,1
1940,2287,1
1471,2582,1
4892,6510,1
1900,1393,1
422,774,1
1365,1392,1
2044,4097,1
3146,3873,1
6300,2810,1
4427,3997,1
749,1064,1
3097,3203,1
2261,694,1
2261,1256,1
1116,2756,1
2465,3488,1
2739,2123,1
6173,5827,1
3587,4097,1
917,1473,1
286,1318,1
2752,3073,1
3157,3680,1
756,2697,1
3097,2471,1
6589,6585,1
892,910,1
2071,3818,1
1095,2395,1
4606,5706,1
1256,1376,1
2382,1062,1
4541,1542,1
1825,1450,1
1366,1421,1
2431,1192,1
3458,3457,1
2348,3691,1
981,1168,1
576,1088,1
1349,1724,1
220,24,1
6142,4773,1
943,1018,1
4522,4427,1
3771,2697,1
4918,1351,1
119,1591,1
155,675,1
3097,3316,1
3779,1892,1
5746,4195,1
2742,2059,1
1450,1260,1
1356,1611,1
3444,3406,1
6560,4537,1
1116,723,1
10,3653,1
5534,5892,1
4417,553,1
6505,6538,1
5139,5505,1
3649,4819,1
2382,1984,1
2323,5209,1
1097,2293,1
4664,3926,1
6180,3912,1
372,620,1
4038,2315,1
8,898,1
1376,1510,1
373,2394,1
1811,3685,1
285,952,1
2096,2604,1
4116,3153,1
3314,5141,1
3296,2018,1
285,1135,1
3283,2294,1
18,168,1
2431,4528,1
28,1115,1
3672,3580,1
81,48,1
983,2044,1
2548,4857,1
4417,6001,1
3174,5169,1
2457,2323,1
632,5092,1
422,5155,1
1366,4427,1
1062,2764,1
1619,5293,1
6180,5317,1
2717,7109,1
2348,2958,1
3255,5996,1
237,239,1
5181,4552,1
4616,5792,1
3444,1192,1
3316,3972,1
3807,2158,1
2402,2706,1
4429,2521,1
3580,3316,1
1095,1761,1
57,3778,1
126,5983,1
490,1664,1
1485,2516,1
1420,1256,1
3087,6591,1
1105,1284,1
298,876,1
5513,4219,1
3654,4573,1
4892,142,1
2099,2397,1
294,3904,1
1366,1835,1
24,64,1
942,963,1
1589,1793,1
298,719,1
1478,1142,1
6146,6306,1
3242,2467,1
490,4892,1
3147,3033,1
3395,1828,1
1105,2018,1
2465,3034,1
2398,5967,1
5680,7109,1
3669,1851,1
112,198,1
2122,2145,1
6335,5782,1
1502,1898,1
3746,4616,1
4943,5710,1
3307,3861,1
1002,5414,1
4430,5179,1
3598,3800,1
1420,1989,1
2507,3630,1
697,2665,1
4561,5070,1
1343,1244,1
10,2673,1
5514,4616,1
3328,2531,1
792,783,1
3886,3146,1
6971,3644,1
28,5149,1
6096,6735,1
697,794,1
1105,2361,1
5129,5916,1
2064,6479,1
118,395,1
4033,4705,1
4892,6437,1
5786,3518,1
2464,2169,1
23,2567,1
3082,2270,1
3248,2572,1
281,2125,1
2705,2177,1
2890,1634,1
4426,1197,1
2348,2799,1
647,1467,1
902,1802,1
4437,4499,1
5105,6026,1
1835,1609,1
1244,936,1
1099,2476,1
2912,5034,1
6050,6026,1
6566,6565,1
3835,1960,1
16,310,1
2064,4559,1
6029,6050,1
3318,3651,1
1359,1437,1
972,780,1
286,665,1
340,1493,1
28,897,1
1951,2296,1
2099,5633,1
2707,3508,1
2164,3140,1
2707,5102,1
422,2046,1
755,1437,1
5102,6876,1
5043,2815,1
1256,874,1
3140,5512,1
4172,3033,1
4599,3825,1
24,31,1
735,3019,1
2975,3059,1
5664,5766,1
4541,5966,1
3189,3904,1
2330,2666,1
2270,1627,1
1141,1358,1
133,735,1
656,3169,1
1136,3531,1
1105,1386,1
604,2970,1
5138,1820,1
853,270,1
144,361,1
4602,5590,1
3543,428,1
6300,6218,1
2995,2398,1
3316,4052,1
1256,4587,1
4256,2572,1
5493,3410,1
1235,2019,1
201,24,1
1279,1278,1
3081,4066,1
2890,4297,1
2444,5075,1
4258,3059,1
904,2758,1
6180,6614,1
4477,3508,1
2122,1562,1
2767,3287,1
6305,6650,1
3002,3195,1
2476,3861,1
2690,1961,1
4616,1420,1
2062,2580,1
381,551,1
1262,1890,1
4310,4522,1
624,5405,1
1415,4219,1
2090,2740,1
2572,1106,1
78,645,1
624,1042,1
898,1115,1
4624,6608,1
2459,2032,1
129,815,1
2463,4676,1
755,1923,1
6646,6645,1
2373,14,1
3170,2838,1
4945,4447,1
3919,4875,1
2204,2575,1
2357,5073,1
591,2381,1
5684,5126,1
112,332,1
3649,2829,1
1640,2044,1
422,698,1
1370,4606,1
3157,1080,1
6408,6598,1
3083,2575,1
624,1405,1
5146,982,1
1091,1112,1
4548,4552,1
4463,5131,1
2518,62,1
3441,1838,1
4417,5414,1
576,1060,1
5043,6585,1
4599,6139,1
5043,5593,1
3222,2291,1
4437,2357,1
3059,1585,1
4223,3541,1
2396,321,1
3153,5534,1
3583,3459,1
4430,4617,1
1731,1933,1
157,2053,1
5870,5127,1
3094,2291,1
888,1375,1
2126,2742,1
1938,2062,1
4943,5668,1
5782,5286,1
3987,4621,1
3643,2829,1
10,2617,1
5539,6405,1
1372,2956,1
5042,5784,1
405,76,1
1763,2767,1
4000,5967,1
525,4447,1
2357,2871,1
1927,2038,1
3444,3719,1
1027,1594,1
4556,4569,1
1478,1823,1
2143,2140,1
5144,4892,1
888,857,1
798,797,1
2459,2571,1
2400,1256,1
1358,1486,1
237,1098,1
154,262,1
3904,2191,1
5155,4867,1
24,941,1
4548,2540,1
2431,1627,1
25,359,1
6149,6510,1
2997,2467,1
4892,6165,1
3147,3141,1
615,774,1
2373,1937,1
1615,1184,1
3444,2476,1
3731,3733,1
3654,4819,1
2348,1176,1
1056,270,1
164,903,1
3329,3059,1
310,852,1
838,606,1
1420,5966,1
2808,1892,1
4705,4559,1
604,786,1
3314,4720,1
2034,1898,1
2761,3701,1
4607,4543,1
1908,4588,1
1116,2356,1
9,153,1
2204,1562,1
105,6146,1
723,897,1
4430,817,1
3853,1054,1
2382,1664,1
3314,4700,1
5149,4463,1
2043,2706,1
669,4687,1
2600,5966,1
1029,1486,1
2338,369,1
2673,4299,1
4607,4654,1
1811,3645,1
6548,7068,1
6159,5149,1
6068,4068,1
4617,4543,1
1186,1320,1
6149,4870,1
292,724,1
1062,1670,1
4430,4032,1
1458,1432,1
3647,3315,1
1938,2127,1
2767,3059,1
1415,5479,1
1653,2233,1
5155,4895,1
5043,4282,1
2327,1795,1
2767,3330,1
1131,1178,1
2261,1830,1
2285,5152,1
2037,1298,1
3618,3097,1
860,3160,1
2126,2357,1
683,937,1
196,1296,1
99,3307,1
1262,1384,1
632,3059,1
2431,5827,1
1027,1467,1
4910,5763,1
719,5864,1
1568,1174,1
982,1972,1
6096,5929,1
1370,1670,1
1277,695,1
138,736,1
1192,1664,1
591,963,1
3143,5505,1
4752,3541,1
2287,2191,1
1116,807,1
1032,1960,1
1593,1420,1
1394,3109,1
2655,6598,1
1220,1579,1
4417,3153,1
944,2366,1
5129,4456,1
756,2397,1
3286,3306,1
2549,1184,1
669,4910,1
4823,4817,1
4984,5151,1
3444,3096,1
5512,4910,1
2161,2381,1
5029,5537,1
4437,4164,1
2348,4892,1
29,210,1
4548,3956,1
1358,1892,1
6176,6510,1
1838,4782,1
279,725,1
6335,2956,1
5989,5480,1
3649,3315,1
4607,14,1
841,76,1
697,5586,1
1415,4256,1
99,3521,1
4310,5209,1
4477,4038,1
3990,5414,1
948,2138,1
4604,4895,1
5,1375,1
1891,1591,1
4606,4827,1
2261,3464,1
5792,6565,1
4897,4226,1
4738,2431,1
126,6537,1
5476,5029,1
794,1390,1
1192,3176,1
2730,2123,1
5488,6585,1
5129,4602,1
2997,3866,1
5512,5126,1
5650,5641,1
237,1704,1
311,277,1
160,956,1
3982,4172,1
184,618,1
1706,2540,1
422,3392,1
5652,1811,1
5130,3529,1
680,3303,1
373,2533,1
1818,3033,1
279,826,1
2348,3316,1
3444,2059,1
422,5102,1
3200,2738,1
4865,3150,1
22,724,1
490,1418,1
3027,4063,1
2971,3195,1
2348,3242,1
2471,2323,1
1950,1960,1
4430,5799,1
2703,3842,1
4194,3495,1
5143,6479,1
2127,2697,1
2758,891,1
2767,3340,1
5870,4788,1
325,320,1
3140,5026,1
972,1574,1
284,1919,1
1266,1699,1
892,1898,1
2048,3644,1
2396,4193,1
2164,4522,1
2079,6479,1
1277,1014,1
5640,3701,1
910,1734,1
5414,3644,1
2395,3072,1
1139,1116,1
11,679,1
221,393,1
1023,1937,1
6334,6645,1
718,1094,1
48,3702,1
917,1042,1
1639,1816,1
99,2079,1
916,1003,1
5127,5554,1
36,644,1
1168,1381,1
2064,6850,1
3643,4910,1
5782,4477,1
1050,892,1
3261,4895,1
2173,3172,1
6050,2680,1
1416,2425,1
576,3446,1
1655,5474,1
6176,4970,1
5002,4222,1
1256,3541,1
697,3459,1
2457,3531,1
4878,3904,1
4522,4788,1
785,581,1
6107,4634,1
5676,5933,1
502,910,1
154,1136,1
3654,1593,1
836,505,1
2995,4033,1
490,2377,1
4672,6598,1
1298,1297,1
1961,1960,1
3140,5027,1
3143,2191,1
118,1299,1
1625,2673,1
66,235,1
5123,4068,1
1655,4172,1
5905,6479,1
3316,3004,1
3406,4480,1
203,911,1
4407,5929,1
546,3585,1
3222,3703,1
19,640,1
3444,2348,1
4261,5868,1
1568,2349,1
639,860,1
1487,373,1
2348,2566,1
6029,4447,1
237,262,1
1359,1657,1
172,640,1
3262,2430,1
1581,1174,1
81,1192,1
41,205,1
6981,5782,1
697,5735,1
4604,4892,1
1404,628,1
3390,2617,1
6721,6332,1
904,2361,1
3303,4822,1
4809,1057,1
5488,6202,1
2048,2381,1
1589,1237,1
1244,2127,1
1356,817,1
1938,3055,1
4607,4066,1
2204,3034,1
2348,2428,1
743,962,1
912,2567,1
398,603,1
2177,2657,1
4613,5573,1
3921,5109,1
1248,778,1
3313,2815,1
3444,4477,1
3330,3861,1
938,2765,1
727,944,1
6001,6864,1
3287,2975,1
681,6565,1
5043,5668,1
1277,2556,1
3143,3529,1
4705,2382,1
5233,5800,1
10,855,1
254,552,1
1415,3124,1
3716,3097,1
40,638,1
719,4291,1
2064,3303,1
6780,5868,1
2330,2956,1
24,871,1
4521,4558,1
4576,6735,1
422,2360,1
1478,1651,1
1761,1952,1
5562,4700,1
2705,3630,1
1172,3141,1
1818,1358,1
2790,3763,1
19,2533,1
3059,4656,1
2607,3781,1
160,1096,1
2357,2490,1
2398,2331,1
3890,3967,1
316,680,1
1471,1260,1
5141,5179,1
1002,1793,1
48,858,1
5396,4676,1
4430,3904,1
159,855,1
3082,4059,1
3027,3301,1
241,48,1
2126,3664,1
4616,5109,1
340,676,1
2896,2166,1
3446,4528,1
1050,4801,1
2866,2431,1
111,4828,1
4616,5539,1
3147,4480,1
3314,4489,1
863,696,1
2707,4233,1
680,628,1
281,857,1
111,2044,1
187,1061,1
6146,6202,1
2348,5493,1
1032,2425,1
44,22,1
3328,1130,1
3714,2127,1
1370,1651,1
3106,1828,1
1050,2838,1
1415,6351,1
2620,3691,1
2457,1464,1
3148,3904,1
3654,3800,1
947,1208,1
2099,3176,1
3465,3287,1
4602,4164,1
1050,5152,1
2100,2091,1
576,5224,1
3225,5668,1
2431,1542,1
159,815,1
2124,1431,1
3990,5247,1
1256,4350,1
1811,3301,1
4310,62,1
2767,3316,1
1063,1730,1
2246,5966,1
4329,2044,1
5695,4835,1
286,640,1
3313,3763,1
910,1174,1
1471,2296,1
3394,2657,1
2995,2810,1
6156,1820,1
4552,5539,1
5713,4479,1
3314,6000,1
681,1064,1
2097,1734,1
5123,2815,1
285,1709,1
1824,1420,1
725,410,1
2548,2761,1
2055,5687,1
1415,3825,1
3082,2294,1
2382,3457,1
3147,5735,1
2742,2842,1
3672,4945,1
2868,3873,1
133,28,1
197,1471,1
2462,1935,1
6050,4414,1
141,1294,1
2334,2511,1
4615,5102,1
3059,3148,1
743,271,1
3845,4217,1
2348,4499,1
2785,2575,1
6053,6884,1
2123,14,1
1829,1566,1
4616,5505,1
3149,4528,1
28,339,1
4865,2191,1
904,3464,1
1447,1131,1
669,6613,1
4283,5827,1
289,665,1
1029,270,1
5176,5126,1
692,1064,1
1032,1332,1
4417,6454,1
2486,2427,1
568,572,1
3260,3255,1
3990,2533,1
674,3154,1
4310,2533,1
719,2250,1
6636,7068,1
2657,3598,1
2385,2202,1
2466,2063,1
4377,5109,1
857,1386,1
2821,3320,1
888,926,1
1131,1759,1
111,1961,1
3222,3763,1
284,848,1
496,50,1
217,1704,1
2447,5586,1
3864,3861,1
3242,1184,1
2099,669,1
5107,5185,1
5,1318,1
4910,5073,1
896,1940,1
2246,5613,1
6334,6114,1
1370,1363,1
1775,1704,1
1366,628,1
5176,6510,1
10,1745,1
5476,2233,1
4618,5027,1
3148,2810,1
3316,2850,1
3495,4988,1
3143,4158,1
3250,5983,1
1099,1056,1
638,910,1
1050,2815,1
1184,1493,1
1268,1909,1
10,2296,1
5376,1972,1
2062,51,1
284,1131,1
697,2746,1
4599,3460,1
284,1816,1
3687,1267,1
4417,6876,1
2315,5420,1
3286,5152,1
1333,1332,1
3561,4981,1
973,5019,1
1961,2548,1
1984,1256,1
5105,4700,1
286,1332,1
2398,1940,1
5113,14,1
3148,2607,1
5529,5527,1
6084,6420,1
4090,4552,1
54,2707,1
28,281,1
5539,6777,1
697,3295,1
6669,6667,1
3594,3280,1
284,1510,1
1763,3034,1
3441,4720,1
8,571,1
1256,4777,1
5,1,1
1356,1061,1
328,208,1
6029,4482,1
128,774,1
755,855,1
2025,756,1
1366,2122,1
1124,644,1
4892,4672,1
14,498,1
3599,3415,1
2328,4233,1
6146,6227,1
232,294,1
4663,3956,1
4090,4528,1
2469,2357,1
718,1384,1
755,1631,1
4361,6334,1
490,1944,1
912,5628,1
719,3261,1
3739,3096,1
3059,2373,1
3140,4449,1
284,624,1
6152,5488,1
3106,5317,1
2625,2459,1
6029,6998,1
1318,1404,1
626,1830,1
1127,755,1
253,373,1
285,29,1
776,1908,1
294,3541,1
5058,14,1
4489,3045,1
3109,2829,1
1034,2053,1
1131,1370,1
2463,3172,1
2127,5131,1
1172,1745,1
3674,3242,1
581,855,1
3330,1627,1
3140,5153,1
6029,6595,1
6029,6737,1
6640,4607,1
1615,1661,1
4417,3124,1
5102,5641,1
2287,3645,1
2348,3763,1
6029,5966,1
4068,5871,1
1002,2202,1
2492,2366,1
4427,4098,1
4720,5027,1
3145,3307,1
3755,3661,1
2690,2099,1
1937,2169,1
2123,1366,1
4272,1820,1
2348,5904,1
157,207,1
62,32,1
3796,3873,1
5317,6916,1
4892,4216,1
1404,855,1
2764,2582,1
1141,391,1
29,1344,1
48,466,1
580,533,1
19,568,1
3329,3873,1
286,657,1
1370,1935,1
4038,6307,1
3654,5763,1
4310,4118,1
77,815,1
692,237,1
3444,5127,1
3286,3134,1
3226,2430,1
2287,4335,1
4548,4573,1
2064,3624,1
1156,1951,1
23,6203,1
2261,1637,1
6794,5612,1
1256,4870,1
951,2123,1
5233,5232,1
3444,1176,1
1032,2912,1
285,1574,1
2397,1637,1
19,357,1
956,698,1
2335,1924,1
6405,6726,1
1624,2090,1
2890,3763,1
3053,5772,1
3206,2975,1
920,1802,1
5123,5401,1
69,405,1
3678,4007,1
1066,1670,1
3914,6850,1
133,5149,1
1260,2166,1
1027,1205,1
3143,2997,1
2997,2756,1
2233,2758,1
575,2183,1
1578,168,1
912,2831,1
284,210,1
130,347,1
4172,5092,1
1458,1003,1
5539,2087,1
5042,4219,1
3147,1811,1
4604,5282,1
917,1644,1
576,2233,1
917,1115,1
719,3719,1
3653,3140,1
4773,7080,1
1686,2864,1
4701,4226,1
6538,6180,1
157,1106,1
1178,2372,1
4664,5966,1
1487,1244,1
3495,4499,1
3027,1585,1
5,1644,1
62,1578,1
241,410,1
1371,1096,1
4192,4832,1
954,5864,1
4430,4895,1
2361,4171,1
4261,4226,1
5512,5742,1
3145,2091,1
4606,4219,1
2383,2381,1
3153,5666,1
3059,4032,1
1235,1703,1
2693,2691,1
2338,2395,1
1259,1519,1
1050,1591,1
4599,6420,1
692,638,1
4256,5767,1
3150,2476,1
34,80,1
2348,5129,1
4033,6399,1
1924,1627,1
2658,1275,1
57,535,1
7107,6752,1
4253,1192,1
776,3508,1
1961,5157,1
912,971,1
1950,3861,1
2090,2666,1
1615,1520,1
3587,756,1
5286,5735,1
4004,3644,1
316,624,1
1050,5799,1
5123,5742,1
4892,6114,1
4430,5624,1
1116,575,1
3045,1464,1
3189,4518,1
4253,3360,1
2457,3787,1
5539,5800,1
3124,2430,1
2326,2291,1
5766,4463,1
5813,5996,1
4537,6752,1
5786,5742,1
5129,5555,1
422,1915,1
1945,4233,1
10,24,1
1268,1701,1
1348,5292,1
3140,5735,1
6636,6415,1
286,1562,1
1373,1631,1
1811,5766,1
111,1584,1
2866,7036,1
3044,383,1
5136,5573,1
4817,4552,1
1559,1664,1
522,139,1
398,739,1
195,875,1
4608,5050,1
4451,4480,1
5571,5887,1
6056,6230,1
294,2759,1
1105,2540,1
4723,4403,1
1408,1128,1
1099,1541,1
2707,2296,1
4477,6047,1
1803,2295,1
1393,2970,1
5783,6195,1
1095,1881,1
69,658,1
2707,4299,1
6029,6334,1
2250,5628,1
398,6776,1
2357,3195,1
3537,2566,1
6293,5317,1
3106,4822,1
1256,7053,1
40,393,1
4664,5161,1
2431,1945,1
1002,1664,1
1306,1559,1
6152,6737,1
1984,2132,1
4610,4676,1
4031,4360,1
3739,3189,1
2465,2294,1
5015,3904,1
1415,5666,1
2044,4193,1
1088,1519,1
4986,3096,1
502,1839,1
1562,1424,1
1753,2758,1
2328,4172,1
3314,5555,1
112,86,1
4607,5554,1
2371,1613,1
2525,1566,1
1050,4828,1
3189,5573,1
3733,4427,1
2746,2177,1
1619,3475,1
626,1944,1
1664,1014,1
3241,2467,1
2584,2127,1
5786,5449,1
1458,2970,1
967,5537,1
4430,4213,1
1625,1892,1
3147,3956,1
697,1024,1
1447,1804,1
2463,2690,1
4548,5590,1
2746,2897,1
55,1578,1
5803,5929,1
3303,3242,1
1404,1682,1
3331,2897,1
904,2863,1
6096,3585,1
3148,3141,1
2166,3320,1
345,1088,1
4897,5871,1
1131,1062,1
3303,2908,1
4596,4588,1
2417,3097,1
904,2658,1
3059,2099,1
5488,5019,1
2585,4304,1
5143,6637,1
1811,3160,1
4118,3956,1
1002,4836,1
2814,2765,1
398,950,1
2465,2123,1
231,287,1
1050,2680,1
3809,2548,1
111,2062,1
2428,3647,1
141,14,1
5123,2747,1
1050,1432,1
5376,5131,1
1984,2287,1
3605,4522,1
2946,6735,1
6108,5921,1
3390,5185,1
107,239,1
2666,2507,1
546,4801,1
2788,2838,1
1277,3109,1
1272,2123,1
2471,3059,1
1168,1623,1
4077,2518,1
898,1591,1
5037,62,1
910,285,1
1002,2224,1
2270,3195,1
4607,3854,1
4045,3134,1
2585,3248,1
641,983,1
6188,2540,1
2767,3733,1
1846,6850,1
1982,2293,1
1672,2465,1
1041,341,1
4897,5497,1
99,591,1
2761,2975,1
2477,3287,1
1928,4782,1
1629,1635,1
1477,1156,1
13,526,1
4984,14,1
1961,3320,1
4613,5125,1
6152,5414,1
2868,2765,1
106,764,1
7,603,1
1637,916,1
6021,4687,1
747,3320,1
792,1623,1
5176,5685,1
5102,6755,1
3004,4459,1
4042,698,1
2348,5742,1
362,1453,1
6191,6190,1
3449,5966,1
4226,6565,1
3140,5145,1
701,947,1
2467,5132,1
4602,5624,1
3303,3563,1
4417,5890,1
1421,1371,1
2471,5768,1
155,910,1
4437,4552,1
2680,2673,1
1415,4912,1
3314,5479,1
3982,2617,1
1370,1142,1
2648,3825,1
5123,2348,1
2746,3301,1
44,239,1
3807,3849,1
3286,3816,1
4077,4504,1
10,1060,1
972,1803,1
77,498,1
2895,2756,1
4677,5282,1
2431,6178,1
1031,1853,1
1256,2521,1
6816,6809,1
6779,4444,1
144,270,1
6414,6454,1
1699,3956,1
2946,1156,1
2044,2457,1
1018,972,1
2126,3619,1
3739,5490,1
279,592,1
3681,2533,1
24,247,1
1192,1924,1
2166,2691,1
270,2617,1
756,3446,1
3314,5145,1
641,1364,1
2348,3195,1
982,1675,1
422,4628,1
6924,5139,1
4194,4312,1
2427,2838,1
4823,884,1
304,50,1
1890,2074,1
4400,7029,1
1056,1035,1
1376,3598,1
3106,2831,1
2158,2090,1
697,3870,1
2101,3153,1
284,901,1
5581,4216,1
4444,4616,1
4463,4672,1
2126,2761,1
298,674,1
1345,1306,1
578,1062,1
4604,4605,1
2444,2397,1
3587,5395,1
3845,3248,1
3150,4910,1
2705,3653,1
4943,2079,1
2270,6389,1
490,855,1
2503,1924,1
4068,4535,1
69,546,1
2453,2122,1
1951,1937,1
1949,2343,1
61,684,1
2912,4808,1
756,4912,1
5730,3306,1
697,4499,1
982,5073,1
5685,4672,1
951,1476,1
5005,5139,1
632,187,1
5043,4634,1
3330,3685,1
5149,4605,1
4910,4801,1
697,3307,1
5534,6598,1
972,2270,1
6297,6420,1
1366,3751,1
1553,3984,1
1578,1890,1
405,668,1
2043,1640,1
118,29,1
2064,4226,1
1235,1371,1
662,2405,1
2463,4222,1
2826,1761,1
1615,1695,1
938,2764,1
1471,2746,1
4380,3644,1
2270,2759,1
133,357,1
1034,2451,1
3914,7063,1
369,2209,1
1001,3242,1
910,892,1
3745,3406,1
1080,2855,1
2038,1567,1
2,50,1
5002,5933,1
2270,2604,1
3316,756,1
5085,4518,1
1553,962,1
3480,3591,1
1105,1803,1
489,915,1
2397,1664,1
5730,6403,1
284,876,1
1951,1984,1
832,405,1
5614,5613,1
1894,3150,1
10,795,1
4885,3781,1
6147,6619,1
1938,2360,1
3807,4291,1
5131,5630,1
4616,5125,1
3654,4052,1
2444,2758,1
34,357,1
6405,6722,1
157,909,1
129,64,1
5870,5376,1
128,4171,1
93,598,1
5736,4654,1
4206,3845,1
3058,2838,1
697,2381,1
5354,2431,1
5905,5742,1
5153,5026,1
2463,3842,1
1001,1761,1
1524,1272,1
1415,2373,1
773,587,1
6171,4687,1
111,2457,1
40,535,1
2808,3280,1
5129,5127,1
3643,5207,1
6305,6647,1
1393,1050,1
3314,4687,1
6981,7109,1
2164,4108,1
4436,1627,1
9,5,1
164,281,1
4892,3153,1
1658,1235,1
2652,2976,1
2467,5375,1
2676,4424,1
2100,3971,1
3157,3148,1
4604,4602,1
1002,1988,1
5792,6913,1
5129,5870,1
6881,2431,1
1358,1418,1
398,4164,1
232,4517,1
2102,1272,1
719,4561,1
696,1795,1
2038,3286,1
4172,4286,1
1982,2451,1
1359,1184,1
4279,6819,1
1645,5151,1
5129,5493,1
2331,2071,1
1824,1244,1
4602,4628,1
5127,6667,1
2348,6782,1
3286,5224,1
165,1613,1
128,406,1
6794,5782,1
422,6456,1
93,6537,1
2127,4456,1
4468,4108,1
2348,4782,1
3314,2431,1
765,803,1
2961,1761,1
1031,51,1
6710,4537,1
4608,4561,1
575,1441,1
3387,3861,1
4496,3781,1
1645,2544,1
400,6389,1
4180,5125,1
2338,1793,1
4222,6218,1
2048,1734,1
2348,7053,1
4515,4537,1
1349,1143,1
340,1321,1
73,2291,1
3097,3873,1
279,616,1
112,14,1
404,618,1
1345,1493,1
3328,2044,1
1370,2430,1
756,6756,1
5713,3045,1
2638,4164,1
3444,6050,1
61,1589,1
4417,3529,1
3097,2126,1
1924,1062,1
2431,3722,1
1984,2127,1
5129,3410,1
24,227,1
2343,2707,1
26,31,1
857,1128,1
575,739,1
3654,6195,1
340,800,1
938,2711,1
4033,4616,1
1116,1170,1
1050,5612,1
1271,1332,1
2170,5628,1
5,277,1
270,1260,1
2126,1779,1
294,4945,1
904,4233,1
4477,4213,1
285,1353,1
2250,3189,1
2476,5050,1
400,6403,1
3095,3591,1
587,1611,1
2803,1761,1
3286,4517,1
4444,4522,1
792,1142,1
1890,6479,1
5058,5029,1
159,1658,1
1272,2575,1
4473,3140,1
2,489,1
3143,4217,1
1949,2691,1
6300,6420,1
880,876,1
3605,3541,1
2457,2842,1
48,51,1
1124,1485,1
5464,6755,1
53,262,1
5899,4489,1
2522,1509,1
5,1363,1
3261,6986,1
1420,1151,1
2459,2455,1
755,3073,1
3316,3415,1
6096,5185,1
938,3128,1
105,6614,1
719,1271,1
3722,1892,1
1184,489,1
938,2880,1
2260,2864,1
2463,5224,1
4377,4195,1
54,1024,1
3013,3521,1
4474,6798,1
2463,4275,1
4608,5198,1
3044,3040,1
2598,1584,1
279,495,1
718,1908,1
4870,4827,1
1166,826,1
76,6047,1
2348,4038,1
3087,6437,1
697,4616,1
1519,4961,1
2287,3134,1
398,1730,1
1166,910,1
5,1343,1
6050,5127,1
3276,1062,1
36,316,1
1050,2396,1
2866,2575,1
1806,1828,1
24,277,1
3800,3781,1
5149,6437,1
3147,4118,1
133,4687,1
2270,5925,1
3681,4233,1
34,18,1
4429,3495,1
490,1961,1
4412,2600,1
3831,2301,1
1351,2855,1
3111,5070,1
4616,4068,1
4374,4561,1
232,676,1
1105,915,1
26,44,1
3283,2063,1
3800,3138,1
5127,5987,1
99,4648,1
1040,1244,1
4463,4444,1
6293,5131,1
193,546,1
6151,5431,1
6420,6293,1
1267,5967,1
641,1555,1
632,4459,1
1699,14,1
934,864,1
48,6146,1
489,3153,1
4430,6186,1
3148,2250,1
3273,2531,1
2348,1051,1
3313,5034,1
105,5153,1
753,719,1
3106,3141,1
2648,2371,1
2233,3781,1
169,4687,1
5178,3475,1
1615,1288,1
2866,6173,1
1761,1358,1
1062,1835,1
3150,4480,1
133,239,1
2752,1156,1
718,2032,1
1672,1944,1
78,50,1
3147,4291,1
1640,2046,1
4226,5554,1
154,875,1
221,592,1
6683,7068,1
285,1172,1
2687,2847,1
641,1390,1
2270,2291,1
5543,5685,1
19,227,1
725,2172,1
755,2604,1
195,1112,1
4516,3873,1
5539,5827,1
3904,4164,1
1415,5109,1
4430,5153,1
4373,1192,1
3314,5470,1
681,2177,1
2764,1464,1
5176,5668,1
5402,4489,1
279,2434,1
287,2617,1
1559,3591,1
10,1473,1
41,638,1
2038,2430,1
5470,4287,1
2173,698,1
6207,5966,1
1002,6084,1
78,848,1
2154,1485,1
4469,4892,1
1415,3453,1
2431,6302,1
4801,5668,1
1298,1178,1
3736,2127,1
3189,669,1
2705,3848,1
1659,1977,1
422,3504,1
2348,6165,1
1471,379,1
241,6565,1
4543,5058,1
236,2357,1
2100,1734,1
3168,3045,1
4628,4108,1
762,1485,1
3261,3984,1
118,5232,1
4444,6809,1
697,4672,1
1922,2287,1
340,963,1
1818,2348,1
1141,1063,1
1984,2397,1
3441,5967,1
2343,6614,1
105,6645,1
4090,3148,1
5855,5854,1
1487,807,1
5123,4261,1
912,1669,1
284,1830,1
1763,3109,1
2765,3644,1
2126,3034,1
2191,1567,1
221,579,1
3153,4164,1
6152,2733,1
6026,5734,1
1476,1745,1
4149,3719,1
5686,6195,1
3672,2867,1
2971,2124,1
862,2127,1
1811,3691,1
2425,3097,1
2785,2758,1
5794,3672,1
2090,3519,1
2270,5132,1
762,2032,1
4599,3981,1
6050,6195,1
52,719,1
292,581,1
3138,2427,1
3580,3624,1
2198,1676,1
2385,2381,1
1141,3320,1
1049,2855,1
1972,5155,1
4164,5688,1
1553,3457,1
5837,5420,1
6151,6085,1
1105,1456,1
3211,3203,1
2330,2348,1
2548,3169,1
725,875,1
277,883,1
4597,3781,1
1376,891,1
1097,1064,1
5129,5430,1
2548,891,1
1135,1453,1
2995,6389,1
4477,5685,1
5250,4610,1
3150,5889,1
2090,3464,1
1924,1923,1
294,381,1
5146,1507,1
2090,3203,1
2464,2057,1
4607,4910,1
4830,2191,1
2290,2372,1
335,254,1
4676,1057,1
6438,7109,1
697,2838,1
2151,1393,1
4508,4910,1
2607,4059,1
2833,3108,1
3027,3176,1
3149,4171,1
1890,3453,1
3140,4988,1
2348,2691,1
1516,1392,1
2707,4172,1
3145,4275,1
5,812,1
3143,2273,1
222,1924,1
1035,1745,1
2475,2427,1
3138,6598,1
822,1651,1
3149,4535,1
4602,2431,1
4239,4482,1
2377,2127,1
3815,3287,1
2740,2980,1
1946,270,1
649,751,1
2463,5075,1
581,239,1
1675,6653,1
2835,3956,1
3287,3222,1
4892,5616,1
2043,2690,1
5692,4576,1
1658,5198,1
5997,6123,1
2897,2507,1
1404,916,1
5539,5237,1
580,1021,1
916,4061,1
3283,2430,1
3991,4528,1
4548,5593,1
28,581,1
1366,2204,1
695,6776,1
154,1353,1
2127,3452,1
2270,2397,1
520,1523,1
2717,7027,1
6067,6913,1
373,1405,1
5,1386,1
3529,3904,1
1471,1431,1
3495,3189,1
2750,2765,1
697,2567,1
5769,6565,1
2287,3701,1
5534,2348,1
1062,910,1
2119,3034,1
1420,962,1
2101,2657,1
3143,5996,1
875,1208,1
1034,2123,1
3990,4233,1
3545,5742,1
3986,6029,1
2600,5628,1
106,719,1
5238,5222,1
853,4541,1
589,1064,1
3654,4463,1
279,653,1
3575,3591,1
311,406,1
3286,1197,1
6721,6123,1
1018,1215,1
5493,5073,1
1477,1320,1
286,1026,1
973,3248,1
4604,6585,1
2294,1669,1
3444,6991,1
4261,6809,1
5514,6585,1
1184,2099,1
2770,2191,1
372,482,1
1319,1003,1
1835,1616,1
912,2323,1
2746,3591,1
546,2361,1
2173,2819,1
1168,2740,1
3138,3160,1
287,698,1
2461,3825,1
6235,4477,1
898,1052,1
2697,2032,1
644,624,1
3336,2912,1
2810,2548,1
3682,3138,1
697,2090,1
547,875,1
6662,5706,1
5769,6991,1
2761,3286,1
1578,853,1
10,4558,1
719,917,1
2425,3849,1
4066,3446,1
1351,1559,1
5043,3765,1
6173,4805,1
2090,2787,1
1235,1492,1
4454,3719,1
305,5228,1
6079,6180,1
580,1064,1
3313,3571,1
3173,2575,1
4412,3392,1
1032,1183,1
2151,1830,1
4604,5706,1
5286,4222,1
1056,1124,1
5127,6230,1
111,3842,1
4310,5224,1
3440,2697,1
1578,379,1
5026,2815,1
2464,3034,1
1059,936,1
3643,4420,1
1394,2373,1
422,1940,1
755,1810,1
681,3059,1
6369,5161,1
4035,4108,1
2162,3059,1
1018,1056,1
4543,6454,1
285,1370,1
2431,6613,1
2126,2372,1
292,489,1
1420,5058,1
2323,694,1
2567,1493,1
3669,3140,1
5641,6190,1
1262,910,1
1351,1244,1
2462,2032,1
3617,2864,1
1105,1591,1
6123,5921,1
3654,5376,1
4542,6591,1
3387,2127,1
2584,4063,1
2166,2625,1
1416,373,1
2126,3465,1
1420,6479,1
3053,5682,1
6405,4522,1
3286,5228,1
4226,5555,1
118,4787,1
2348,1584,1
5784,5612,1
76,2405,1
3097,2838,1
2740,2377,1
4279,5782,1
3174,6038,1
1303,807,1
1173,855,1
2912,2191,1
644,2133,1
6462,5185,1
4605,3446,1
2908,3034,1
5571,3672,1
4277,4275,1
432,138,1
1519,3134,1
972,2583,1
1704,1703,1
5783,142,1
1342,2855,1
117,684,1
1761,862,1
4311,4210,1
29,880,1
71,1609,1
4377,2584,1
1960,2127,1
3314,5763,1
6934,7048,1
2427,3591,1
0,340,1
5898,4952,1
24,150,1
1629,1450,1
1268,1486,1
3336,3148,1
3444,4831,1
2348,6149,1
1060,827,1
106,768,1
3829,3825,1
3336,3235,1
2177,2044,1
3313,5784,1
1761,2262,1
1023,2451,1
48,234,1
2997,2127,1
3414,2430,1
1060,1670,1
10,2366,1
3328,2740,1
3150,6585,1
6,24,1
862,863,1
1050,1128,1
4602,3446,1
2348,3340,1
10,2208,1
4617,6024,1
1192,1298,1
22,903,1
1306,1770,1
5131,6733,1
1379,2038,1
5522,6403,1
725,719,1
3716,3287,1
5238,6020,1
1951,2124,1
1824,2420,1
5870,3153,1
4606,4872,1
3649,4431,1
2055,3392,1
2431,7062,1
3170,2787,1
4606,5420,1
3189,3261,1
2548,1984,1
1555,6850,1
28,2381,1
1938,383,1
3475,669,1
640,1183,1
1621,1658,1
6298,6024,1
169,1355,1
4618,4808,1
3082,3045,1
4098,3644,1
157,1629,1
2912,4722,1
5135,4193,1
755,2163,1
2770,2697,1
3152,3487,1
48,1419,1
1763,2690,1
2348,2490,1
5270,5870,1
3548,4687,1
3444,318,1
3144,3141,1
1938,3280,1
155,2019,1
4892,5207,1
3465,4286,1
2270,5772,1
105,4602,1
3807,698,1
2431,6479,1
5534,6389,1
4033,5073,1
2444,2732,1
973,2431,1
2971,2163,1
4613,5929,1
6026,6429,1
1629,1591,1
2260,1759,1
78,48,1
3149,3140,1
3681,3781,1
1704,2604,1
3143,1057,1
1306,1810,1
3816,3002,1
3150,2191,1
972,1584,1
77,546,1
1366,1745,1
967,5706,1
1714,1944,1
3058,2397,1
826,1594,1
3283,2124,1
2126,3040,1
1629,1584,1
54,271,1
1244,2764,1
4824,4823,1
5534,6585,1
3495,4999,1
5522,3926,1
263,3787,1
4566,3306,1
1420,6248,1
3661,2289,1
287,1259,1
855,1260,1
126,5688,1
1898,2019,1
1408,2980,1
4561,3644,1
23,641,1
381,660,1
5574,4672,1
197,321,1
1900,1323,1
3605,3150,1
6636,6737,1
3152,6861,1
1471,1937,1
3990,5029,1
4612,2191,1
324,320,1
1894,2880,1
912,3997,1
2467,4656,1
910,1405,1
3151,2829,1
2348,6186,1
4149,6510,1
1818,2328,1
1097,1366,1
73,320,1
6176,6735,1
66,361,1
254,406,1
719,4808,1
279,649,1
2721,2575,1
81,62,1
281,76,1
3144,3148,1
1502,1064,1
5543,1675,1
972,911,1
5058,1420,1
2463,2191,1
305,6169,1
5867,4261,1
2376,2371,1
5548,6403,1
1050,215,1
1306,1909,1
281,832,1
6220,5734,1
3157,3307,1
1756,4676,1
3302,2666,1
4393,4628,1
2270,7029,1
1890,1174,1
4068,3045,1
2126,3787,1
972,892,1
157,674,1
2617,2366,1
502,1021,1
3059,3904,1
5043,5194,1
680,857,1
6548,6986,1
3143,2048,1
5161,4705,1
3286,1828,1
755,1682,1
3809,3585,1
1002,1704,1
6029,3392,1
910,698,1
4188,4283,1
1619,5058,1
1878,3904,1
3153,3141,1
1951,2698,1
4033,5887,1
1137,1136,1
4892,7068,1
2926,2090,1
17,281,1
2126,1853,1
5571,4068,1
698,800,1
1806,3295,1
5105,6024,1
1366,1365,1
2463,4787,1
286,644,1
1609,1431,1
2705,3465,1
148,141,1
6669,6864,1
2762,1156,1
916,2132,1
35,342,1
4801,5624,1
5782,6403,1
2330,5232,1
604,603,1
1062,1830,1
2,640,1
1303,1178,1
2457,2315,1
1032,5167,1
2471,3287,1
3919,6180,1
285,1611,1
3699,3248,1
1106,2427,1
2474,2370,1
1951,1851,1
912,1493,1
2076,2074,1
2348,4808,1
294,570,1
1689,2018,1
6707,6946,1
6310,6399,1
3990,5733,1
783,641,1
680,3800,1
2456,2750,1
3654,4979,1
1097,1709,1
2799,4312,1
4310,5109,1
1408,1613,1
1460,1937,1
5881,5073,1
1835,693,1
4892,6029,1
19,3150,1
1828,3816,1
1608,2434,1
4173,3033,1
10,2459,1
3990,3807,1
768,956,1
253,341,1
5918,5131,1
632,1821,1
2666,2169,1
2975,3457,1
1473,1143,1
2503,369,1
1699,4822,1
1675,853,1
263,2548,1
5672,5138,1
1383,1259,1
1629,1802,1
5641,7021,1
2447,5742,1
778,3347,1
624,1116,1
723,5132,1
3143,3997,1
5125,3529,1
4910,5145,1
277,903,1
3206,4031,1
4596,4606,1
164,495,1
3746,2850,1
5356,4634,1
3719,669,1
5730,3486,1
641,1415,1
3261,5514,1
1001,383,1
5129,3912,1
632,4233,1
5856,5854,1
4615,1507,1
983,1657,1
1984,5682,1
1063,1370,1
2659,2740,1
2946,4447,1
5212,2315,1
391,2405,1
603,1365,1
4819,4602,1
379,495,1
1178,2377,1
5058,4518,1
6152,6546,1
755,1205,1
4968,2191,1
4664,1820,1
1303,2166,1
6638,6819,1
5736,2810,1
4705,2680,1
5953,4952,1
1420,3150,1
5680,4672,1
4943,1972,1
5989,6059,1
236,234,1
2617,575,1
4548,4801,1
4176,3154,1
5414,6595,1
3390,3651,1
2463,5768,1
801,3097,1
1393,2381,1
2425,5109,1
24,605,1
4965,5375,1
954,832,1
498,690,1
4039,4552,1
1141,910,1
4897,3701,1
2166,1669,1
1131,3040,1
5168,5026,1
4548,4782,1
6121,4444,1
5870,5058,1
5129,4287,1
3106,3045,1
1949,1699,1
3330,3627,1
2463,4077,1
2476,1655,1
1050,1447,1
4483,4226,1
4602,5161,1
1105,2556,1
1136,4068,1
3146,3800,1
4842,6165,1
4901,4605,1
22,634,1
1933,2381,1
3746,2127,1
4,118,1
723,1088,1
2763,4171,1
6649,6647,1
155,2738,1
4556,2370,1
1256,2880,1
2322,1420,1
1302,875,1
947,341,1
725,287,1
237,398,1
697,3034,1
3150,1838,1
656,5534,1
2191,3555,1
4892,6722,1
1166,1306,1
916,2202,1
2442,1393,1
5161,4616,1
2338,2691,1
2122,1681,1
5782,5868,1
345,739,1
1686,1591,1
2463,4499,1
3329,2566,1
4616,5738,1
3970,3644,1
718,1585,1
1131,875,1
4892,4924,1
3446,5198,1
3545,2617,1
3012,3007,1
936,1028,1
4377,1542,1
6415,7048,1
755,2838,1
1256,5207,1
5146,4605,1
3643,4038,1
4226,5075,1
3387,1184,1
165,2742,1
2018,2810,1
398,5925,1
3151,2459,1
29,331,1
1740,369,1
4192,2301,1
576,1089,1
6663,5706,1
207,29,1
1655,4283,1
2971,2975,1
159,1936,1
5116,4606,1
422,2600,1
1027,1381,1
28,1128,1
1256,6335,1
20,332,1
5548,6085,1
1416,1405,1
3087,1675,1
1393,1562,1
609,1172,1
2705,3703,1
3681,4552,1
3480,4299,1
6029,3410,1
1062,1450,1
4805,4801,1
1969,948,1
253,660,1
328,363,1
126,1128,1
1835,1174,1
167,933,1
4919,3701,1
2707,1585,1
6811,7068,1
3643,4872,1
718,318,1
1471,1467,1
916,1306,1
3314,2079,1
2348,2372,1
2044,3866,1
2461,3488,1
1002,5827,1
4892,6449,1
1801,1805,1
6462,6123,1
3329,428,1
724,239,1
5288,5330,1
2127,2122,1
3128,4171,1
2471,3997,1
2323,2123,1
2044,3238,1
6351,5966,1
5131,6537,1
1237,2079,1
830,1021,1
5916,6861,1
6689,6107,1
5586,6084,1
23,1318,1
674,6722,1
2330,4299,1
40,139,1
2099,5152,1
287,871,1
5512,3644,1
6703,3410,1
697,3680,1
626,4787,1
32,29,1
3314,5870,1
5414,6998,1
1408,4648,1
5479,4910,1
4604,2815,1
6028,4943,1
743,1903,1
743,1578,1
1220,2382,1
5146,2290,1
1205,696,1
3314,6399,1
1056,1299,1
1471,781,1
2036,2087,1
6683,6726,1
5766,6650,1
277,239,1
3807,3702,1
1615,1640,1
1348,874,1
768,874,1
1468,1320,1
2348,2375,1
317,512,1
3465,5420,1
6418,5868,1
743,3866,1
4033,3004,1
3647,6733,1
1272,2819,1
157,1172,1
2465,2617,1
3150,4287,1
1502,3073,1
3326,4687,1
3444,5117,1
281,781,1
3508,4924,1
2853,2847,1
896,903,1
5547,6876,1
305,4924,1
148,1575,1
575,933,1
285,3295,1
860,1063,1
3444,3849,1
2372,1838,1
1062,1594,1
489,1215,1
3138,2980,1
10,2451,1
3313,3825,1
817,5125,1
2179,1507,1
663,546,1
4468,669,1
3146,3261,1
735,1124,1
2290,4979,1
4430,2572,1
169,5127,1
2763,698,1
1566,2071,1
2506,2758,1
912,2208,1
1306,1661,1
50,1019,1
3786,4007,1
2348,6000,1
5129,5141,1
6156,7070,1
6055,2600,1
4172,4561,1
2261,2378,1
5317,5633,1
292,208,1
3719,2563,1
2500,4517,1
912,1649,1
896,1575,1
1370,3108,1
281,1448,1
5082,3901,1
3394,1838,1
3306,4335,1
5123,1372,1
5118,5117,1
2607,3685,1
2357,3007,1
6560,6180,1
6335,4654,1
1098,3691,1
6029,6335,1
972,3109,1
6152,3912,1
4616,5685,1
2127,1515,1
1851,2044,1
3148,1192,1
2169,5293,1
1811,3203,1
289,694,1
546,1349,1
917,1113,1
882,1364,1
2385,2564,1
2431,2740,1
284,903,1
638,1989,1
1761,1824,1
1731,3301,1
1415,5375,1
3387,3331,1
1277,1821,1
2331,1935,1
5989,5145,1
6567,6637,1
2469,3598,1
502,405,1
2420,391,1
320,956,1
6296,6619,1
6146,5317,1
5783,2295,1
5146,4606,1
1199,588,1
3737,2908,1
1204,1183,1
5997,4924,1
2431,3719,1
1235,910,1
4617,3124,1
6148,6998,1
6155,4537,1
1001,51,1
4599,4870,1
801,5073,1
3053,3765,1
1363,2752,1
157,855,1
4544,1351,1
756,2680,1
3561,5641,1
3729,2127,1
769,1062,1
1526,1734,1
119,347,1
281,2531,1
2330,4787,1
80,26,1
6614,5161,1
4616,4195,1
1192,3059,1
4272,4098,1
1483,1184,1
1394,4705,1
19,765,1
4606,5329,1
1370,2172,1
862,1515,1
119,910,1
3559,2291,1
4629,4773,1
1306,807,1
972,2507,1
1363,1520,1
3251,2059,1
1462,1365,1
5066,5065,1
4654,6026,1
3919,5165,1
2127,2017,1
3888,3248,1
669,1820,1
2912,4988,1
3287,2617,1
5218,884,1
3775,3781,1
546,768,1
3174,2533,1
1553,1486,1
6151,6735,1
111,1924,1
5048,4552,1
3746,6026,1
4468,2301,1
3143,3152,1
3440,2758,1
5286,4256,1
184,739,1
4943,4850,1
2357,5061,1
1394,2378,1
2377,1984,1
10,1290,1
755,3108,1
743,2908,1
2500,2191,1
4410,3719,1
5149,6306,1
4300,5641,1
2457,2396,1
93,5586,1
2912,3781,1
173,1664,1
2762,1853,1
4943,5149,1
1625,2381,1
4377,4832,1
157,4489,1
2224,2048,1
29,205,1
4256,4730,1
184,28,1
3012,3055,1
9,7,1
5929,4482,1
279,891,1
116,598,1
7,546,1
587,653,1
3929,3446,1
205,889,1
1106,910,1
4339,4118,1
6146,6645,1
287,278,1
5539,5151,1
2676,4459,1
642,1026,1
19,49,1
2048,944,1
3701,3315,1
1471,3034,1
5768,4226,1
665,1376,1
4565,4558,1
5547,3594,1
6218,6429,1
3303,2158,1
4576,4700,1
6218,3585,1
2270,5329,1
4910,4676,1
3286,2492,1
695,1238,1
1763,1637,1
4481,4480,1
3507,2127,1
681,6598,1
2357,6693,1
2746,2301,1
2483,1266,1
2055,1237,1
3154,4517,1
4430,5117,1
3739,1235,1
1938,1574,1
4149,6123,1
2173,4985,1
2301,4098,1
3187,2471,1
1263,2893,1
6067,6107,1
1002,910,1
6300,6686,1
4522,5075,1
3059,2850,1
3286,1141,1
5037,4823,1
422,5573,1
3328,3124,1
3147,14,1
755,2138,1
1898,1961,1
289,600,1
2079,6756,1
4430,5132,1
2017,187,1
2761,2038,1
2814,669,1
2463,2765,1
6496,3020,1
1928,1892,1
972,1567,1
4328,2044,1
2090,3109,1
4546,2301,1
1244,1579,1
2824,1315,1
1351,3531,1
2659,1566,1
5669,5770,1
659,658,1
3111,3124,1
2038,2356,1
5713,4350,1
3261,5480,1
4618,3997,1
4522,5029,1
3012,2753,1
1965,1956,1
1041,2262,1
862,638,1
3140,4867,1
743,2208,1
70,1112,1
4509,3320,1
3807,2584,1
3465,4427,1
783,187,1
902,910,1
2382,2123,1
857,622,1
3911,1176,1
2348,6056,1
1262,1063,1
1820,4489,1
5222,4910,1
2824,1244,1
3543,3004,1
1415,3320,1
2617,3019,1
1938,2556,1
2431,6389,1
755,807,1
1235,1730,1
2173,2740,1
2733,4561,1
1619,4952,1
1032,4459,1
5129,4687,1
3499,3242,1
5769,6735,1
6218,5734,1
6244,6351,1
2122,1830,1
2707,4310,1
2459,2331,1
904,2790,1
2348,2758,1
1105,2058,1
1895,1471,1
2563,2191,1
340,698,1
2191,2099,1
4377,4272,1
5043,5105,1
3488,3152,1
420,24,1
93,5966,1
3654,4283,1
2761,2044,1
4850,4828,1
1365,1060,1
5989,6351,1
2584,2172,1
99,5224,1
3480,3647,1
1424,521,1
23,701,1
2790,2566,1
4607,5405,1
751,857,1
3446,2044,1
4892,5286,1
5512,5292,1
4310,3261,1
1486,1386,1
1105,1098,1
794,735,1
1640,2548,1
896,277,1
2804,2204,1
2127,1795,1
5134,4777,1
5989,3453,1
422,2059,1
743,1950,1
695,812,1
1050,3939,1
3647,884,1
546,1003,1
743,695,1
1471,2546,1
3273,5070,1
99,4822,1
1949,1681,1
2764,2787,1
4677,817,1
3273,4617,1
6096,5289,1
3171,2761,1
1002,6591,1
2330,1613,1
1129,1264,1
888,1437,1
2315,3150,1
983,930,1
1062,6038,1
1951,2956,1
6302,6986,1
6156,5904,1
639,725,1
2824,2968,1
1835,762,1
3722,4097,1
10,2897,1
1415,3154,1
5831,5092,1
99,347,1
6026,6830,1
2463,3248,1
76,381,1
4591,3529,1
9,161,1
910,1062,1
10,1961,1
718,168,1
3444,5547,1
6095,4627,1
1559,1060,1
1949,1814,1
105,3286,1
2742,3521,1
6865,5782,1
294,1839,1
3302,2389,1
2057,2038,1
1050,6722,1
5376,5668,1
2159,1567,1
5129,5772,1
937,1366,1
3854,4118,1
3261,6180,1
105,4193,1
3212,1330,1
3495,4823,1
4924,3508,1
25,168,1
2882,3406,1
2,25,1
26,7,1
528,3680,1
3189,3647,1
2590,5633,1
4430,5933,1
1050,1351,1
2328,3134,1
2926,2465,1
657,653,1
1763,2477,1
4469,4558,1
1002,1669,1
1530,2127,1
1917,2343,1
4617,7070,1
4060,4059,1
3495,4508,1
3356,2575,1
6146,2956,1
1590,2062,1
5127,6545,1
3261,2956,1
5288,5921,1
1066,3330,1
755,2166,1
340,277,1
2030,4287,1
105,4700,1
62,5864,1
1471,520,1
1256,6178,1
3306,5929,1
3303,4518,1
4417,3981,1
3654,4420,1
1961,4312,1
2270,2765,1
2064,5612,1
3747,2370,1
422,1486,1
80,2430,1
966,1542,1
5792,4788,1
1393,521,1
1268,1365,1
4479,2829,1
1477,606,1
1029,1151,1
4299,4312,1
1951,2742,1
215,1555,1
1062,5929,1
1156,1106,1
2099,5738,1
2678,3203,1
3545,3446,1
2997,3097,1
3997,4573,1
5127,5539,1
5038,5534,1
6293,6405,1
1228,2191,1
4676,5375,1
6050,6722,1
4058,6230,1
398,1507,1
3978,2617,1
743,2893,1
237,207,1
2863,3624,1
1394,3459,1
4612,3096,1
1256,5414,1
138,1039,1
3211,2575,1
1492,2004,1
76,393,1
5786,6084,1
2044,3002,1
1132,1056,1
4321,2044,1
560,608,1
3997,2617,1
4541,5224,1
1341,4822,1
2658,2790,1
1502,1640,1
3143,2657,1
294,5633,1
292,967,1
2584,3581,1
6683,6462,1
1060,1437,1
50,339,1
6055,5827,1
164,277,1
3143,5179,1
289,1052,1
2348,5983,1
3149,3581,1
3794,3306,1
1415,5058,1
105,5747,1
197,1646,1
5376,6613,1
1949,2356,1
4188,6180,1
2007,1681,1
2522,4217,1
560,279,1
76,405,1
2913,2270,1
1878,1591,1
697,1627,1
285,298,1
4591,2398,1
1024,645,1
5147,5769,1
1306,1658,1
422,2995,1
1933,2732,1
3495,2521,1
2272,1761,1
2348,5612,1
641,698,1
5043,62,1
5470,5317,1
3681,4558,1
4607,5125,1
34,31,1
222,2525,1
6406,5742,1
6180,6798,1
576,2531,1
398,657,1
2177,6850,1
5792,6756,1
830,724,1
2506,4233,1
4467,3152,1
910,1509,1
3990,6335,1
494,50,1
5512,5401,1
5123,6161,1
1306,1035,1
2457,2366,1
1806,2059,1
76,1823,1
490,341,1
3287,3453,1
10,2138,1
5479,6850,1
669,6864,1
2882,778,1
13,1150,1
13,306,1
1471,2224,1
490,695,1
734,1590,1
2348,6526,1
2372,2584,1
3242,6598,1
93,4068,1
3164,2444,1
2396,2970,1
4599,7029,1
1095,1062,1
1578,1816,1
5129,6991,1
1961,1594,1
3779,14,1
2364,2361,1
279,3242,1
3286,4924,1
10,1968,1
1734,2019,1
2348,3870,1
4608,5102,1
1371,1437,1
3669,3849,1
2707,1238,1
3189,4875,1
4377,5247,1
1146,972,1
1485,862,1
3441,4427,1
1443,1441,1
1578,2438,1
4300,5126,1
2572,2062,1
1476,1131,1
6420,6537,1
3737,3316,1
5043,5282,1
111,2761,1
1464,1830,1
5123,5058,1
197,1644,1
674,922,1
4068,3781,1
4617,2572,1
1370,2455,1
3873,3885,1
284,926,1
1486,2507,1
311,1294,1
2294,1950,1
200,254,1
18,536,1
77,332,1
1640,1562,1
126,5240,1
3150,3956,1
5,3644,1
7100,5890,1
3943,3939,1
2246,3644,1
6155,5734,1
2342,1605,1
1116,2046,1
6674,6026,1
6776,6916,1
936,29,1
5571,5685,1
41,498,1
237,2123,1
1949,1734,1
5141,5139,1
2866,5890,1
5782,6585,1
6150,6293,1
1615,2208,1
5783,4835,1
2832,2315,1
1811,2398,1
4335,2172,1
4436,3619,1
5,1723,1
5792,5868,1
78,28,1
4502,6595,1
4892,2956,1
2270,1275,1
4386,4676,1
4915,6913,1
1014,398,1
6115,5921,1
1918,1591,1
3206,3134,1
2895,3521,1
5043,5864,1
5929,5293,1
3449,2818,1
1829,1649,1
535,933,1
5127,5329,1
2099,2492,1
312,922,1
3313,2657,1
2467,5198,1
1424,1551,1
5488,4463,1
1370,2492,1
2465,4283,1
40,359,1
1420,5247,1
284,298,1
6156,6653,1
801,2048,1
2425,1192,1
4417,3488,1
3109,3866,1
4561,4558,1
1116,1984,1
3222,3555,1
28,2425,1
2127,2099,1
289,1021,1
5686,7029,1
285,2250,1
5674,4216,1
4430,3765,1
2328,2127,1
3148,4172,1
3084,4335,1
5995,5401,1
3146,3406,1
221,306,1
725,1968,1
3147,3719,1
1206,580,1
2712,2533,1
2164,3807,1
1801,1956,1
2620,1951,1
422,2970,1
3030,2397,1
340,906,1
4226,5292,1
5,945,1
2466,4996,1
2028,1476,1
4108,2315,1
3045,3867,1
3097,3951,1
1166,1184,1
1348,6180,1
4226,5742,1
1105,1915,1
2786,2831,1
938,4499,1
1306,795,1
490,1790,1
743,4164,1
4608,4061,1
3207,3004,1
2059,2444,1
945,2855,1
1933,2057,1
1653,4628,1
422,696,1
5479,7063,1
1424,832,1
1829,1669,1
2763,4725,1
1766,892,1
3643,2427,1
5127,3585,1
1943,910,1
1105,1027,1
719,911,1
5782,5512,1
5376,6186,1
1097,1418,1
4897,5586,1
4417,884,1
1358,1485,1
106,1562,1
2048,6518,1
197,1492,1
3395,1184,1
4430,5743,1
1420,1623,1
1629,695,1
4599,6502,1
5037,5194,1
4443,4988,1
4477,5987,1
3151,5742,1
6308,5131,1
5073,2074,1
1637,2202,1
4616,5286,1
3653,3619,1
2127,5043,1
519,612,1
4014,3972,1
1895,2371,1
1900,1260,1
2017,1515,1
159,208,1
917,1184,1
24,118,1
2348,2435,1
5138,4576,1
1069,1915,1
105,4835,1
8,388,1
4374,4852,1
4928,4617,1
5146,1675,1
4576,4831,1
2772,2477,1
1487,2140,1
697,4517,1
3643,2697,1
1119,1056,1
279,1448,1
2758,1649,1
966,588,1
827,871,1
6024,5512,1
912,2046,1
2127,2525,1
1675,948,1
1034,2361,1
1471,2048,1
5769,6585,1
2055,2163,1
981,957,1
740,638,1
4599,5534,1
1909,885,1
4417,4787,1
5043,6146,1
1937,2226,1
2431,2017,1
2126,2752,1
1835,1944,1
2037,2425,1
4427,4676,1
3273,4097,1
1050,5668,1
917,1063,1
3314,5768,1
5713,6833,1
6029,6861,1
1655,4912,1
2459,3649,1
1734,4787,1
743,1431,1
3143,4808,1
3654,5666,1
1486,2377,1
1050,6195,1
6703,3679,1
1951,2270,1
14,812,1
6812,6926,1
3313,2018,1
719,3334,1
1585,1804,1
5141,6613,1
4672,6755,1
3157,1585,1
822,1607,1
5713,6733,1
1302,755,1
4607,3153,1
792,1392,1
4310,5152,1
1543,2289,1
1650,1661,1
3394,2301,1
853,1804,1
2348,3330,1
768,262,1
756,3242,1
3313,1420,1
1530,4705,1
697,3702,1
3004,1605,1
1669,3972,1
1116,2090,1
5912,6512,1
2469,3521,1
1951,2430,1
1192,369,1
1050,2560,1
1375,1063,1
2792,2970,1
3747,3459,1
934,288,1
6151,7102,1
2101,7048,1
3830,3825,1
2705,2059,1
4784,2301,1
2270,4722,1
2062,2122,1
23,575,1
3248,3892,1
4831,5109,1
4705,6389,1
1032,3672,1
912,1699,1
1960,14,1
116,668,1
2373,3901,1
7031,7029,1
1237,237,1
2717,6735,1
2675,2970,1
1650,1244,1
1365,1447,1
157,580,1
2467,4854,1
1370,6598,1
284,838,1
951,1386,1
674,1095,1
1470,783,1
2044,2753,1
3807,3147,1
3701,5742,1
626,4988,1
6128,6123,1
2476,2867,1
2427,3169,1
422,2466,1
1704,1486,1
4172,5207,1
2617,756,1
118,139,1
1772,1704,1
5105,767,1
4489,14,1
422,4981,1
1961,891,1
4543,6306,1
743,2758,1
141,187,1
157,894,1
6405,4961,1
119,2090,1
3261,4730,1
1555,1584,1
1345,2521,1
1835,1629,1
1365,1562,1
5792,6776,1
5,80,1
2589,3521,1
1105,2122,1
2763,1330,1
2301,2296,1
697,3124,1
3854,4808,1
669,3002,1
13,1937,1
3261,6619,1
10,2379,1
6780,6302,1
1951,2122,1
3672,1945,1
1348,1128,1
4482,5929,1
3169,4233,1
1050,3446,1
57,331,1
3495,1235,1
3147,5165,1
2971,756,1
5514,4952,1
118,254,1
284,1288,1
1244,1453,1
3733,4031,1
1273,1271,1
2126,3415,1
1477,2127,1
5702,2223,1
1838,1839,1
1420,428,1
3140,3488,1
4310,1838,1
22,118,1
6388,6546,1
1366,1897,1
6029,3518,1
6096,5933,1
1792,2842,1
1341,3816,1
6156,5547,1
10,118,1
251,2357,1
2263,2331,1
181,1349,1
5792,6645,1
2533,2357,1
1032,756,1
1002,1892,1
5792,1285,1
4897,5514,1
4892,4350,1
4283,4275,1
5129,6850,1
860,1493,1
165,1707,1
3513,3315,1
4228,3702,1
934,1796,1
111,2831,1
1415,5480,1
1471,1944,1
4617,4449,1
3873,2233,1
4831,4705,1
157,1095,1
6412,7109,1
4892,6752,1
3140,6619,1
2348,2948,1
2270,4427,1
2468,778,1
642,696,1
2425,3487,1
4543,7063,1
1996,3848,1
2781,3195,1
3446,2172,1
857,270,1
2301,4558,1
4430,4910,1
2327,885,1
4430,4518,1
1096,1150,1
4857,4912,1
2166,2575,1
5792,6798,1
2457,2697,1
4617,5029,1
5820,5161,1
6024,6146,1
5103,5102,1
4315,3719,1
4377,2301,1
4979,4720,1
2465,3519,1
2447,6065,1
5038,5736,1
292,780,1
2746,778,1
3017,2750,1
1035,521,1
4335,4149,1
766,2378,1
976,1112,1
3996,2810,1
769,1802,1
2760,5641,1
1761,1050,1
3325,6038,1
3143,2829,1
1835,1450,1
3444,4420,1
2371,2555,1
2447,5043,1
2204,1933,1
6024,3453,1
398,2208,1
286,1704,1
6050,5376,1
6464,6218,1
4300,2521,1
4723,553,1
1802,270,1
2261,2746,1
6300,6149,1
4477,5710,1
3594,4210,1
4850,4403,1
7030,7029,1
1050,1275,1
4751,4226,1
1415,4456,1
1049,1048,1
6462,7068,1
1763,1156,1
1408,4068,1
3986,5792,1
1056,1095,1
1731,2767,1
284,2457,1
5514,6429,1
4463,4617,1
3643,5153,1
5672,6190,1
4831,2079,1
6587,6667,1
2707,3765,1
2348,2204,1
1669,6537,1
105,4981,1
4892,7036,1
4603,3315,1
697,3286,1
3733,4064,1
2506,3816,1
755,2556,1
5043,4033,1
2444,1275,1
7,27,1
2348,2706,1
1348,2398,1
4222,2301,1
1277,5479,1
1096,489,1
5989,4943,1
1593,4672,1
955,778,1
697,3280,1
1984,2204,1
4607,5772,1
68,262,1
3222,3624,1
912,2190,1
4776,2191,1
7,747,1
197,1745,1
62,605,1
2868,4233,1
3446,4177,1
5127,4607,1
5072,6415,1
1056,1631,1
1938,2531,1
2126,2124,1
105,4219,1
2430,2357,1
1242,3465,1
938,1456,1
5236,4924,1
3731,3816,1
4223,4164,1
910,2607,1
3387,3972,1
3990,5628,1
1342,1515,1
163,161,1
2463,2842,1
286,1061,1
3143,4222,1
1811,2377,1
5150,5630,1
2956,4226,1
3302,3301,1
5146,4576,1
1763,2604,1
917,3972,1
2427,2444,1
76,848,1
284,1534,1
2366,3685,1
4823,6777,1
2043,2764,1
4677,4108,1
5637,6026,1
2758,2575,1
2366,2507,1
2348,3219,1
284,76,1
6300,6087,1
78,4052,1
1001,1984,1
713,950,1
5139,3701,1
3082,2427,1
422,2568,1
2044,2756,1
1656,1014,1
6128,5921,1
4482,3585,1
5061,3508,1
270,827,1
3314,3004,1
6964,7068,1
4412,6861,1
4172,3303,1
743,2759,1
1471,4525,1
4608,5165,1
502,570,1
1425,1423,1
1940,1961,1
2272,2750,1
157,807,1
3248,14,1
2742,5109,1
78,76,1
6560,5782,1
2348,2742,1
54,2698,1
157,2183,1
4092,4097,1
1366,2838,1
1949,1566,1
401,217,1
3654,2348,1
3737,3331,1
904,1184,1
911,3518,1
2833,2690,1
4078,5539,1
1059,1096,1
3495,3465,1
904,7053,1
725,683,1
656,1112,1
4417,5146,1
4677,4064,1
2043,1156,1
3077,5034,1
1205,1463,1
10,1701,1
5488,6619,1
3313,3781,1
3143,5132,1
5786,6667,1
3919,2584,1
1318,846,1
2033,1464,1
2100,2673,1
26,25,1
576,239,1
2907,1892,1
286,915,1
4606,4999,1
5736,5889,1
2159,2176,1
1050,4823,1
1105,1901,1
6096,884,1
2123,3763,1
3265,3248,1
4463,1542,1
1761,781,1
697,5743,1
5933,1820,1
2763,3870,1
2044,3531,1
3138,2738,1
1001,1420,1
2956,6595,1
701,1890,1
1578,2371,1
2767,3967,1
195,292,1
2720,1244,1
445,495,1
794,1670,1
10,1476,1
242,394,1
4607,6991,1
6083,3585,1
2126,3340,1
2575,2467,1
4394,3644,1
5889,4068,1
1415,4979,1
2464,2477,1
2492,3150,1
1235,1106,1
2127,2492,1
41,228,1
697,1676,1
1069,3457,1
2841,4961,1
3140,5165,1
1062,5537,1
6308,6479,1
692,3255,1
294,948,1
910,1260,1
4444,6565,1
1656,14,1
3807,4222,1
4223,3154,1
4410,2735,1
5926,4261,1
3681,2079,1
1268,1450,1
4278,4275,1
4617,4687,1
1371,1423,1
5215,4705,1
3314,5282,1
2260,1156,1
2041,2293,1
1562,1629,1
2126,3303,1
809,785,1
701,910,1
6773,7027,1
2425,3059,1
62,1676,1
1192,2575,1
794,1136,1
1263,1830,1
1763,2057,1
1420,807,1
640,1082,1
19,50,1
1184,2810,1
4831,4602,1
1609,3488,1
5116,4979,1
2038,1064,1
4613,3445,1
4400,3585,1
3240,2375,1
910,6161,1
117,239,1
3314,4219,1
4615,4068,1
6647,5414,1
2205,5493,1
3990,6653,1
1938,2017,1
4090,2863,1
2371,1699,1
10,1500,1
6151,5146,1
11,257,1
1347,1471,1
4166,3033,1
3086,3195,1
2971,2428,1
2394,2467,1
3087,6405,1
2617,1464,1
498,679,1
2463,1613,1
3313,2126,1
2126,258,1
5151,4924,1
3243,2467,1
2063,2521,1
2620,2226,1
2447,5236,1
1416,1829,1
2600,4823,1
6151,5706,1
2338,2546,1
3446,5034,1
972,369,1
157,794,1
1951,5470,1
3986,5534,1
155,2459,1
5735,6756,1
306,552,1
76,44,1
48,668,1
2492,2057,1
2151,2397,1
5222,5155,1
4190,3307,1
1277,2764,1
7,239,1
3675,1892,1
4310,4403,1
4602,5889,1
697,3581,1
2166,2759,1
1366,1923,1
281,739,1
5430,4979,1
609,739,1
5470,5207,1
10,2838,1
1615,1386,1
4098,3781,1
2767,3866,1
1471,2348,1
3647,6782,1
2916,2970,1
3173,3238,1
1629,1064,1
3234,2427,1
2260,2880,1
3147,4535,1
5586,5292,1
4824,4628,1
5548,4672,1
755,1802,1
2721,1351,1
1420,1174,1
3669,669,1
1961,863,1
2761,2166,1
2758,1613,1
873,277,1
2476,1951,1
3286,1593,1
1752,1747,1
5,1611,1
1609,2191,1
3140,3059,1
3314,5911,1
6070,5043,1
792,1463,1
5149,3548,1
1961,2790,1
4604,2398,1
2740,2575,1
3097,3630,1
105,6020,1
591,605,1
3149,1960,1
3152,4602,1
157,1611,1
2261,1275,1
6151,4805,1
5383,5087,1
6029,6502,1
2457,3763,1
15,774,1
40,474,1
3398,3453,1
6660,5706,1
1256,1984,1
1471,3861,1
5514,5539,1
2746,2658,1
159,812,1
1811,2430,1
24,815,1
1168,2287,1
5476,4676,1
6168,6195,1
2291,270,1
2126,2291,1
640,1320,1
4625,5293,1
3147,3465,1
1116,948,1
36,5628,1
23,930,1
2703,3019,1
3313,4924,1
222,694,1
6067,7109,1
5043,4193,1
801,3150,1
2294,3719,1
5292,6190,1
5674,5222,1
422,5145,1
1961,4098,1
1393,1937,1
3148,3134,1
1734,2133,1
2377,1178,1
2237,2044,1
1672,2038,1
4804,5102,1
6029,6809,1
2233,4193,1
3148,4007,1
1658,944,1
1420,2290,1
3350,2428,1
1099,1523,1
1420,1178,1
6335,5329,1
642,2357,1
3746,6537,1
3148,2430,1
2166,2893,1
1002,3055,1
6176,5633,1
2544,3751,1
3746,4499,1
3807,3778,1
4506,4177,1
4827,5149,1
169,3781,1
4617,5092,1
1032,4961,1
2463,2760,1
2123,1464,1
1256,2855,1
1002,5092,1
1681,1649,1
4608,2522,1
4606,2064,1
3441,2357,1
5043,5706,1
23,253,1
4164,1542,1
2397,5933,1
1277,1064,1
373,281,1
4892,5734,1
2763,2658,1
6703,6819,1
365,363,1
1686,1897,1
1050,2580,1
5176,7021,1
1578,1707,1
6151,6087,1
1878,2122,1
6335,3020,1
2394,1515,1
157,1602,1
2763,3627,1
422,6819,1
1277,1463,1
1471,962,1
3147,5194,1
2746,2032,1
30,25,1
4430,1507,1
54,1276,1
1056,1457,1
254,498,1
3148,4052,1
232,573,1
950,373,1
69,332,1
133,271,1
118,24,1
119,1574,1
680,933,1
1277,1830,1
61,139,1
4149,5768,1
837,76,1
912,2293,1
697,2290,1
888,644,1
3990,6737,1
4604,5222,1
1059,1271,1
3207,5282,1
5073,5921,1
2348,4299,1
4823,4508,1
4377,6993,1
3248,3816,1
697,4217,1
4897,2995,1
656,2128,1
2459,1649,1
910,2459,1
2270,3034,1
1023,1944,1
1371,2099,1
2294,1940,1
6189,6186,1
6519,4149,1
2818,3392,1
3733,3861,1
2127,2397,1
1131,1184,1
2347,553,1
1415,4788,1
1686,2975,1
23,2017,1
4628,4636,1
1450,3160,1
3455,428,1
3296,4988,1
2431,4525,1
22,150,1
5241,2815,1
6029,2733,1
4713,669,1
4522,2315,1
1027,1370,1
2062,3307,1
4552,3410,1
2815,1315,1
3280,5967,1
1625,5058,1
1555,2815,1
3654,5479,1
2533,1493,1
1471,2018,1
245,1658,1
1351,1796,1
1393,2169,1
3360,6565,1
3118,2465,1
2833,2038,1
5539,1972,1
2763,2548,1
373,1039,1
5514,4522,1
3165,3059,1
2342,2575,1
1829,2968,1
4732,5050,1
4038,5800,1
1502,1500,1
1824,2301,1
2453,2580,1
4597,3446,1
1838,2912,1
2270,2427,1
1393,1629,1
398,786,1
311,163,1
2425,3242,1
13,498,1
6958,5925,1
5769,5904,1
743,3661,1
5127,5586,1
4332,4079,1
41,6001,1
4873,4872,1
2462,2457,1
1314,1062,1
2386,2556,1
3313,1627,1
6019,6861,1
4824,3518,1
2348,2702,1
277,897,1
2926,778,1
656,910,1
23,4210,1
2503,2556,1
4463,5735,1
2705,2738,1
641,1664,1
1492,1793,1
571,1344,1
2055,1898,1
157,5292,1
2538,2343,1
983,4979,1
2331,1420,1
208,24,1
5129,6595,1
2041,1366,1
2584,4097,1
1186,1398,1
1363,695,1
10,5887,1
3222,2980,1
4606,6403,1
5420,5470,1
536,568,1
6335,5146,1
2159,3040,1
2090,3591,1
6029,4961,1
2461,1951,1
4965,6637,1
285,701,1
604,4528,1
2705,1945,1
904,2209,1
4477,5422,1
2315,2048,1
1420,1655,1
1519,14,1
3287,2607,1
2431,7027,1
692,1704,1
674,952,1
972,733,1
5634,5420,1
4522,14,1
5259,6146,1
232,284,1
157,1082,1
2465,1594,1
10,2758,1
756,3255,1
24,253,1
3395,2533,1
4532,4443,1
3153,4705,1
638,2658,1
4377,2172,1
917,1386,1
6146,6293,1
3314,5733,1
4377,5682,1
2476,1585,1
1063,3301,1
4894,4672,1
1830,1366,1
1844,2004,1
2204,2607,1
4204,3845,1
2705,2533,1
4033,4403,1
5,150,1
1488,2516,1
2348,3921,1
4180,5743,1
2464,2357,1
3580,4063,1
10,1814,1
2100,2343,1
422,3488,1
4226,3765,1
2582,1940,1
2270,1156,1
1208,1296,1
755,1493,1
1495,1493,1
1984,1485,1
3616,2373,1
1870,4052,1
3059,3861,1
5,495,1
6548,6993,1
1594,3644,1
3174,4828,1
2549,3160,1
19,786,1
5534,5967,1
546,695,1
4482,2956,1
1890,1892,1
1420,2531,1
1814,1471,1
5129,4226,1
3594,3059,1
4897,3518,1
801,1192,1
5534,5129,1
6107,5317,1
470,930,1
5969,5967,1
4283,5050,1
111,5247,1
1773,5480,1
5602,4213,1
3445,5966,1
1811,3040,1
2126,3108,1
1420,3854,1
2091,2563,1
3156,1235,1
1450,1142,1
2348,4059,1
2476,2787,1
2357,4286,1
2841,5146,1
5514,5733,1
4892,6186,1
6335,6864,1
5602,4463,1
1609,2379,1
3444,3661,1
1233,1485,1
4609,2191,1
4430,4602,1
794,755,1
2468,2425,1
638,2428,1
35,130,1
791,1089,1
1471,892,1
1002,1984,1
6009,5929,1
2396,2348,1
1553,3645,1
1262,1643,1
4239,5179,1
3654,4867,1
2787,2044,1
68,24,1
2043,2457,1
1184,698,1
3145,4291,1
2348,4171,1
108,14,1
3140,5132,1
4522,2233,1
6302,6526,1
5138,6349,1
154,698,1
2761,3529,1
3444,2164,1
1664,1486,1
3087,5539,1
3466,2289,1
5,1523,1
2043,2038,1
14,698,1
5945,6546,1
7023,7027,1
3147,5966,1
662,4787,1
3163,756,1
1056,910,1
2322,1759,1
1487,1424,1
1672,2371,1
1664,2066,1
6059,6203,1
2657,1951,1
1844,1681,1
1930,1290,1
371,2607,1
5769,7080,1
2793,3222,1
972,1124,1
281,1353,1
546,668,1
4223,5075,1
6305,6479,1
229,239,1
576,14,1
1421,553,1
591,1835,1
10,869,1
4335,4108,1
1478,1770,1
983,3033,1
3446,3307,1
3261,6084,1
5217,3644,1
3449,5167,1
157,947,1
1629,1724,1
391,5497,1
2204,2059,1
3681,3873,1
251,139,1
2285,930,1
3283,3487,1
3653,4217,1
2348,6809,1
5141,6565,1
6398,5769,1
4897,6399,1
5127,5588,1
6096,5317,1
3336,669,1
3148,1950,1
4548,2657,1
1951,5050,1
855,1294,1
2166,3719,1
4599,5027,1
2833,3685,1
916,3261,1
3248,5232,1
1460,3002,1
2377,2970,1
2512,4672,1
128,857,1
3990,4424,1
1590,2691,1
3222,2761,1
4618,4730,1
5004,4164,1
2171,2287,1
353,2815,1
1237,1835,1
2471,4867,1
1699,910,1
1519,891,1
4603,4068,1
756,2850,1
7110,7109,1
4329,4459,1
4377,4535,1
2,1028,1
1678,1676,1
1900,1609,1
3261,2431,1
10,579,1
2471,2818,1
872,933,1
4738,4149,1
2033,6861,1
2285,1420,1
4606,5527,1
40,232,1
1830,1664,1
2548,778,1
1100,857,1
6151,6123,1
2127,1890,1
3248,4033,1
2289,1567,1
1116,2467,1
4310,5034,1
5215,5916,1
4430,5767,1
4844,4164,1
3058,3033,1
4892,3679,1
1664,1839,1
4004,767,1
1349,3842,1
5,221,1
3097,3150,1
3248,3932,1
1890,1897,1
249,122,1
2162,2372,1
7011,4664,1
80,51,1
4300,4335,1
1063,1136,1
2377,575,1
6262,3303,1
5706,3585,1
1933,2787,1
1761,1882,1
3840,3849,1
2926,3055,1
1981,3007,1
4556,1655,1
285,1332,1
4310,4449,1
1095,2658,1
3315,4097,1
154,1113,1
4477,5796,1
5174,4910,1
4315,2158,1
2457,1933,1
4607,6151,1
755,2707,1
6176,7053,1
5786,5706,1
1034,2328,1
18,26,1
422,1507,1
2099,2349,1
3017,2842,1
615,239,1
5641,4482,1
3153,4817,1
3261,4672,1
279,3464,1
169,187,1
5129,6000,1
1477,1730,1
54,1028,1
11,765,1
1979,2046,1
2790,2758,1
48,405,1
254,232,1
4956,1351,1
1366,1205,1
268,498,1
4850,4098,1
5161,5633,1
5429,4979,1
644,2323,1
2747,4648,1
1420,695,1
1050,6599,1
2294,3176,1
2707,3518,1
3207,5027,1
4604,4676,1
279,665,1
5129,5685,1
4542,5633,1
1166,1480,1
4599,6351,1
2101,2434,1
3148,1197,1
2500,3134,1
392,217,1
5043,5430,1
300,3521,1
2431,6510,1
5526,4801,1
3599,3242,1
186,1704,1
1420,5376,1
4430,5630,1
186,3854,1
3146,3124,1
10,3842,1
2746,3873,1
2063,2233,1
5929,767,1
4310,4444,1
2348,4077,1
779,383,1
1150,2361,1
967,2829,1
5513,5800,1
680,781,1
2870,3661,1
4892,5929,1
4374,4552,1
5428,4979,1
2048,5222,1
5766,5966,1
1801,1923,1
4607,6920,1
3314,3926,1
2327,1493,1
5538,5537,1
13,963,1
4617,4403,1
5792,6986,1
3751,6820,1
719,287,1
411,50,1
2975,3624,1
904,1919,1
601,599,1
4261,4828,1
2767,3555,1
2463,3781,1
3057,3252,1
2348,3672,1
1421,2838,1
1050,2525,1
1773,1734,1
422,3647,1
2166,2071,1
2742,2893,1
62,4456,1
4149,5240,1
6218,2431,1
3587,2531,1
372,221,1
725,780,1
3647,3446,1
697,6782,1
3150,3446,1
1050,5167,1
7,316,1
5512,5534,1
2742,891,1
4,1,1
4467,2301,1
3406,3150,1
1032,4672,1
1034,1509,1
5870,6591,1
743,4910,1
56,2226,1
3444,3097,1
3618,1828,1
3904,4031,1
4606,4788,1
4548,5490,1
4149,3261,1
4827,4489,1
3444,2431,1
4283,3956,1
2733,5131,1
982,5420,1
546,1795,1
2810,3487,1
4164,4427,1
289,445,1
1811,4734,1
7,254,1
5129,4788,1
2127,2291,1
3004,4233,1
34,217,1
680,739,1
2037,1649,1
1184,1106,1
6028,5870,1
1890,2138,1
3728,3580,1
674,739,1
2912,3885,1
4431,4734,1
6197,3518,1
1031,2044,1
5105,6180,1
404,2381,1
4892,3518,1
3313,2648,1
3433,4656,1
822,1256,1
398,5050,1
5675,5554,1
414,2742,1
2463,5641,1
285,4097,1
1256,2583,1
3643,2733,1
4149,7062,1
2462,3046,1
251,1594,1
4116,4788,1
1050,1578,1
4700,4064,1
2707,3168,1
1166,1124,1
6149,6029,1
2456,3645,1
4374,4559,1
5514,4910,1
1235,1184,1
4066,4275,1
1938,2600,1
1473,1306,1
422,4504,1
3990,4033,1
6710,6705,1
2763,3971,1
50,292,1
2867,2459,1
2823,1637,1
2761,3160,1
4828,6403,1
1061,2191,1
1272,1541,1
1032,4304,1
1366,2373,1
2890,3303,1
2762,2465,1
2506,1589,1
3053,4489,1
3662,3146,1
3143,1655,1
2686,3645,1
578,546,1
3990,3488,1
3155,2191,1
1420,1951,1
2705,891,1
912,4064,1
108,1064,1
2707,3751,1
2503,1501,1
284,1450,1
5680,6420,1
81,911,1
1890,1976,1
2348,3034,1
111,669,1
1082,1370,1
2431,2842,1
1156,1393,1
1664,1984,1
2869,2477,1
5769,5928,1
768,398,1
904,2604,1
3026,4831,1
2382,4988,1
3504,2044,1
425,64,1
6067,2431,1
6024,4068,1
1002,4033,1
3587,3287,1
3222,1892,1
3486,3109,1
1398,1646,1
1056,1142,1
6683,3020,1
4032,4924,1
162,1456,1
2400,2516,1
2522,4852,1
4077,5050,1
2465,2976,1
3261,5029,1
4430,5075,1
2348,3033,1
10,1014,1
7,581,1
902,751,1
4245,4552,1
1731,373,1
743,948,1
4892,4552,1
2099,2315,1
6146,7048,1
6011,3644,1
1940,1676,1
912,1415,1
106,816,1
6180,6595,1
1235,1887,1
755,1051,1
2425,3457,1
4616,1972,1
167,580,1
912,2863,1
641,862,1
3441,2059,1
2659,2191,1
1743,1742,1
422,2997,1
157,1485,1
2126,3521,1
6067,6916,1
3146,5247,1
5,51,1
2657,3541,1
1336,2166,1
3151,2544,1
6331,6123,1
888,774,1
4827,3235,1
5571,6190,1
4705,4606,1
1561,1555,1
2985,2381,1
164,125,1
3733,4118,1
1259,936,1
1763,2378,1
2995,5329,1
1095,2575,1
2038,2208,1
4035,3134,1
6415,2030,1
398,3719,1
5586,4414,1
4100,3529,1
4033,5782,1
2048,6024,1
5534,2315,1
560,572,1
1608,1456,1
2997,3046,1
5135,3168,1
6496,2956,1
3914,6830,1
5043,6015,1
5769,4522,1
751,2010,1
1415,5573,1
964,872,1
6176,6334,1
10,1088,1
1471,3926,1
1416,1950,1
3653,3904,1
4463,6452,1
4773,6920,1
3261,5194,1
1404,3630,1
4367,3140,1
5141,5868,1
546,239,1
4663,2760,1
1756,4108,1
3546,3842,1
6306,6029,1
3534,1961,1
3679,3541,1
1016,1704,1
422,5198,1
5711,5710,1
5146,5087,1
1184,1566,1
2348,6613,1
6550,6420,1
1233,2087,1
1110,857,1
864,1358,1
5750,4350,1
6310,5131,1
697,2572,1
3488,3149,1
801,3867,1
604,774,1
1329,1208,1
3097,2548,1
1589,2604,1
937,933,1
6096,6123,1
62,5293,1
5236,5827,1
4854,3701,1
1235,1882,1
743,398,1
3466,2850,1
4542,2540,1
9,606,1
129,262,1
910,944,1
3650,2427,1
2657,2044,1
5080,3901,1
1811,2063,1
1256,2371,1
801,2099,1
23,2698,1
4417,1086,1
2705,1589,1
6763,6986,1
1235,651,1
3807,1192,1
6582,4366,1
4910,6479,1
599,605,1
576,3701,1
6811,6415,1
3279,891,1
3643,6913,1
1404,1892,1
54,1048,1
1105,2970,1
222,5613,1
34,529,1
3331,3287,1
4848,5194,1
373,1897,1
1578,1151,1
917,762,1
1555,4522,1
4607,6637,1
1535,5929,1
1900,1915,1
2347,2124,1
2234,2226,1
1420,1578,1
801,237,1
2867,2471,1
2425,2759,1
5514,5149,1
1256,1707,1
1014,1135,1
5146,4773,1
4477,5292,1
3618,1176,1
3587,5329,1
2071,4226,1
1951,2746,1
2044,2673,1
6180,5586,1
3143,3446,1
6123,5742,1
3053,5050,1
1415,5763,1
706,495,1
2348,1178,1
718,606,1
3303,3330,1
1655,6809,1
246,239,1
701,789,1
4616,4335,1
982,3486,1
23,859,1
5149,3153,1
5143,6195,1
2467,4979,1
916,292,1
4477,5733,1
2601,1584,1
3059,3870,1
3146,3446,1
2373,2838,1
3794,2315,1
5043,5185,1
4897,6024,1
1521,1519,1
1593,5666,1
2707,3619,1
1471,1066,1
3444,5256,1
4456,5996,1
6703,3585,1
638,521,1
93,618,1
1811,5763,1
1062,3508,1
437,896,1
3643,2233,1
1256,767,1
2043,575,1
1050,1972,1
6734,7029,1
6034,4943,1
1062,3464,1
3138,3301,1
2017,1062,1
2572,5232,1
5783,5105,1
2706,3046,1
4654,2760,1
3097,2366,1
502,2575,1
6156,5827,1
1050,1459,1
6415,5800,1
5218,6454,1
2486,1950,1
3147,4164,1
3450,4587,1
718,2090,1
4194,3059,1
3441,2697,1
1256,5928,1
2465,698,1
428,3242,1
604,3307,1
1424,1635,1
398,1519,1
1468,1514,1
2372,2507,1
35,64,1
6335,6619,1
1650,1062,1
3147,3653,1
5487,3508,1
3331,2908,1
4033,5493,1
1002,4149,1
4261,5493,1
3935,698,1
1192,2571,1
6295,6565,1
3029,2425,1
2371,1594,1
1566,2759,1
2100,3059,1
1192,2560,1
2347,4226,1
1420,3751,1
4332,3495,1
2799,2158,1
912,6151,1
1465,1306,1
1140,1172,1
3059,3203,1
11,320,1
1763,2158,1
4213,5029,1
5581,4261,1
6176,7109,1
3308,3563,1
4892,6420,1
743,2471,1
4279,4261,1
4068,3901,1
107,342,1
1629,1703,1
3153,4118,1
1761,863,1
1627,1173,1
2348,1567,1
972,3848,1
1555,4606,1
917,3644,1
2680,2357,1
23,579,1
295,668,1
3672,3619,1
1344,2183,1
2463,2377,1
2617,2507,1
6395,6389,1
1736,3457,1
2348,6953,1
4430,6227,1
3444,5505,1
1594,2053,1
1178,901,1
792,668,1
422,1594,1
3739,2697,1
1555,1295,1
2331,2546,1
2657,4226,1
3087,6165,1
644,588,1
1996,3055,1
3147,4528,1
5706,5209,1
5512,6024,1
4149,4164,1
756,2546,1
422,1381,1
1420,1566,1
322,668,1
1653,4033,1
4892,6789,1
1450,832,1
4103,3128,1
1569,215,1
294,4924,1
2152,1418,1
3202,2430,1
2347,3475,1
1277,1810,1
57,342,1
105,6717,1
5786,4068,1
2126,2294,1
3649,4283,1
3746,5165,1
1814,1135,1
53,50,1
2871,3849,1
4892,5800,1
2348,4621,1
3647,3849,1
3808,3134,1
106,277,1
1761,373,1
1471,1804,1
3314,4605,1
5306,4979,1
2548,575,1
4952,4543,1
2758,4118,1
2377,1298,1
4612,3315,1
3082,4068,1
1487,4576,1
5,406,1
422,3248,1
6709,5146,1
1062,2163,1
157,262,1
1604,1602,1
1099,4480,1
2323,3108,1
5155,4912,1
398,1471,1
725,341,1
68,239,1
24,1306,1
1235,215,1
2767,2697,1
4897,2074,1
165,2430,1
5129,4123,1
111,3849,1
3441,4827,1
2866,6916,1
3710,2850,1
3261,5666,1
3648,2177,1
1303,1457,1
367,1584,1
1482,5152,1
1890,1908,1
6220,6546,1
422,6619,1
3737,2348,1
2824,1594,1
4962,4066,1
2507,756,1
2166,2427,1
3174,3901,1
5058,2357,1
422,6000,1
5488,4924,1
5143,5966,1
2785,2761,1
4437,3529,1
163,1730,1
776,4226,1
2270,2382,1
4472,2191,1
762,694,1
4429,4068,1
5072,6001,1
1408,1486,1
3242,2366,1
310,306,1
3084,3751,1
3286,4499,1
7072,3981,1
3465,5967,1
14,24,1
3313,2566,1
3893,1267,1
5127,6420,1
487,50,1
641,604,1
2799,4210,1
1095,2166,1
5161,5155,1
4587,3885,1
2471,3055,1
5571,4216,1
560,616,1
1239,237,1
3138,6047,1
3092,1057,1
1807,1805,1
801,2017,1
3059,4310,1
5141,2956,1
2046,2379,1
4068,6405,1
1256,1838,1
2287,3301,1
5514,5706,1
2260,2395,1
2270,2169,1
5782,6195,1
2342,2871,1
3147,5155,1
697,1062,1
1174,1260,1
1268,271,1
5734,6613,1
3653,3146,1
1844,862,1
4910,3189,1
5786,3392,1
5483,5132,1
3157,3464,1
3669,3653,1
2707,4541,1
735,4961,1
5989,5987,1
71,1267,1
1370,5065,1
4616,6165,1
1890,1323,1
2567,2122,1
936,1355,1
6274,2540,1
6146,5236,1
2742,3129,1
3097,4705,1
23,674,1
3106,4541,1
236,235,1
1420,5050,1
4603,4999,1
904,2810,1
2463,3261,1
253,906,1
6755,3984,1
286,898,1
4033,4875,1
1478,1174,1
1394,910,1
4604,5058,1
1672,2589,1
1559,4064,1
1890,2087,1
3138,2617,1
719,3901,1
5129,4628,1
106,292,1
4910,5029,1
3647,5034,1
1268,1027,1
967,6667,1
1366,783,1
743,1591,1
1933,1594,1
4477,4607,1
3781,3045,1
2548,2838,1
3314,3446,1
2342,2893,1
3650,2697,1
2867,2976,1
904,3295,1
5786,6349,1
502,963,1
1105,369,1
4033,3701,1
2044,2172,1
4283,4892,1
1627,2540,1
2505,2544,1
2810,3169,1
2166,778,1
3599,3861,1
1485,3316,1
502,3152,1
6176,4149,1
43,1421,1
1594,3645,1
1050,5237,1
1063,1294,1
3336,3763,1
78,1450,1
4427,4606,1
1267,6889,1
4559,4558,1
4809,3781,1
270,2377,1
3124,2044,1
5043,3189,1
4732,5198,1
128,535,1
1262,1143,1
2099,3242,1
1420,1319,1
6156,6335,1
5989,2348,1
719,1734,1
4279,6614,1
10,1027,1
157,1651,1
4677,1057,1
1259,1512,1
78,141,1
1306,1519,1
4417,4641,1
6059,5289,1
4444,3781,1
5706,5539,1
6683,6733,1
3059,3521,1
1960,2018,1
1404,2294,1
776,4672,1
778,1669,1
5701,5317,1
3807,3580,1
674,680,1
4038,1235,1
3155,4129,1
13,558,1
5476,5628,1
6587,3410,1
23,4226,1
141,284,1
2707,2818,1
1233,1376,1
546,2099,1
2064,4648,1
4331,2044,1
755,2169,1
5176,2815,1
4793,4118,1
4738,6123,1
2908,4827,1
6171,3585,1
1096,1294,1
2763,3148,1
4892,6059,1
1370,1631,1
3147,4996,1
99,5065,1
1420,3040,1
4018,2064,1
4701,3306,1
6180,5493,1
422,783,1
1136,2810,1
680,1039,1
2707,4171,1
6176,5890,1
3226,3563,1
3150,4063,1
3751,6598,1
1527,1349,1
3376,2758,1
2457,3457,1
1205,2753,1
1506,1793,1
964,1579,1
1420,5165,1
1116,1404,1
6810,6809,1
1686,855,1
6710,4607,1
4226,3541,1
2741,698,1
3147,3002,1
2285,2123,1
2490,3138,1
1050,1332,1
1366,2397,1
2301,5763,1
2603,2604,1
1890,62,1
29,239,1
5306,3508,1
4272,5641,1
2463,4895,1
81,14,1
3990,5292,1
3807,2572,1
77,410,1
99,4788,1
546,495,1
1351,3108,1
725,3866,1
1068,2291,1
756,3591,1
4283,6180,1
1900,1643,1
3919,5527,1
3314,1235,1
4410,4459,1
3643,2584,1
913,888,1
99,4444,1
872,383,1
3913,1675,1
10,1989,1
29,379,1
1615,1366,1
5735,3153,1
2722,2787,1
99,116,1
3315,1267,1
422,4945,1
3541,4672,1
3654,1627,1
2043,1541,1
3168,4033,1
2866,1820,1
1811,2465,1
3148,3848,1
4597,3189,1
2044,4558,1
3106,4782,1
1900,1616,1
2033,1062,1
575,373,1
1663,3825,1
422,1661,1
697,2038,1
4919,5792,1
422,3157,1
2476,2357,1
3914,6038,1
116,139,1
4575,2522,1
4597,2521,1
6415,6146,1
4824,4835,1
2689,2702,1
2763,3287,1
1262,1566,1
286,649,1
1032,2296,1
753,869,1
2767,2732,1
2425,3751,1
134,3591,1
5293,4854,1
1420,2169,1
4532,14,1
4482,6585,1
983,624,1
5123,5612,1
2425,3971,1
5222,5043,1
1168,2575,1
897,719,1
3731,3861,1
5,1404,1
144,641,1
701,2038,1
5131,3508,1
713,680,1
22,558,1
1256,884,1
6776,3644,1
4077,2997,1
1341,3825,1
4522,5209,1
1266,2428,1
2290,2394,1
904,2742,1
305,933,1
4483,2760,1
3168,3033,1
4439,3781,1
286,1183,1
3647,3148,1
6300,6598,1
1420,5792,1
3972,6190,1
1731,1853,1
2818,2968,1
5563,4213,1
697,4261,1
2533,2532,1
1306,271,1
5301,3679,1
6428,1820,1
6151,6777,1
2348,3301,1
3146,2382,1
2522,4827,1
5401,4559,1
3466,3248,1
22,859,1
2703,2976,1
197,2381,1
13,205,1
5786,6437,1
755,2540,1
2492,3861,1
1277,1358,1
1192,2204,1
3143,4499,1
1591,3134,1
422,1364,1
197,1023,1
2348,6864,1
1838,4999,1
2048,1135,1
628,1486,1
4522,5613,1
294,719,1
6244,4813,1
1597,5092,1
245,495,1
2377,2331,1
2260,168,1
3240,3488,1
1205,1060,1
5127,6203,1
4609,4999,1
3577,2756,1
5680,6151,1
3444,4219,1
3140,6510,1
762,1398,1
2402,2371,1
1268,2046,1
1101,857,1
2382,4164,1
1890,855,1
3286,5247,1
1303,1063,1
157,1923,1
6521,6161,1
305,6722,1
1277,1956,1
314,125,1
5141,6591,1
4467,3446,1
560,603,1
10,4275,1
1945,2864,1
954,817,1
743,735,1
3150,2908,1
2126,2459,1
5042,4272,1
6079,5734,1
972,874,1
4377,5666,1
4792,4606,1
388,749,1
853,1172,1
1578,3046,1
5158,5157,1
4437,4606,1
2572,669,1
1002,1244,1
5051,4892,1
718,3415,1
1034,1156,1
3990,4443,1
1172,2617,1
6152,6050,1
1041,3691,1
5061,6227,1
2707,2617,1
3314,4123,1
4897,3672,1
948,2477,1
1420,2980,1
525,4164,1
422,1418,1
4607,5604,1
2756,2666,1
528,3647,1
4377,5194,1
4374,4606,1
3286,5395,1
2348,5289,1
10,733,1
546,3152,1
2656,2396,1
4522,5871,1
1408,1802,1
1415,5075,1
2100,2575,1
887,309,1
5102,6056,1
4174,1961,1
6171,6332,1
294,2315,1
2126,4018,1
5185,4961,1
2204,2223,1
756,2997,1
760,1658,1
2431,6876,1
1029,1297,1
2348,4472,1
2705,5593,1
294,1961,1
105,5146,1
2159,2511,1
2348,1853,1
4773,2540,1
4597,4616,1
3309,3301,1
6377,4463,1
3138,2090,1
6632,5782,1
2463,4064,1
1050,5061,1
3143,3873,1
7,852,1
398,2673,1
5043,5921,1
2457,2742,1
5672,6351,1
76,357,1
5360,4676,1
4020,3334,1
1192,2580,1
2425,2492,1
133,680,1
2982,2099,1
3313,4817,1
1471,1823,1
917,1640,1
3152,2758,1
5672,4696,1
5318,3649,1
3189,2250,1
2463,5127,1
2707,1057,1
6024,5586,1
2971,2366,1
755,2122,1
545,2057,1
10,1284,1
2328,3719,1
701,864,1
2833,2381,1
3444,5125,1
422,4077,1
3721,2127,1
5524,2315,1
4445,4573,1
972,1256,1
5329,3020,1
2912,3154,1
286,838,1
298,739,1
1348,1759,1
169,3685,1
724,76,1
2763,3816,1
1032,1629,1
4430,6195,1
2204,2697,1
3986,4813,1
656,1919,1
6026,5092,1
6218,5633,1
2370,1655,1
2705,2518,1
422,5236,1
5488,4149,1
3087,5043,1
2457,3751,1
697,2563,1
743,2071,1
3313,5087,1
112,310,1
3286,428,1
1348,1062,1
2166,2477,1
2099,2976,1
298,933,1
1408,3580,1
1272,1271,1
4180,3529,1
2431,2270,1
1348,2356,1
28,1244,1
4451,2079,1
1629,2133,1
490,5222,1
29,588,1
2867,1589,1
967,5770,1
2697,2372,1
1233,1631,1
1894,2465,1
5571,5734,1
972,2764,1
5123,4700,1
6176,6884,1
5705,4261,1
3752,3751,1
2617,2166,1
1664,1290,1
281,950,1
3849,4233,1
546,3108,1
2746,756,1
2127,2270,1
1002,2740,1
1938,5050,1
422,892,1
23,815,1
4430,3465,1
1192,1761,1
2890,2518,1
6536,6405,1
4910,5375,1
2468,2455,1
2617,3406,1
2004,1682,1
2746,4988,1
6180,6733,1
1937,3644,1
983,1098,1
697,4895,1
3169,2533,1
566,564,1
2468,3034,1
4599,5922,1
1029,1306,1
2673,3331,1
4561,5050,1
718,3040,1
3150,2431,1
2761,2099,1
1420,1486,1
1014,4801,1
719,2815,1
5058,5132,1
1192,1215,1
1506,5026,1
5,76,1
3681,4403,1
422,2471,1
2290,2357,1
3148,4217,1
2425,2427,1
5127,3644,1
4892,5019,1
4603,3649,1
2064,4518,1
3852,2476,1
4253,4528,1
310,556,1
692,28,1
1477,2062,1
4892,4730,1
3143,4233,1
2063,2357,1
2669,391,1
157,1976,1
4482,3146,1
1032,2378,1
1341,1420,1
576,1244,1
1792,2427,1
1669,2759,1
2707,3581,1
4439,3649,1
563,373,1
3654,4061,1
280,50,1
4897,3965,1
3204,3004,1
972,588,1
615,614,1
5547,4924,1
2866,7109,1
2758,2467,1
2357,1960,1
93,6169,1
3305,3301,1
1933,3347,1
2742,1756,1
1471,533,1
5127,6307,1
4555,5075,1
6390,6545,1
6634,6518,1
2395,1062,1
959,1052,1
5411,4605,1
4892,1972,1
896,1355,1
2738,1961,1
5539,4213,1
743,911,1
16,342,1
2477,891,1
453,498,1
279,2815,1
1040,1456,1
2697,3867,1
6498,6405,1
5534,5537,1
2463,4297,1
40,1168,1
4033,3320,1
713,3046,1
2431,1589,1
2063,3108,1
3150,2158,1
3919,2760,1
422,4822,1
3168,2389,1
10,780,1
316,1298,1
1900,1174,1
6152,6585,1
2584,2062,1
1408,2548,1
1615,2053,1
5769,6114,1
3149,4552,1
2761,4606,1
1056,1485,1
5222,5966,1
10,2908,1
5043,5198,1
596,871,1
2159,5102,1
1258,2740,1
5043,4456,1
545,1353,1
404,649,1
6811,4961,1
1951,2431,1
1447,2377,1
1063,2583,1
2913,2492,1
3921,3140,1
10,962,1
1095,2546,1
5377,5479,1
3507,3691,1
216,872,1
1325,1364,1
1050,5102,1
6146,6085,1
743,76,1
5145,3445,1
2333,1106,1
972,2204,1
3019,1184,1
6701,6335,1
3212,3521,1
5734,5966,1
3147,4312,1
6415,4607,1
2348,2044,1
3140,4607,1
3669,2829,1
3147,4552,1
2550,694,1
5571,2223,1
4532,4676,1
5570,2315,1
5769,6986,1
3799,5127,1
591,2128,1
1348,1355,1
2348,2673,1
3387,2348,1
5,29,1
279,4561,1
294,3488,1
1062,2976,1
1404,1473,1
5769,6770,1
604,76,1
10,203,1
3149,3033,1
31,2176,1
1477,3347,1
4246,3406,1
281,1294,1
23,2373,1
305,1267,1
1358,948,1
2676,3495,1
5563,5292,1
1961,4233,1
4599,5734,1
373,1491,1
3718,4233,1
2463,3238,1
4502,6809,1
2833,2582,1
638,4171,1
6123,6986,1
3410,5488,1
4548,4226,1
5870,5493,1
5539,5933,1
3204,2838,1
2377,2122,1
2467,4219,1
1001,669,1
3138,2758,1
4715,3997,1
5470,7109,1
1366,1485,1
751,76,1
460,579,1
4914,4605,1
2260,1594,1
2581,2348,1
3718,3303,1
5534,6050,1
2471,4213,1
502,1802,1
2348,694,1
5729,3306,1
1398,606,1
2338,2122,1
4226,5107,1
10,4129,1
2347,2044,1
4477,5479,1
1681,2328,1
4222,5736,1
6293,5185,1
1263,1473,1
275,3387,1
6029,3054,1
1562,1824,1
5929,6180,1
2431,6180,1
4430,5420,1
719,862,1
4437,4561,1
78,2760,1
305,2389,1
2836,4558,1
2425,3444,1
205,271,1
1761,1940,1
857,1923,1
1323,1321,1
1277,1173,1
2397,2829,1
81,1500,1
4823,4522,1
6146,6114,1
3106,2301,1
4477,3701,1
4861,4118,1
4150,2296,1
1829,1501,1
5127,6050,1
3147,1141,1
3314,5527,1
575,271,1
5222,4700,1
2833,2975,1
6795,3644,1
5921,4447,1
2348,3020,1
904,1315,1
904,1594,1
4013,4007,1
1099,3904,1
5043,5470,1
1471,1670,1
760,1707,1
3919,4606,1
2398,6139,1
1040,2191,1
4890,3781,1
3459,2617,1
2126,3242,1
2758,4077,1
1609,2767,1
54,24,1
422,857,1
1256,3825,1
6415,5890,1
2431,1062,1
1471,832,1
2330,1244,1
578,906,1
4855,5194,1
967,5058,1
6387,5966,1
62,1501,1
1168,2698,1
1268,853,1
251,591,1
972,3055,1
5586,4943,1
3286,3140,1
2765,2191,1
2463,2044,1
1168,644,1
5127,6281,1
1420,5800,1
2,373,1
5493,4123,1
1463,2132,1
3286,3059,1
3059,2370,1
3293,428,1
64,546,1
2758,4052,1
4717,4576,1
19,257,1
111,1940,1
864,1952,1
6780,4773,1
2430,2548,1
2642,2226,1
2289,1853,1
1792,1937,1
5137,5633,1
2099,3691,1
2705,3045,1
34,387,1
2763,5588,1
4972,4788,1
1014,1215,1
3287,1589,1
2561,3644,1
4943,6230,1
22,1404,1
155,1135,1
749,747,1
3444,4463,1
1650,4517,1
830,683,1
5113,2815,1
1156,1432,1
770,768,1
955,5768,1
4622,4621,1
5649,5641,1
1835,1578,1
284,410,1
165,122,1
2680,3452,1
529,535,1
1740,1928,1
2294,2361,1
1415,3134,1
4548,3189,1
6156,2348,1
99,4068,1
3394,3685,1
2457,187,1
2348,6334,1
2246,4522,1
5293,5966,1
2078,2204,1
2469,1655,1
4886,3781,1
2044,1176,1
126,5165,1
3444,6060,1
23,215,1
2464,2764,1
3972,3316,1
5472,3453,1
502,915,1
3643,4482,1
716,7,1
6618,5867,1
697,6770,1
3109,3261,1
3189,3541,1
2767,3661,1
911,641,1
2290,1761,1
5786,5149,1
2707,6203,1
1050,3563,1
546,1814,1
628,1064,1
3150,4403,1
2048,1420,1
615,815,1
4471,4945,1
2090,1054,1
4616,4261,1
6019,4773,1
2463,4558,1
1478,1821,1
1062,1824,1
1192,2331,1
1486,2291,1
1460,2697,1
2431,4696,1
2371,2697,1
5263,3286,1
4226,3529,1
2761,2017,1
3681,4605,1
2979,2976,1
2548,5967,1
3445,2956,1
3594,3845,1
118,234,1
1420,4118,1
3546,1828,1
6335,5330,1
1502,2425,1
1824,2046,1
5129,5743,1
2348,2030,1
2048,14,1
6750,6180,1
718,2372,1
404,789,1
2261,1759,1
2107,2366,1
8,1704,1
1297,693,1
3335,1267,1
3854,2382,1
1035,1295,1
284,2815,1
2081,2079,1
3138,1267,1
5146,4831,1
5571,5668,1
2705,3866,1
718,1887,1
5129,5019,1
1363,1529,1
197,1386,1
1235,1060,1
5695,4216,1
3087,5871,1
5357,5405,1
2456,3504,1
3672,1080,1
2657,2191,1
755,1295,1
2705,3054,1
680,1682,1
2728,2394,1
2892,3152,1
3643,5405,1
157,1294,1
2908,1684,1
2428,2018,1
38,1704,1
4046,3334,1
4175,3150,1
3314,5641,1
1306,2908,1
1348,3150,1
10,3972,1
697,4310,1
2372,669,1
6161,5966,1
4677,3360,1
1277,1298,1
253,956,1
4377,5573,1
1478,1928,1
1629,1509,1
3079,2507,1
2164,4499,1
3147,2357,1
735,857,1
237,701,1
1306,1695,1
3385,3781,1
2,381,1
3718,1130,1
4118,4617,1
279,552,1
4607,2357,1
3222,3781,1
4417,3149,1
4906,4852,1
2908,3320,1
2926,4518,1
5431,5145,1
6332,6986,1
422,4216,1
5176,5153,1
4608,3315,1
651,649,1
575,749,1
4532,3168,1
2746,2158,1
888,883,1
6334,7048,1
2770,2980,1
2767,2366,1
5918,142,1
4214,4210,1
3313,3406,1
36,1021,1
2908,2465,1
6147,5547,1
2191,3148,1
6068,6349,1
3168,4172,1
2687,1315,1
3651,2431,1
3009,5800,1
1131,2451,1
28,2270,1
5571,5792,1
1370,2294,1
1416,2123,1
2348,5236,1
2763,3541,1
2463,5157,1
725,521,1
6632,4447,1
3978,3495,1
2431,6647,1
3977,3320,1
4812,1141,1
286,815,1
695,3334,1
1244,1649,1
10,972,1
162,341,1
237,6195,1
3148,3330,1
5286,4456,1
77,888,1
258,910,1
755,2044,1
1836,2580,1
3157,3624,1
5149,3912,1
4024,3147,1
4857,6026,1
1578,1060,1
1062,1655,1
2329,2740,1
4732,5573,1
2463,1951,1
1233,1063,1
5037,1507,1
7,43,1
3143,3870,1
1640,3242,1
2996,1062,1
5073,6050,1
1951,4066,1
2059,2058,1
1050,5207,1
546,5058,1
169,719,1
697,2124,1
3678,2572,1
4889,669,1
4576,5165,1
2890,2752,1
3314,4472,1
4164,4171,1
3643,2760,1
1835,1968,1
1105,3238,1
3106,3195,1
1131,1386,1
1137,1094,1
2477,2548,1
4373,3128,1
5131,5537,1
3444,4725,1
3401,3150,1
6107,6026,1
697,1298,1
9,168,1
2302,6195,1
6432,5613,1
1464,948,1
167,546,1
2566,3287,1
6156,142,1
6009,6653,1
5539,2295,1
4604,5309,1
1298,3108,1
5563,6820,1
546,2373,1
4615,5232,1
2127,2556,1
2270,3160,1
4892,5185,1
1928,3653,1
3387,3330,1
4723,4782,1
4613,4443,1
6220,3644,1
6914,6993,1
4892,6084,1
6176,7063,1
3575,3624,1
2895,2373,1
1792,3169,1
1961,4648,1
48,116,1
5701,5376,1
3267,2600,1
3672,4424,1
5059,2357,1
1984,1447,1
2763,4109,1
99,2522,1
294,347,1
2758,2059,1
6156,5800,1
5222,2233,1
5672,5742,1
4502,5237,1
5420,2747,1
6369,4447,1
1829,575,1
718,3861,1
4892,5967,1
237,1253,1
138,239,1
2997,2373,1
2571,2397,1
2396,2507,1
3445,5058,1
291,278,1
4604,5505,1
2868,2127,1
294,739,1
3807,4722,1
2890,3630,1
1811,3108,1
2270,6595,1
5286,4226,1
697,5329,1
4892,6412,1
2127,891,1
2767,3818,1
4522,5395,1
2397,2477,1
3737,3870,1
546,2617,1
2126,2842,1
2785,2017,1
4372,3644,1
197,1039,1
2705,3252,1
1658,2048,1
16,7,1
20,2564,1
373,1450,1
1734,2058,1
6220,5161,1
1060,1520,1
3328,4875,1
2463,3661,1
15,719,1
718,1610,1
4377,5165,1
489,588,1
311,76,1
1105,2294,1
128,18,1
546,739,1
4617,1141,1
3148,3097,1
2765,3331,1
1502,1501,1
3394,3598,1
48,1028,1
1404,1370,1
2270,4541,1
489,210,1
1938,3410,1
3267,5889,1
4606,5414,1
6151,6833,1
4606,3885,1
23,1676,1
3150,4431,1
2270,2465,1
3424,2765,1
604,653,1
2814,7048,1
982,5534,1
1233,1500,1
6430,7080,1
1032,14,1
4809,3598,1
1256,4677,1
1351,4213,1
23,605,1
5134,6186,1
1471,1977,1
280,342,1
2041,1471,1
263,4297,1
1471,2258,1
4108,1961,1
1801,1823,1
3324,2124,1
4412,3719,1
284,1923,1
2465,669,1
2044,2617,1
1314,4217,1
5449,6085,1
2457,3040,1
3610,2315,1
1050,2123,1
1105,271,1
3150,3307,1
2812,3901,1
4077,3147,1
5586,6186,1
604,807,1
142,5827,1
644,910,1
1506,1976,1
19,838,1
801,3033,1
5570,5058,1
3311,698,1
3904,6087,1
3799,2250,1
3610,3845,1
4090,2818,1
5786,6186,1
284,695,1
2386,4226,1
910,6861,1
6084,4654,1
318,852,1
5129,1820,1
4228,4558,1
1979,948,1
2172,1795,1
2600,1613,1
345,321,1
1393,2046,1
697,1761,1
2087,2370,1
5813,4910,1
6080,1285,1
3155,3141,1
2505,4098,1
680,926,1
2747,2995,1
1828,1130,1
4253,4275,1
285,1480,1
251,2287,1
222,579,1
81,154,1
4053,3387,1
3649,3645,1
1032,4499,1
1374,1371,1
6029,1086,1
7,28,1
1420,2560,1
4897,5289,1
3405,5890,1
2348,2556,1
345,1358,1
2428,2343,1
4363,3045,1
1811,5772,1
5522,6591,1
1996,3033,1
3444,4677,1
1168,2361,1
5783,5185,1
422,29,1
6029,5613,1
1464,1485,1
5099,4605,1
1824,2396,1
2503,1256,1
2292,1681,1
2463,2273,1
3059,2420,1
279,641,1
1050,4377,1
48,326,1
5816,4672,1
76,287,1
237,2323,1
609,901,1
19,733,1
3106,2818,1
6735,7029,1
2463,4171,1
11,2455,1
5053,4576,1
4226,3508,1
5076,4910,1
5129,3585,1
6428,6537,1
755,187,1
776,1534,1
576,571,1
1306,1493,1
938,1501,1
4012,4007,1
1369,1730,1
2525,1664,1
3386,3153,1
1686,1574,1
5638,6420,1
24,612,1
6149,5867,1
118,735,1
141,24,1
656,3347,1
2063,3059,1
1658,1156,1
1374,2062,1
2048,2372,1
2315,3148,1
1180,1215,1
2506,1184,1
2044,4878,1
1583,5414,1
4964,3701,1
6170,4177,1
1363,1106,1
3143,2522,1
2224,2765,1
2057,2575,1
2463,2756,1
1184,187,1
3970,3901,1
1420,3464,1
251,2575,1
2294,2746,1
528,4068,1
4164,2572,1
1056,1805,1
1556,1555,1
910,4634,1
697,2506,1
3248,3124,1
4618,1838,1
546,2062,1
697,6809,1
2394,2477,1
4677,5117,1
2746,1593,1
6310,6024,1
5695,4350,1
5655,1235,1
1416,1173,1
5539,5286,1
99,1235,1
3541,6479,1
2204,2357,1
776,3765,1
3151,3488,1
2270,6510,1
1366,154,1
3207,14,1
6103,5921,1
1394,2810,1
2348,2017,1
112,1459,1
3137,3134,1
2057,2976,1
1256,2740,1
2468,2767,1
6034,7068,1
2064,698,1
2459,2090,1
546,6195,1
1406,1404,1
681,1605,1
184,933,1
1131,1260,1
1105,1260,1
4826,4193,1
9,234,1
2833,2209,1
2041,2208,1
1684,1897,1
320,521,1
112,122,1
222,2546,1
697,3415,1
2471,4822,1
2585,3818,1
1062,2465,1
2373,1664,1
2607,2397,1
2099,3901,1
5,346,1
1050,1323,1
1166,1631,1
1471,1358,1
128,546,1
294,747,1
4543,4892,1
2640,2226,1
6405,4835,1
284,1353,1
2126,4525,1
2471,2331,1
41,768,1
2763,2087,1
1763,2371,1
1265,2698,1
5562,5792,1
735,862,1
32,572,1
1460,3661,1
4607,3581,1
1763,2357,1
2956,2301,1
3817,4031,1
6981,6752,1
426,24,1
1566,369,1
4522,3598,1
857,1288,1
3739,3140,1
155,3073,1
45,69,1
1425,4606,1
972,3580,1
3148,4350,1
3248,4233,1
5123,3261,1
5512,3926,1
3575,2177,1
2617,2742,1
1131,391,1
5634,5772,1
1392,945,1
4823,4822,1
1838,3997,1
5680,6149,1
680,3849,1
1420,2477,1
778,2323,1
1277,1405,1
1042,1082,1
4609,5167,1
3168,2738,1
216,683,1
2348,3108,1
5105,5736,1
776,2348,1
4077,4499,1
4677,4177,1
801,2897,1
1404,1096,1
5713,6173,1
2261,321,1
1366,1124,1
1262,1205,1
4648,4676,1
449,660,1
1297,1398,1
5073,4634,1
1471,2976,1
2428,4522,1
2127,3751,1
6300,6412,1
128,239,1
576,29,1
3733,4999,1
1398,1151,1
2270,4312,1
3157,4172,1
367,683,1
5042,2315,1
2746,2867,1
735,1453,1
3147,5061,1
1002,3160,1
3148,3751,1
951,1420,1
6894,5904,1
1168,1370,1
1306,916,1
718,2434,1
3316,2980,1
51,43,1
1370,1259,1
23,2572,1
1961,2863,1
1205,1919,1
6029,5929,1
4607,6060,1
340,2471,1
3027,3059,1
78,3719,1
2469,2617,1
10,1026,1
904,2296,1
4053,4291,1
123,339,1
5512,6064,1
105,6429,1
3051,2740,1
20,97,1
5669,3004,1
1578,1944,1
2836,2172,1
3267,4777,1
546,29,1
4417,6777,1
6084,5376,1
3314,6195,1
5123,5916,1
1172,3347,1
1180,1400,1
4624,5256,1
5043,5146,1
2763,3147,1
576,1173,1
1298,1968,1
3465,3861,1
4606,4518,1
294,373,1
888,724,1
1477,521,1
57,572,1
2282,3203,1
3682,1945,1
4279,5928,1
4180,4819,1
8,26,1
6989,6986,1
2468,2038,1
4616,5117,1
5634,5292,1
4543,5733,1
6161,6029,1
4053,3849,1
2123,2761,1
4315,4403,1
3087,5921,1
160,774,1
3163,1062,1
697,2122,1
801,5127,1
6228,6227,1
5145,5563,1
5141,6686,1
502,4801,1
743,2829,1
3722,2997,1
1233,1657,1
3381,3685,1
756,2758,1
749,1676,1
1205,1258,1
5043,5126,1
1168,1448,1
2342,2381,1
2338,2540,1
697,694,1
10,3146,1
1420,1267,1
1062,3007,1
2022,2855,1
1035,1405,1
1351,1363,1
6156,3594,1
1050,2465,1
2456,3519,1
2334,1509,1
4596,6047,1
3914,4129,1
1370,1050,1
5161,5688,1
4430,5167,1
3111,3446,1
846,1386,1
24,167,1
5212,5738,1
2099,3701,1
3147,4872,1
11,740,1
3651,3140,1
3147,4616,1
1681,2323,1
2742,2787,1
5139,4443,1
891,2575,1
2322,3056,1
2348,6026,1
4149,6990,1
3287,3861,1
656,5232,1
3146,2995,1
1669,2062,1
4149,4561,1
1732,1106,1
1050,2176,1
6300,6647,1
640,571,1
157,1370,1
122,18,1
6797,6794,1
1168,521,1
1450,2004,1
4892,4048,1
4943,5792,1
649,1172,1
3386,6565,1
138,495,1
93,6591,1
1829,1156,1
119,3347,1
5105,6429,1
5072,4068,1
78,5668,1
4892,4867,1
966,7048,1
4033,6026,1
3669,4226,1
4892,5763,1
910,1275,1
1619,4720,1
4599,6993,1
862,1431,1
7101,6413,1
4842,4482,1
1062,3457,1
1063,936,1
23,690,1
4824,6850,1
4960,4648,1
2060,1830,1
5904,6946,1
4437,4573,1
1376,703,1
3643,2357,1
5929,5131,1
3913,698,1
1062,2765,1
1233,505,1
5750,6281,1
3150,4528,1
1166,1168,1
4809,3261,1
2348,1256,1
3990,5688,1
2914,2604,1
2160,2434,1
3809,4177,1
644,1027,1
6307,6029,1
5073,4256,1
2473,2348,1
755,2057,1
3095,1892,1
144,130,1
4443,4910,1
3296,1605,1
1615,533,1
2469,1244,1
5161,4552,1
4556,3465,1
4961,4489,1
263,3849,1
4623,2831,1
2506,3340,1
5132,4552,1
3424,2761,1
2164,5209,1
1471,2838,1
2465,2690,1
1088,1651,1
2078,2048,1
5556,5555,1
778,2567,1
3701,6598,1
235,1238,1
1356,1644,1
3059,3842,1
2233,3059,1
19,1950,1
4943,4456,1
723,5738,1
3746,2765,1
4776,4335,1
5572,4287,1
4601,4996,1
389,388,1
1415,3150,1
6703,5612,1
5403,4559,1
5449,5933,1
5479,5480,1
3140,5782,1
1824,1944,1
1345,3825,1
1991,1989,1
4192,4541,1
2348,5932,1
1917,2361,1
510,660,1
23,1682,1
7086,5782,1
1166,1427,1
5571,4627,1
2166,1244,1
5470,5329,1
3087,5996,1
6669,6782,1
2044,2740,1
2164,6064,1
2090,3255,1
4892,7021,1
1256,947,1
6822,6820,1
57,552,1
2064,4628,1
817,4672,1
4613,5480,1
2425,2968,1
2767,2810,1
4566,5710,1
5132,6195,1
1277,1701,1
1844,2420,1
2347,5967,1
3313,2290,1
3140,4424,1
1320,1306,1
697,3148,1
1105,1919,1
755,1649,1
1404,1590,1
1001,1096,1
2062,2556,1
1420,3134,1
3722,2172,1
701,1467,1
15,1534,1
2250,4482,1
3587,6998,1
3731,2673,1
4172,5792,1
3794,5026,1
1096,1299,1
1836,2124,1
3746,3150,1
2742,3504,1
2741,2746,1
5553,4628,1
966,4477,1
4616,4066,1
1670,1892,1
1949,1184,1
3394,1351,1
6776,7029,1
2758,1589,1
1629,1676,1
3106,4291,1
3594,1192,1
10,3303,1
2787,2057,1
3305,3555,1
1404,3252,1
1393,1471,1
745,739,1
1616,1492,1
2617,1295,1
4541,5050,1
590,726,1
2348,5127,1
3336,4226,1
3140,4561,1
1880,1559,1
284,690,1
769,1042,1
1761,1298,1
3206,5573,1
2648,3301,1
4315,4808,1
1761,1898,1
5695,5966,1
3406,2908,1
2431,4020,1
5,561,1
284,3176,1
5293,6056,1
6095,5932,1
78,7005,1
6146,1285,1
904,3238,1
4603,5198,1
286,639,1
5868,767,1
1204,874,1
1277,1208,1
2799,3645,1
4430,4641,1
5141,2600,1
740,154,1
1002,5548,1
76,237,1
2746,4517,1
277,1332,1
2339,1795,1
4619,4335,1
1320,1184,1
3143,2799,1
860,2575,1
1511,807,1
2044,3045,1
5317,5782,1
1166,1759,1
6155,6717,1
203,363,1
5144,5194,1
921,5537,1
3109,3059,1
3280,2600,1
2761,2847,1
4952,5149,1
4522,4910,1
285,1254,1
3397,1184,1
1014,262,1
6026,5161,1
3315,4827,1
910,2580,1
1277,2855,1
404,1050,1
6646,6776,1
3222,3861,1
4429,4730,1
2343,3301,1
4463,4033,1
1938,2706,1
3441,3541,1
5149,5496,1
2294,2740,1
6117,5921,1
6700,6776,1
2191,3591,1
279,1830,1
2127,2427,1
3059,2348,1
1172,1285,1
5586,5141,1
3009,2018,1
2347,2430,1
1924,1664,1
972,1393,1
3965,3967,1
3147,4449,1
2762,1062,1
2043,2838,1
1285,1094,1
3170,1184,1
2166,2169,1
1828,1892,1
5550,2531,1
1116,1173,1
1619,5967,1
3687,5179,1
5072,5792,1
6041,4910,1
632,915,1
5898,5996,1
5474,6429,1
1027,2144,1
4919,5925,1
4607,4730,1
904,3555,1
626,284,1
3854,5102,1
1763,2328,1
6310,5929,1
1356,4970,1
6067,5904,1
653,1658,1
5043,5928,1
2730,891,1
1031,3059,1
3315,553,1
1664,2270,1
1668,3680,1
3106,2124,1
2474,4233,1
5889,5043,1
4374,4617,1
3733,669,1
669,4607,1
1097,533,1
3904,5612,1
3731,3842,1
5286,6413,1
1415,1014,1
6149,6405,1
4091,4233,1
57,3653,1
1099,1215,1
66,774,1
340,1115,1
4345,2044,1
422,1423,1
4429,4525,1
3794,3446,1
723,1168,1
5042,5630,1
2348,3169,1
2191,2810,1
1835,2371,1
5141,5420,1
18,22,1
1555,5612,1
3148,2838,1
3701,5145,1
4149,2087,1
2749,2062,1
1420,2287,1
310,405,1
133,228,1
1050,3019,1
4892,5480,1
2260,51,1
10,2476,1
2763,62,1
1503,948,1
2463,5827,1
1553,4605,1
6123,5131,1
197,262,1
1178,1088,1
920,4910,1
2287,6809,1
3322,3320,1
1471,1275,1
3603,2315,1
3669,2584,1
917,1437,1
36,510,1
3085,2017,1
4267,4275,1
6026,6776,1
5813,4672,1
4417,5161,1
669,4569,1
2971,3059,1
6405,5127,1
5185,6546,1
9,579,1
1619,1631,1
1156,1568,1
1961,4108,1
4608,4648,1
76,3320,1
2270,5131,1
286,568,1
4410,4499,1
3173,2315,1
2389,669,1
1456,2226,1
6174,6173,1
1659,698,1
743,794,1
1420,2428,1
3303,3904,1
2173,2666,1
3739,3781,1
2348,4297,1
3444,6538,1
422,4489,1
2705,1062,1
4804,5070,1
3150,4522,1
154,1294,1
3146,1192,1
3189,4226,1
1105,1605,1
3982,3580,1
5076,4705,1
639,897,1
2461,2057,1
1418,2970,1
1348,1631,1
3360,4700,1
55,1579,1
591,1456,1
2707,4275,1
3313,3630,1
3921,4118,1
697,4559,1
3545,4961,1
2818,3719,1
1675,3150,1
2762,3252,1
3348,2348,1
5786,6281,1
3207,3459,1
1415,2420,1
6636,6335,1
1471,1290,1
4700,4634,1
1415,5247,1
5138,5630,1
1265,1264,1
5634,4477,1
3812,4077,1
4427,5146,1
1415,2815,1
4624,3518,1
2567,1178,1
1004,505,1
265,262,1
6152,5827,1
846,2746,1
3154,4696,1
3444,3446,1
2477,2397,1
1420,3189,1
3168,3287,1
3106,3541,1
5356,5375,1
28,1404,1
3653,3147,1
1951,4641,1
3143,3722,1
830,410,1
715,612,1
6260,5827,1
2287,2680,1
641,1631,1
2338,2714,1
3155,4097,1
3441,669,1
3204,2366,1
1951,6809,1
1050,884,1
2463,4172,1
3261,6403,1
5921,6735,1
765,805,1
857,846,1
2740,2457,1
3059,2756,1
972,4063,1
910,1050,1
2377,1594,1
38,3465,1
1924,2746,1
904,2740,1
5929,6613,1
2798,1637,1
19,232,1
292,285,1
2348,4730,1
1168,2738,1
3305,3452,1
4066,6026,1
2995,142,1
3314,6146,1
1105,1640,1
2328,2343,1
4430,4817,1
4280,6789,1
3465,4828,1
640,1534,1
3331,1950,1
2014,892,1
1416,1509,1
3044,2090,1
51,5,1
2191,3521,1
3336,1330,1
697,2580,1
422,1838,1
5,395,1
4617,2995,1
1256,2030,1
126,3701,1
4082,3261,1
1050,4559,1
1298,1393,1
701,410,1
2428,2533,1
639,972,1
4597,4606,1
2816,3150,1
2123,2381,1
3109,6752,1
6026,6056,1
5713,6792,1
36,2046,1
5782,5376,1
6056,6830,1
5131,4696,1
2746,2756,1
697,5149,1
1960,3153,1
2707,1838,1
422,4195,1
2758,4097,1
982,5630,1
0,257,1
1031,1276,1
4677,2760,1
2059,2057,1
3765,5292,1
3504,4588,1
5989,5929,1
4180,4226,1
1298,3176,1
1450,1061,1
982,3445,1
48,615,1
277,2053,1
4603,3154,1
4607,2600,1
2852,2381,1
3313,5127,1
4386,4788,1
340,859,1
1050,1937,1
2463,3848,1
28,2289,1
490,2233,1
4164,4628,1
3286,5480,1
3459,4725,1
4149,2680,1
3546,4459,1
2975,2315,1
2763,3867,1
2290,3055,1
1256,5109,1
5129,6920,1
119,320,1
2348,5237,1
5769,7063,1
1655,1244,1
5222,4895,1
1256,505,1
2126,2348,1
6152,5867,1
3248,1892,1
3051,2372,1
105,5916,1
1890,1366,1
2578,694,1
4964,4602,1
2459,3007,1
10,2204,1
3422,5228,1
5125,5029,1
2270,2467,1
801,3140,1
4617,2315,1
3919,4108,1
3124,4734,1
4479,1655,1
2907,2575,1
1420,3055,1
2705,2544,1
3087,4952,1
4892,3548,1
5218,6645,1
2270,1244,1
2170,1803,1
1420,2976,1
5038,5929,1
3151,2158,1
1731,2397,1
4477,5731,1
3314,6015,1
910,2124,1
5354,6916,1
3143,2735,1
1811,5292,1
1420,2698,1
54,2328,1
580,901,1
3314,4910,1
1890,1936,1
642,906,1
5514,5127,1
157,795,1
3441,1057,1
2348,3445,1
3990,2296,1
5151,5534,1
6164,5376,1
34,196,1
6810,6173,1
159,29,1
855,239,1
5932,5613,1
3816,4621,1
281,239,1
3672,2420,1
624,1520,1
3145,3033,1
30,698,1
2357,891,1
1682,168,1
747,1747,1
3140,3849,1
422,1276,1
2841,5330,1
912,1589,1
4066,6107,1
5176,6546,1
5870,5916,1
279,2471,1
3004,3055,1
1471,2166,1
3058,3529,1
575,2377,1
502,668,1
1366,1184,1
2522,694,1
4916,4854,1
3140,4617,1
644,855,1
1629,1366,1
10,546,1
2761,3685,1
1811,4118,1
5210,4537,1
2062,3787,1
2431,5330,1
5701,6123,1
5022,4449,1
1404,846,1
1205,874,1
5768,5966,1
801,4424,1
904,3691,1
4467,5075,1
422,4261,1
2808,1761,1
4663,2829,1
3302,1184,1
4164,4641,1
1031,4730,1
5131,4602,1
34,326,1
62,529,1
4098,318,1
4283,4164,1
6618,6050,1
3163,669,1
2348,4350,1
57,198,1
4677,5185,1
1447,1483,1
3533,3531,1
4180,2233,1
1485,6123,1
1129,1056,1
1818,2163,1
1056,1643,1
4602,5050,1
3641,3488,1
900,909,1
5329,3912,1
1205,1404,1
5,388,1
1266,1684,1
263,3307,1
6928,7062,1
5989,6064,1
3056,5682,1
4417,6149,1
4676,4952,1
3234,3255,1
743,3255,1
3444,6667,1
4064,5075,1
4223,2829,1
5827,5967,1
632,3624,1
3314,6026,1
2044,1420,1
6029,4687,1
1256,2032,1
3807,3465,1
1050,2370,1
1235,846,1
2348,1594,1
4603,4064,1
5131,6717,1
1035,1584,1
36,1419,1
632,5537,1
2476,3406,1
2471,2127,1
2127,4602,1
696,1629,1
860,1088,1
3150,5682,1
4522,1235,1
3140,5222,1
2790,2697,1
1900,2122,1
4561,3765,1
2395,3781,1
528,3845,1
1555,4033,1
3150,3248,1
85,76,1
2398,5127,1
3318,3630,1
6626,6114,1
638,774,1
2548,2126,1
1263,832,1
4177,3825,1
981,1534,1
5681,5668,1
5514,4672,1
5138,5209,1
5989,4813,1
1658,3306,1
3790,3825,1
3153,2233,1
1295,1027,1
6177,6173,1
7075,5904,1
801,3464,1
4332,4541,1
1192,2459,1
5292,6454,1
3329,1567,1
1342,1730,1
3335,6920,1
157,783,1
4801,5029,1
2767,3939,1
3010,3007,1
5469,5641,1
3261,4552,1
3313,2572,1
5043,3644,1
6265,6389,1
3444,62,1
4310,5070,1
216,624,1
4676,4895,1
3812,3892,1
2127,5058,1
3097,1420,1
23,1493,1
1349,826,1
2270,3452,1
1050,1989,1
5695,6585,1
3587,5738,1
371,239,1
3216,2506,1
6683,6538,1
3305,553,1
5043,3965,1
3778,3097,1
422,6913,1
1110,6598,1
2463,2091,1
159,933,1
4543,4177,1
54,1457,1
5129,4870,1
2132,1935,1
912,1509,1
938,2759,1
755,1534,1
2159,2752,1
1127,1050,1
1192,1128,1
2044,1605,1
2173,2301,1
28,361,1
3296,2270,1
2995,6332,1
3882,3140,1
172,76,1
3087,14,1
5147,5612,1
2463,2158,1
133,292,1
5929,6884,1
105,1060,1
5043,5179,1
2191,2428,1
2781,2430,1
1740,762,1
1686,1977,1
1824,1609,1
755,1500,1
3140,6861,1
2463,2223,1
5218,3679,1
1258,1184,1
1420,1609,1
1566,2583,1
2043,2868,1
2462,2752,1
1366,936,1
4897,4195,1
2763,3967,1
1933,2492,1
1256,4286,1
887,718,1
2260,2582,1
1961,2099,1
10,3661,1
3336,2995,1
4330,1351,1
4033,3140,1
910,521,1
649,983,1
23,208,1
1404,341,1
2617,3956,1
669,4836,1
701,2323,1
1032,2706,1
4194,3406,1
1156,1747,1
3580,4059,1
1597,4979,1
2607,4229,1
1900,2746,1
2348,6876,1
6019,5127,1
2453,1244,1
1485,3150,1
3647,7048,1
2032,3146,1
2270,2177,1
5105,6598,1
1919,910,1
6369,6085,1
3716,3849,1
1669,1275,1
6019,2431,1
2444,756,1
4033,4449,1
3062,6920,1
3446,4077,1
4164,3956,1
29,248,1
5133,5126,1
422,4621,1
5707,6819,1
1056,1096,1
3394,2765,1
3669,2572,1
6683,5139,1
3807,3904,1
1681,2123,1
4703,4108,1
128,726,1
78,316,1
6885,3644,1
2382,5766,1
2061,1562,1
1062,3701,1
2233,3585,1
6171,4463,1
157,2190,1
6152,4447,1
863,4275,1
3886,3248,1
3208,2492,1
3077,3997,1
5289,4477,1
1306,1915,1
4429,3873,1
2062,2430,1
1471,1450,1
4456,2747,1
1650,1464,1
36,163,1
1625,3465,1
3314,5784,1
112,5194,1
5514,1972,1
576,743,1
1050,1290,1
1050,1676,1
2518,5169,1
591,2625,1
2389,2621,1
4149,3541,1
2677,2698,1
5531,5527,1
298,1676,1
1759,1830,1
910,2287,1
1351,1014,1
2348,4522,1
5146,6752,1
4439,3619,1
2690,1267,1
1471,2381,1
1233,1424,1
1408,1594,1
3140,2617,1
2761,2063,1
2705,3347,1
165,2976,1
29,122,1
1063,901,1
2191,3452,1
188,1174,1
157,2617,1
4897,4552,1
14,22,1
2044,3519,1
6038,6190,1
2287,1330,1
157,2735,1
1062,6619,1
999,2477,1
2361,2357,1
6029,4870,1
2091,1814,1
2170,2048,1
1142,1299,1
1420,1432,1
369,1602,1
7,786,1
6610,6608,1
6590,6585,1
3261,5329,1
904,6993,1
860,937,1
4174,2250,1
1951,2506,1
2500,2425,1
6415,6306,1
972,2753,1
4677,5177,1
10,442,1
3643,3701,1
2758,4827,1
4607,4033,1
587,1761,1
1763,1298,1
422,3295,1
5889,4261,1
2628,2829,1
5073,4677,1
3466,3287,1
2752,1295,1
1715,1890,1
1024,3160,1
4222,4979,1
6152,6178,1
1424,1061,1
2164,5058,1
3207,4828,1
6156,5209,1
1933,2810,1
4377,4032,1
743,3645,1
1949,781,1
1256,2556,1
1244,1060,1
578,533,1
2503,1940,1
111,3316,1
2294,4787,1
5701,3518,1
1018,1610,1
1394,1745,1
5705,4068,1
3147,1838,1
62,2956,1
1961,1501,1
2463,3591,1
1050,1821,1
1168,1330,1
4613,5430,1
215,24,1
4575,4077,1
2666,2427,1
2347,3701,1
912,1456,1
4609,5050,1
2428,4233,1
422,1141,1
2159,3464,1
3097,2430,1
1358,1355,1
1042,1089,1
237,5058,1
773,800,1
157,1644,1
3444,3138,1
3328,669,1
1485,1559,1
1356,1003,1
3296,3452,1
3106,3907,1
5586,5058,1
4599,7060,1
3212,2742,1
3737,3019,1
2123,2697,1
3204,5050,1
4606,2600,1
285,888,1
1256,6953,1
4675,3360,1
1846,4193,1
5889,4952,1
1917,2258,1
3286,4561,1
277,76,1
157,1579,1
3143,5292,1
3444,4291,1
5176,6809,1
10,1344,1
1653,5887,1
1363,521,1
2463,5887,1
3286,3096,1
1277,369,1
285,1447,1
286,765,1
4077,2863,1
3581,4031,1
3140,2818,1
1627,2760,1
1594,2371,1
5292,5555,1
4597,669,1
4705,4952,1
2548,3107,1
2246,5127,1
3351,3644,1
743,944,1
938,3691,1
2123,1699,1
1298,5065,1
270,2291,1
2030,5904,1
746,1330,1
4617,669,1
3739,1267,1
144,684,1
4910,6203,1
5543,5420,1
1594,1393,1
3087,5153,1
4617,6180,1
5043,4687,1
3990,4788,1
4618,4832,1
54,341,1
2486,3242,1
2224,2575,1
3444,6598,1
4667,2831,1
422,6380,1
2444,1178,1
1303,1184,1
1233,1676,1
1001,698,1
6009,4788,1
3990,1627,1
1363,3046,1
289,858,1
2043,1935,1
169,139,1
5042,4123,1
2270,2838,1
2756,1613,1
216,156,1
2270,5117,1
3204,2756,1
1277,2010,1
4172,2997,1
1471,2759,1
4559,5527,1
668,933,1
2444,2765,1
157,5612,1
1266,1453,1
6709,6884,1
4616,5736,1
2294,694,1
4897,5921,1
3147,6993,1
656,1244,1
1233,1365,1
294,1441,1
877,1803,1
6646,5237,1
105,4213,1
2348,1192,1
2465,2582,1
3085,3176,1
2431,3866,1
1189,751,1
3701,5395,1
3261,5612,1
1032,3146,1
310,751,1
5037,5395,1
3084,6645,1
1063,1365,1
3097,1585,1
48,693,1
2620,3751,1
4033,4256,1
976,1706,1
245,316,1
34,227,1
945,950,1
2348,4654,1
3314,5996,1
3885,3330,1
2348,698,1
437,210,1
1485,1761,1
719,410,1
19,391,1
5002,6281,1
2477,3242,1
2127,2371,1
3286,5479,1
6019,3644,1
6640,6637,1
2122,944,1
904,2571,1
5783,6403,1
783,1830,1
718,1330,1
2944,2752,1
2146,2145,1
4609,5026,1
1062,3189,1
14,51,1
2617,3885,1
4226,6064,1
167,239,1
604,676,1
1105,4672,1
2707,4808,1
4477,4350,1
99,756,1
1616,1035,1
1945,3387,1
6300,4366,1
22,272,1
5037,5179,1
2798,2575,1
6646,3679,1
2584,5395,1
287,680,1
1255,1254,1
2126,3054,1
2126,3252,1
4823,6218,1
118,495,1
3651,4172,1
2765,2658,1
3387,3172,1
10,756,1
5037,2273,1
3206,756,1
718,3255,1
4677,2080,1
4733,4828,1
5137,6585,1
3581,3529,1
9,640,1
2607,3563,1
3150,3861,1
972,2371,1
3286,1838,1
2196,1676,1
2062,1515,1
1820,5586,1
1961,2531,1
1615,1682,1
5317,3679,1
1478,1094,1
3853,2908,1
3596,3763,1
4943,3189,1
4560,4558,1
2525,2343,1
5127,6546,1
860,1950,1
4439,4108,1
1365,1790,1
1256,1351,1
1420,1014,1
2548,5996,1
1645,1640,1
1811,383,1
697,5102,1
4033,3360,1
3733,5065,1
1669,2233,1
3084,3059,1
1471,3901,1
6513,2810,1
6171,4634,1
2431,3487,1
4817,5026,1
2617,669,1
2456,2871,1
422,3781,1
172,690,1
4598,5292,1
4430,4427,1
2357,3680,1
3323,2124,1
4543,5480,1
2377,1935,1
4180,2315,1
5782,6024,1
61,889,1
576,5996,1
172,316,1
2738,2348,1
398,3108,1
4602,3551,1
422,4970,1
1900,1418,1
5306,4912,1
726,1507,1
2204,2377,1
2432,2428,1
4543,4463,1
2738,2291,1
5539,2540,1
4471,4672,1
2326,3169,1
6300,6454,1
1487,4297,1
6487,7029,1
3677,3661,1
5102,6830,1
6189,6351,1
4603,4872,1
2159,4064,1
3547,3904,1
1060,2176,1
28,898,1
1761,892,1
373,1131,1
2680,6202,1
782,208,1
3807,2518,1
5148,5688,1
5222,5153,1
1477,2032,1
4226,1235,1
253,387,1
4819,5928,1
3406,3719,1
1485,5161,1
3058,4172,1
3809,3459,1
591,789,1
353,2124,1
904,2059,1
1349,1423,1
4068,6029,1
2707,4431,1
912,5179,1
5750,6608,1
2261,2477,1
2477,2123,1
237,874,1
2272,1960,1
2071,6195,1
4606,4108,1
904,3456,1
1949,2759,1
2799,5207,1
3972,5228,1
3746,3624,1
6331,6693,1
3222,3563,1
6180,5929,1
1535,4787,1
10,207,1
2525,1881,1
3140,5075,1
3647,3242,1
3273,1838,1
2463,2270,1
1105,5132,1
681,3644,1
2177,3825,1
77,1908,1
2463,5496,1
28,1082,1
5514,1675,1
910,719,1
5769,6686,1
656,2357,1
2669,1664,1
3444,2126,1
1559,5065,1
285,1643,1
2756,2507,1
3150,4131,1
294,638,1
7,284,1
2099,3160,1
917,956,1
6703,6809,1
7,536,1
1256,2058,1
2471,2204,1
1655,3150,1
753,571,1
2465,2740,1
4226,884,1
4543,5967,1
955,2438,1
4962,1351,1
24,357,1
2348,2815,1
2631,5474,1
1002,4798,1
5414,5782,1
118,163,1
2270,3330,1
3059,3129,1
3283,1605,1
3313,5222,1
4943,5228,1
2261,1984,1
1095,2122,1
917,2425,1
2925,4459,1
3146,3140,1
2233,4312,1
2814,2291,1
3654,4892,1
10,1950,1
3731,2908,1
740,29,1
5166,5194,1
1977,321,1
167,898,1
7,803,1
1629,696,1
2207,2405,1
944,1734,1
5792,4970,1
835,2560,1
1061,3644,1
1740,1795,1
2126,2090,1
5093,5127,1
3551,5534,1
3149,3141,1
546,5967,1
4910,5490,1
3444,2997,1
2658,4007,1
801,2172,1
1298,2099,1
1670,6585,1
2732,817,1
6322,6420,1
2831,1285,1
372,5921,1
6009,6437,1
2720,1594,1
3140,3152,1
3710,3842,1
4374,5126,1
10,551,1
2690,3287,1
4700,3781,1
2061,2731,1
126,1486,1
1979,862,1
3173,3255,1
1900,1415,1
1091,1089,1
735,1376,1
6338,4813,1
6741,6916,1
159,228,1
1017,1676,1
5640,5685,1
945,2756,1
3394,3152,1
2908,3148,1
4705,5864,1
683,883,1
2090,2471,1
1256,1493,1
3387,2697,1
3722,4499,1
3739,1892,1
3868,3644,1
1306,1060,1
2328,2658,1
153,262,1
1336,3406,1
279,512,1
422,1106,1
2063,1062,1
6534,6405,1
6038,3984,1
76,838,1
2090,3690,1
1105,1540,1
1035,1944,1
2315,4672,1
1256,4730,1
3287,2430,1
1420,4808,1
5708,5293,1
2765,4233,1
6297,5827,1
1370,2732,1
61,359,1
2471,4193,1
4700,6598,1
3746,4129,1
1032,5426,1
1477,695,1
6377,5687,1
4676,3360,1
5102,6026,1
1050,1593,1
3058,2829,1
2261,4059,1
5149,6820,1
2348,4700,1
4892,4226,1
5933,5554,1
1002,2343,1
1256,1515,1
1478,1952,1
22,253,1
286,232,1
902,2044,1
3580,2815,1
4597,4164,1
1477,3644,1
911,937,1
11,1059,1
917,783,1
576,5480,1
3189,5152,1
1256,5194,1
2348,6415,1
1166,1441,1
234,551,1
3336,3581,1
1233,1704,1
3097,3222,1
641,207,1
1027,1613,1
1032,1082,1
1471,2133,1
5141,1420,1
578,1028,1
6079,3644,1
20,428,1
2431,6029,1
3654,3647,1
2246,6565,1
674,917,1
5238,4895,1
4599,6232,1
2343,6717,1
1686,693,1
1890,1237,1
62,388,1
2456,2767,1
2122,1485,1
4283,669,1
4604,5710,1
768,581,1
4892,5868,1
6669,3679,1
546,660,1
2464,4823,1
691,690,1
2447,5966,1
2995,2600,1
3314,4801,1
1029,1365,1
3313,3124,1
3173,3301,1
697,6173,1
157,1989,1
61,983,1
1578,3195,1
4543,4961,1
2062,2425,1
2463,2976,1
1420,1585,1
1578,2621,1
5522,5105,1
2090,3488,1
10,1898,1
1095,2540,1
2575,2018,1
284,2511,1
141,725,1
2425,2366,1
1566,2487,1
4627,6614,1
605,2208,1
3146,1585,1
644,963,1
5646,5641,1
2550,1984,1
6131,5921,1
3342,4621,1
284,906,1
2761,4219,1
888,1657,1
1032,4517,1
1116,2970,1
4171,6770,1
3111,4999,1
1464,944,1
1890,1961,1
4604,5688,1
2382,1838,1
353,3320,1
5141,1972,1
1080,1523,1
2476,2044,1
3596,3848,1
5042,3701,1
1233,1623,1
369,2378,1
5277,3261,1
3587,6084,1
1256,2815,1
502,592,1
172,668,1
3140,5330,1
3466,3645,1
3087,5916,1
23,2301,1
4149,3488,1
4617,1838,1
4226,3307,1
2179,1542,1
5043,5132,1
5226,3984,1
13,3825,1
2348,2740,1
718,1059,1
1205,270,1
6079,6537,1
6826,3585,1
77,3452,1
1001,2546,1
1763,2074,1
2756,3252,1
719,2004,1
2464,4852,1
3147,2617,1
2738,4177,1
285,852,1
3140,3581,1
578,926,1
4319,2044,1
1359,1730,1
701,239,1
4607,5474,1
2575,3203,1
4038,2956,1
1471,2864,1
1563,1106,1
285,373,1
78,29,1
5786,6452,1
1366,755,1
3854,4518,1
2678,1493,1
2100,3848,1
284,910,1
1142,1278,1
2371,2127,1
2444,2323,1
602,2428,1
3446,2563,1
4532,4528,1
1131,1390,1
1258,3169,1
2348,3040,1
1314,5375,1
697,2564,1
6038,4607,1
4552,5138,1
138,1026,1
6055,4477,1
6154,3087,1
5929,4952,1
112,2765,1
1256,6306,1
2997,2348,1
3204,2761,1
6682,6087,1
4149,4788,1
10,2666,1
23,1156,1
585,254,1
281,644,1
1166,29,1
1258,2270,1
2246,5742,1
1363,1420,1
1961,2976,1
751,1172,1
281,765,1
340,5588,1
2078,2683,1
2270,2250,1
2348,1141,1
2127,2398,1
697,4059,1
29,44,1
3587,2315,1
77,573,1
34,408,1
265,163,1
6055,3392,1
1960,669,1
4522,4489,1
4603,5075,1
2233,5854,1
1938,2532,1
111,1501,1
1056,1420,1
936,210,1
2348,3392,1
7014,1820,1
937,674,1
307,284,1
6669,5800,1
6151,6050,1
4607,6085,1
107,665,1
4897,4149,1
2463,1593,1
3654,4517,1
4897,2733,1
4417,5050,1
4892,6544,1
186,2465,1
641,683,1
2503,1515,1
6369,5138,1
1669,3486,1
1033,2740,1
4599,1820,1
5680,6429,1
5104,5155,1
1450,2582,1
4801,5125,1
647,1704,1
5488,5668,1
912,2140,1
2090,2742,1
2099,2163,1
956,1064,1
1002,862,1
656,1432,1
6164,4414,1
5997,5966,1
3445,3150,1
1129,29,1
1828,2732,1
683,838,1
294,284,1
2471,1950,1
2657,3134,1
4714,3997,1
4613,5928,1
1468,505,1
1656,2531,1
4892,5742,1
1539,1168,1
674,5792,1
2342,2765,1
502,1770,1
4620,3446,1
2177,4988,1
2425,1984,1
778,2372,1
3,116,1
6270,4687,1
1672,2090,1
3189,4164,1
4417,4573,1
28,4403,1
3150,3873,1
7,330,1
3360,6733,1
2758,2760,1
2617,3591,1
6149,6546,1
4417,6913,1
3799,4172,1
157,4606,1
6636,6056,1
1749,1747,1
5802,5800,1
2430,3242,1
1933,2706,1
5674,3306,1
1689,1661,1
2394,2038,1
2471,4573,1
1097,1386,1
2348,5613,1
294,340,1
1731,2428,1
2752,2477,1
3336,4930,1
576,1408,1
154,1088,1
4700,2540,1
3109,6595,1
2377,2583,1
3854,3901,1
5641,4213,1
2733,2753,1
2459,3108,1
2549,1062,1
154,1184,1
1032,2544,1
2463,187,1
615,292,1
2763,2270,1
162,883,1
855,1637,1
5680,5131,1
862,3763,1
3718,1892,1
1791,2756,1
2703,3645,1
2348,4444,1
4984,6218,1
3587,5247,1
5539,6165,1
286,405,1
2466,3464,1
3148,553,1
6029,6789,1
254,1096,1
10,1724,1
5058,3045,1
1524,1956,1
3746,3647,1
3466,2697,1
1099,3040,1
1277,1290,1
285,917,1
3163,5505,1
2173,2183,1
4892,3981,1
5221,4730,1
274,917,1
635,14,1
692,239,1
5043,5768,1
912,5152,1
6151,6776,1
4149,6049,1
3940,4217,1
2431,3320,1
703,546,1
945,2127,1
2841,3521,1
5042,4226,1
5043,3672,1
1625,2017,1
4943,5983,1
3654,6203,1
3045,6403,1
1949,948,1
11,3488,1
904,2764,1
2348,4052,1
1530,1657,1
3207,3203,1
6152,6545,1
697,4836,1
2177,4522,1
99,2765,1
2767,2465,1
340,4787,1
160,864,1
4430,5034,1
2707,3849,1
6206,2956,1
2338,2621,1
4892,4634,1
3336,2048,1
4617,5070,1
6828,6114,1
99,6722,1
1424,1491,1
1097,51,1
2787,2270,1
1420,947,1
99,6598,1
5669,5768,1
2357,2226,1
2357,5324,1
4149,6001,1
3513,2838,1
609,287,1
4444,2544,1
2785,2740,1
5178,5904,1
3248,3647,1
3030,2425,1
1032,2673,1
1105,1908,1
3143,4287,1
3151,1589,1
1035,271,1
2781,2372,1
2463,669,1
2323,3531,1
2693,270,1
5867,5019,1
4009,3406,1
3111,2163,1
2544,3680,1
3143,4226,1
1490,3301,1
5127,6173,1
3701,2370,1
10,2132,1
1258,2492,1
2762,1184,1
1002,1366,1
4477,4195,1
1256,1629,1
117,48,1
4943,4427,1
1424,1363,1
2099,2758,1
698,3598,1
1035,2976,1
5104,4687,1
4299,4431,1
1102,1542,1
6171,6510,1
740,287,1
2127,3331,1
1450,2190,1
701,1014,1
1050,5929,1
3450,2761,1
6988,6986,1
1756,4628,1
3097,6585,1
604,726,1
974,5763,1
422,3108,1
155,2819,1
3377,6693,1
2239,2226,1
4794,4787,1
73,371,1
1027,1266,1
169,4007,1
1938,696,1
2090,1828,1
1001,1669,1
78,638,1
1267,3763,1
6096,4444,1
2041,2132,1
2431,3045,1
5005,3904,1
891,4233,1
48,331,1
5337,4606,1
3655,5612,1
422,1655,1
904,2375,1
1922,1184,1
576,1112,1
9,653,1
6310,6026,1
238,69,1
2469,2465,1
7,526,1
2127,2224,1
1593,6650,1
289,281,1
1701,2511,1
3357,2575,1
2463,3019,1
5997,5073,1
644,1370,1
912,4730,1
2062,3150,1
4617,5377,1
3654,2617,1
81,3781,1
6587,4463,1
4543,4366,1
1035,1795,1
99,5376,1
2585,3939,1
50,24,1
163,1802,1
4279,5317,1
2420,1594,1
1689,2507,1
6811,6001,1
3315,2191,1
4228,1197,1
7,138,1
578,277,1
954,5075,1
2814,4694,1
2705,2975,1
422,5027,1
2338,2625,1
1811,1853,1
1363,1897,1
2548,2099,1
373,363,1
6405,3585,1
5983,5105,1
4617,5185,1
5514,6334,1
2467,5590,1
3189,6667,1
1137,1370,1
641,1423,1
2465,2477,1
3210,3457,1
3598,5375,1
167,883,1
1034,896,1
3800,2044,1
1811,3997,1
1672,1509,1
4164,5026,1
10,2063,1
10,1790,1
4819,5286,1
4654,6351,1
4417,5734,1
964,341,1
15,681,1
1370,3679,1
1811,2289,1
5488,4605,1
2170,4676,1
697,5733,1
801,4059,1
3654,5933,1
10,1208,1
4672,2191,1
2658,2764,1
2191,2293,1
3739,4782,1
830,963,1
697,5431,1
5127,5890,1
902,1437,1
1393,1370,1
6156,7062,1
1370,1358,1
2261,1566,1
5701,4463,1
2348,6114,1
34,118,1
5534,5155,1
4906,5185,1
422,6755,1
3286,5070,1
2761,3059,1
391,4867,1
1370,1892,1
2153,1485,1
697,2295,1
307,14,1
172,339,1
693,187,1
3077,4822,1
2456,5641,1
2270,2956,1
23,7,1
2431,1605,1
5042,4819,1
1825,2287,1
3337,3059,1
3060,2348,1
2790,2975,1
5126,5292,1
159,239,1
1235,1471,1
912,2556,1
1366,1613,1
1615,1742,1
48,570,1
281,489,1
656,2361,1
2705,1594,1
3446,2818,1
2908,3176,1
1366,3316,1
4430,3306,1
5105,5554,1
1156,1174,1
28,1424,1
2706,3176,1
32,5,1
2867,3331,1
1156,656,1
846,521,1
2742,2017,1
2763,2090,1
3390,3866,1
5868,4961,1
743,3406,1
353,167,1
6632,1820,1
1447,1014,1
1220,5027,1
2707,5034,1
888,604,1
2164,2956,1
141,561,1
3163,3160,1
285,638,1
697,2296,1
270,1795,1
2264,2262,1
3599,4097,1
2833,2740,1
1609,3172,1
4628,4835,1
155,2958,1
3959,5224,1
2766,2658,1
2707,3999,1
3314,5983,1
4967,14,1
157,1421,1
1766,1976,1
1742,3487,1
2270,4910,1
5898,5563,1
3308,3301,1
3465,2091,1
4300,4819,1
588,785,1
2572,1178,1
2270,3800,1
47,4261,1
6307,6302,1
1421,3059,1
6187,6186,1
2048,933,1
2322,698,1
5129,5222,1
4228,2563,1
2431,2680,1
200,24,1
192,1064,1
78,3703,1
159,1173,1
105,5613,1
1555,4213,1
3794,3997,1
285,1493,1
6840,4607,1
904,2753,1
1566,2123,1
575,592,1
4522,3997,1
4723,3150,1
697,546,1
1415,3306,1
5129,4616,1
1256,3203,1
6415,6537,1
4892,6139,1
3149,3002,1
216,660,1
362,5185,1
1420,4508,1
4654,2831,1
4149,1057,1
578,2871,1
3799,3845,1
1256,6546,1
575,3280,1
4515,6991,1
972,1485,1
4315,4463,1
1961,2301,1
1138,735,1
5925,5293,1
3086,1062,1
6029,4414,1
7081,7080,1
7,278,1
5769,6161,1
3681,3997,1
4332,2466,1
1424,1503,1
36,933,1
6626,6332,1
5002,5029,1
4892,1086,1
41,254,1
846,698,1
641,1143,1
780,901,1
5783,6399,1
4599,5058,1
752,848,1
5769,6819,1
5073,5167,1
284,2855,1
3671,3242,1
3332,3059,1
2468,2371,1
1141,1001,1
253,1050,1
2471,2059,1
951,1594,1
3303,4930,1
422,1829,1
13,357,1
3147,4656,1
2620,3453,1
20,1989,1
2463,2090,1
4910,5286,1
29,347,1
2099,1961,1
2233,2810,1
6192,4813,1
1424,910,1
697,2375,1
111,2366,1
3739,3763,1
10,2091,1
3143,2250,1
719,2466,1
3280,891,1
4855,1351,1
1763,3055,1
957,3555,1
4915,4195,1
1450,2202,1
2420,694,1
1415,4730,1
3027,669,1
1420,827,1
4377,4981,1
604,645,1
422,4297,1
587,1168,1
2330,4108,1
4616,5827,1
917,1264,1
5360,4979,1
4267,4312,1
4842,4827,1
2657,2764,1
718,3007,1
1034,262,1
1306,2019,1
3387,3287,1
1359,1106,1
502,1682,1
743,2123,1
2995,3307,1
2126,3967,1
1110,2372,1
5965,4068,1
2164,4979,1
2169,2293,1
3444,1420,1
3444,6565,1
157,2010,1
1649,1823,1
5512,5613,1
4612,4032,1
340,875,1
1420,891,1
3643,6173,1
99,4123,1
3307,553,1
3737,2420,1
10,781,1
1415,4817,1
8,1266,1
3248,3861,1
862,2427,1
73,684,1
1609,2864,1
197,239,1
2463,2810,1
2147,944,1
5286,5742,1
6636,6332,1
3106,3585,1
4107,3680,1
1938,2451,1
6152,6850,1
286,645,1
2330,2764,1
6462,7109,1
4283,3140,1
3269,2908,1
10,2492,1
3053,4213,1
3248,4875,1
2456,3464,1
2799,2270,1
3450,2315,1
2550,3598,1
1471,1001,1
69,262,1
3146,4559,1
398,1174,1
119,118,1
1945,3148,1
4606,5573,1
6171,1820,1
1937,1892,1
2707,553,1
504,498,1
527,4193,1
3078,3073,1
292,909,1
2799,4304,1
2617,4172,1
3982,4788,1
57,24,1
6176,5330,1
3722,3134,1
5701,4366,1
755,2575,1
1062,3261,1
1172,2425,1
4497,3719,1
2173,2673,1
782,292,1
1050,1669,1
38,5624,1
1949,2556,1
2044,4299,1
972,2430,1
743,2018,1
5137,6733,1
4173,4459,1
3051,2366,1
4437,3140,1
3111,2799,1
3151,2799,1
3150,1828,1
3643,3280,1
50,405,1
23,379,1
5099,5747,1
1256,1935,1
279,3867,1
2343,3861,1
1933,1178,1
2425,1585,1
3441,3222,1
1032,3033,1
4408,3904,1
3146,4164,1
1464,1795,1
366,363,1
3109,2270,1
2705,3867,1
2742,2444,1
48,618,1
285,1174,1
5161,5222,1
870,1028,1
5549,4628,1
718,3176,1
4219,3912,1
28,4477,1
6496,6335,1
6574,4482,1
1035,3904,1
2204,1464,1
1050,2323,1
1256,1062,1
41,395,1
725,1238,1
632,2506,1
1420,1804,1
1951,2471,1
1704,2855,1
2707,3242,1
2548,4297,1
1813,1173,1
861,2968,1
779,906,1
3467,2428,1
2062,2570,1
3672,5286,1
2823,1951,1
2071,1237,1
5137,4477,1
3140,3124,1
3746,3680,1
284,2270,1
3189,6861,1
1811,1130,1
1205,1503,1
910,1493,1
1614,1611,1
5252,6850,1
2463,4480,1
6026,5925,1
967,2133,1
577,2582,1
30,381,1
2866,4427,1
14,2191,1
3647,7029,1
3649,3306,1
726,3939,1
4613,6351,1
1393,2032,1
2463,3195,1
4992,2301,1
1450,2166,1
1675,5146,1
2366,3242,1
2044,4079,1
286,1467,1
5143,4177,1
4603,4587,1
5732,1372,1
735,287,1
6560,4477,1
2348,5431,1
674,857,1
628,785,1
1601,1584,1
2038,2190,1
1244,945,1
1668,2617,1
34,385,1
912,4522,1
2673,3124,1
697,5395,1
1306,1424,1
1811,4819,1
2648,1464,1
3721,5792,1
3208,2740,1
1420,2761,1
3654,5921,1
4068,4648,1
1,4672,1
4463,5766,1
2536,142,1
5792,6809,1
285,807,1
340,1802,1
2810,1972,1
3807,4304,1
910,3971,1
3587,5236,1
2471,2017,1
4919,4537,1
1060,4787,1
4430,2747,1
4335,3360,1
3643,5050,1
604,876,1
2348,2459,1
99,1057,1
371,581,1
5680,4892,1
3543,2507,1
3536,2091,1
5735,4672,1
2263,1761,1
5292,6146,1
4522,5628,1
2767,2375,1
5129,6913,1
2481,3763,1
2548,187,1
4607,3594,1
1814,1237,1
3648,3661,1
3212,3453,1
281,1332,1
2548,1972,1
822,1631,1
3395,3691,1
4617,2382,1
3144,3464,1
830,76,1
310,676,1
2099,2270,1
791,803,1
5222,5161,1
5043,5155,1
1141,1961,1
19,234,1
4310,2584,1
1811,3150,1
10,2289,1
5685,5153,1
5402,4912,1
6156,6833,1
3534,3307,1
10,64,1
5129,4033,1
3004,3138,1
3410,2397,1
5750,4672,1
2850,1669,1
5539,5710,1
2750,2863,1
13,227,1
3794,4988,1
3654,4414,1
535,394,1
2166,1064,1
4515,4828,1
3702,4287,1
4607,5070,1
3807,3360,1
2044,3624,1
857,1318,1
783,933,1
2189,2132,1
6570,6595,1
1566,1584,1
701,1343,1
1615,1559,1
2548,2315,1
1591,1629,1
5571,4522,1
35,310,1
28,751,1
5317,5573,1
1640,891,1
6649,6454,1
2735,2158,1
1306,1816,1
697,4872,1
3546,3248,1
697,1707,1
1759,1937,1
19,122,1
4632,3781,1
2127,2208,1
490,1699,1
5989,4910,1
5766,5586,1
4315,3124,1
2473,3176,1
1894,2617,1
4601,2357,1
1256,2810,1
2260,1924,1
3781,3150,1
2431,3457,1
6152,142,1
1376,5027,1
36,592,1
2841,2381,1
1029,1142,1
279,581,1
2471,5996,1
5,49,1
5777,5800,1
1736,1064,1
3578,2756,1
130,363,1
2394,1509,1
5038,5983,1
632,1463,1
3405,5117,1
5929,6050,1
1256,2842,1
822,695,1
1225,2226,1
5129,5747,1
3654,4480,1
2718,3406,1
5137,2315,1
4897,6195,1
640,1392,1
2617,3320,1
3643,6186,1
578,1432,1
62,1485,1
719,4822,1
3207,3541,1
6152,4482,1
6189,6230,1
254,603,1
4226,4233,1
6295,6332,1
4612,2572,1
2348,5092,1
545,1294,1
2427,2381,1
3733,4996,1
2343,3160,1
801,5155,1
3302,3330,1
1625,6218,1
2425,3651,1
3030,3331,1
3303,3816,1
9,22,1
3557,2291,1
2703,3007,1
4477,4282,1
3308,3555,1
24,168,1
4522,5747,1
169,64,1
157,724,1
5513,2233,1
490,1747,1
2456,553,1
3746,3248,1
1023,321,1
287,1371,1
4515,6809,1
3156,3128,1
755,1629,1
896,1115,1
3087,6349,1
398,3453,1
656,1062,1
4261,5292,1
3336,2756,1
3030,2507,1
1645,3446,1
2982,3169,1
205,405,1
4164,3997,1
2338,3581,1
1318,896,1
10,2125,1
3313,4730,1
2166,1315,1
1578,3189,1
743,2506,1
6034,6565,1
1131,270,1
93,6403,1
57,511,1
2248,2226,1
3109,4808,1
2956,6733,1
3302,3630,1
10,681,1
155,2750,1
4454,3873,1
4617,4222,1
794,1088,1
1404,1730,1
3444,4720,1
2676,4171,1
2382,2746,1
4522,6151,1
279,1404,1
2417,2908,1
1376,1890,1
4548,3465,1
788,1042,1
18,1,1
1035,2371,1
2044,4310,1
4226,4822,1
5043,5232,1
1460,2127,1
3143,4171,1
3017,2548,1
6669,6415,1
5672,6024,1
5548,5710,1
2444,2970,1
887,1052,1
5141,4537,1
1420,2048,1
1348,1805,1
5926,5293,1
3143,817,1
1814,1260,1
2628,778,1
1180,794,1
2431,6920,1
4897,6456,1
1105,2356,1
5695,5967,1
1450,948,1
2044,3504,1
3360,4606,1
4617,4522,1
4315,5161,1
2330,5152,1
2434,2057,1
4192,4171,1
3701,4535,1
703,1503,1
5766,4700,1
2062,3286,1
32,26,1
5037,2747,1
1314,3800,1
2270,2459,1
20,724,1
6176,6405,1
1599,1094,1
1201,1432,1
3151,3867,1
2057,2425,1
2270,3134,1
1050,4052,1
2705,4098,1
1088,1972,1
4164,3147,1
3495,3109,1
874,287,1
38,1968,1
4180,4287,1
4417,2818,1
3751,3146,1
2591,2665,1
2742,1605,1
5586,5145,1
1761,971,1
422,6165,1
3085,2738,1
3155,4924,1
4489,3446,1
3386,698,1
2127,656,1
4618,2357,1
2512,3150,1
2458,1493,1
2547,1106,1
1056,1398,1
888,5240,1
4604,5132,1
2357,1295,1
1890,1260,1
2431,2370,1
68,634,1
5780,5827,1
575,4066,1
281,3691,1
9,398,1
1233,1450,1
822,2176,1
2833,2372,1
2389,2381,1
5534,5734,1
2044,553,1
2763,5921,1
1761,2183,1
4430,5854,1
4943,2223,1
897,645,1
3173,2373,1
756,4606,1
1917,1952,1
2738,2059,1
3150,6430,1
725,2190,1
5786,5105,1
3314,5738,1
1178,29,1
4979,1057,1
5127,5141,1
2469,2191,1
6293,3679,1
2476,1156,1
4892,3529,1
3140,3147,1
5792,1372,1
756,2017,1
3283,2204,1
4068,3002,1
1394,2507,1
875,2323,1
5043,2912,1
768,724,1
2332,6107,1
2055,2395,1
1349,1106,1
1106,1676,1
2431,2048,1
3329,2607,1
118,898,1
1178,1278,1
1591,3591,1
5680,7029,1
4214,3541,1
4543,6595,1
3360,5073,1
3654,5236,1
4218,669,1
3150,5155,1
4033,2370,1
3465,2420,1
5143,4195,1
90,603,1
6548,4835,1
3147,4108,1
4892,6181,1
6244,2600,1
728,739,1
2705,4517,1
916,1613,1
167,5593,1
2287,4424,1
2270,3410,1
3673,3059,1
23,1566,1
743,1298,1
1256,6510,1
23,812,1
1150,860,1
912,2533,1
2697,4787,1
2758,3751,1
3143,4827,1
1359,1661,1
632,6733,1
4417,2747,1
5539,5630,1
2164,4489,1
3153,4573,1
4607,3508,1
4892,6203,1
1097,1306,1
6079,3153,1
285,755,1
2366,3316,1
4177,4852,1
4149,5763,1
762,1613,1
3287,2291,1
1314,3019,1
1306,2451,1
99,2575,1
2348,2864,1
4831,4867,1
2290,2371,1
954,3261,1
2322,891,1
1205,2997,1
756,4892,1
697,2518,1
1050,2357,1
2270,2506,1
68,1427,1
2767,2867,1
1303,1649,1
649,915,1
1933,2759,1
719,1141,1
2600,4822,1
284,616,1
422,4616,1
3669,3154,1
2261,1266,1
1806,2166,1
3056,5534,1
2916,2761,1
2260,1901,1
367,363,1
917,1395,1
5029,4610,1
4463,2295,1
1116,1131,1
422,3138,1
4599,5932,1
2467,4832,1
3360,2431,1
448,262,1
697,5854,1
912,2296,1
718,2427,1
3360,4479,1
3124,3504,1
422,5282,1
5680,3672,1
1740,5401,1
2425,3222,1
5488,6916,1
6454,2431,1
904,4097,1
2767,2607,1
4617,3045,1
2531,4559,1
1035,1172,1
5138,5738,1
294,369,1
129,675,1
4430,3446,1
2456,2787,1
4479,4032,1
4892,2810,1
3286,4606,1
2348,6777,1
4892,4835,1
0,535,1
1984,2062,1
4817,2273,1
1949,2560,1
1393,1366,1
1032,3939,1
1938,2533,1
3812,3140,1
2866,6415,1
6151,5547,1
2753,5666,1
5129,2680,1
1096,1151,1
2456,3255,1
6300,2348,1
2427,3531,1
23,2366,1
5571,5480,1
2277,4256,1
638,4621,1
2465,4852,1
4622,4033,1
5539,5612,1
3208,2063,1
34,168,1
1471,1050,1
5354,6833,1
534,2140,1
4884,3781,1
10,2224,1
1394,3295,1
1184,2863,1
2225,2224,1
4677,4310,1
1235,1559,1
2063,694,1
1458,1184,1
1116,1390,1
5766,6585,1
3742,2127,1
2912,4720,1
3143,3392,1
719,774,1
422,271,1
24,786,1
3450,2980,1
1046,604,1
1830,51,1
1398,1492,1
6464,3644,1
3143,4518,1
3701,4895,1
1615,2711,1
6873,4537,1
5043,5590,1
99,4912,1
701,285,1
2536,2707,1
4377,3150,1
3296,2657,1
1851,2058,1
6851,6850,1
2079,817,1
2126,3939,1
743,1676,1
3633,4449,1
3147,3488,1
3610,2295,1
4831,3649,1
6669,6302,1
5102,4472,1
3649,669,1
1961,6686,1
138,852,1
4430,4456,1
18,118,1
6680,4581,1
697,1096,1
3156,2476,1
4596,5742,1
656,2604,1
3199,2427,1
3895,5996,1
1627,2262,1
1050,1919,1
4066,6789,1
1277,1174,1
3946,3939,1
1099,2425,1
4865,2584,1
2127,5827,1
5236,5706,1
4818,2760,1
3995,2617,1
746,588,1
3145,3138,1
4256,1192,1
5317,5292,1
78,373,1
701,874,1
5185,7063,1
1363,1184,1
4612,3699,1
3314,5630,1
1349,1610,1
1650,1669,1
422,2356,1
2212,6546,1
534,1056,1
1485,948,1
1141,1062,1
6300,6645,1
41,910,1
4599,767,1
4973,5127,1
917,941,1
252,122,1
128,736,1
3507,2177,1
116,591,1
2465,3134,1
1032,1961,1
3575,2980,1
2705,3157,1
1699,3781,1
4295,4291,1
2463,1275,1
422,6334,1
1420,3108,1
2467,3765,1
1394,2731,1
2425,3360,1
3722,3781,1
5143,5735,1
5664,5289,1
47,5286,1
29,580,1
2617,2038,1
3207,4654,1
5,1355,1
3587,2420,1
2476,3719,1
2908,3109,1
6308,6149,1
1464,1450,1
4194,3128,1
5232,5240,1
5306,6335,1
1029,832,1
1306,1168,1
422,6181,1
422,5043,1
927,701,1
5127,3087,1
6787,3679,1
2758,553,1
3314,2087,1
680,3701,1
1814,930,1
718,1486,1
591,941,1
4302,1238,1
36,379,1
5672,4892,1
4561,3261,1
2792,2477,1
5102,1086,1
6038,6537,1
3051,2017,1
292,1463,1
2447,6173,1
502,341,1
4192,4587,1
600,405,1
1549,1375,1
3273,3733,1
3280,2315,1
318,2658,1
722,668,1
2331,1295,1
3147,3146,1
6561,6717,1
1002,2138,1
77,640,1
111,2648,1
4149,3410,1
4417,4427,1
982,5682,1
3390,6733,1
5783,5554,1
1811,4981,1
1420,1602,1
1627,2970,1
1672,2970,1
2348,1881,1
4977,2815,1
1447,2746,1
778,2459,1
4489,6782,1
5129,1372,1
2372,891,1
159,1447,1
719,604,1
4522,4912,1
5037,4852,1
4463,5061,1
4149,6809,1
1256,1892,1
3211,2270,1
669,4700,1
1399,1168,1
2384,2381,1
2824,1951,1
61,2425,1
5810,4672,1
294,743,1
4617,5742,1
2862,3148,1
2737,2123,1
3587,3672,1
2348,6512,1
5043,4924,1
2989,2381,1
2044,5194,1
1450,1514,1
3261,5141,1
7,768,1
19,410,1
692,3901,1
6669,6173,1
571,1063,1
2917,3287,1
2617,1197,1
1256,1951,1
2471,3138,1
165,1353,1
4773,6173,1
1192,1584,1
270,1061,1
1351,3679,1
289,880,1
964,1021,1
373,2191,1
1672,3457,1
165,1332,1
6154,6686,1
1348,1795,1
490,1559,1
2463,2396,1
4377,6735,1
898,1048,1
1450,827,1
2126,4044,1
2890,3691,1
141,277,1
697,3150,1
1917,1936,1
702,546,1
756,4930,1
4616,5942,1
3030,2018,1
4617,3306,1
1740,1405,1
546,638,1
6574,5329,1
1132,1088,1
1274,1271,1
1369,1386,1
4961,4444,1
2064,6227,1
78,5630,1
5314,3315,1
6369,4607,1
196,683,1
4819,5376,1
3387,3971,1
2043,1594,1
950,903,1
958,701,1
2427,2842,1
2127,2140,1
4108,3845,1
2177,3189,1
6001,7029,1
6300,5161,1
2707,5921,1
2348,2343,1
406,221,1
2913,2457,1
3086,2740,1
2465,3340,1
3643,2382,1
5784,6565,1
2788,2765,1
944,1676,1
4618,4108,1
718,1060,1
6414,5734,1
3168,2127,1
6173,5613,1
5821,4924,1
1890,3034,1
1256,2544,1
4068,4996,1
6084,6798,1
1168,1437,1
5133,5405,1
2425,2375,1
638,1745,1
3580,5194,1
2833,3129,1
1121,1056,1
5317,3981,1
2792,1275,1
2808,2838,1
1554,910,1
4430,4193,1
967,1168,1
6156,4149,1
3840,4424,1
13,591,1
1408,1892,1
2463,2752,1
1050,2172,1
4892,6389,1
546,237,1
1363,1523,1
697,5317,1
697,6598,1
3668,4606,1
2897,2099,1
3168,3581,1
681,665,1
1924,910,1
3475,4850,1
2720,1613,1
3681,4508,1
2463,3901,1
5751,4892,1
534,1088,1
2173,3848,1
4261,4077,1
5123,5666,1
2342,1940,1
4615,4988,1
1559,2064,1
4213,3150,1
4857,2584,1
4943,2521,1
3996,6776,1
1050,2287,1
3138,5772,1
134,922,1
106,774,1
2263,2123,1
3643,4808,1
1609,1759,1
5105,6181,1
983,1253,1
4003,3316,1
1343,168,1
2850,2381,1
3405,2270,1
5356,3189,1
3222,2810,1
1032,4291,1
502,554,1
3059,2172,1
1365,1404,1
111,1515,1
6417,2680,1
23,2044,1
2767,2756,1
4463,6537,1
1268,1578,1
1415,4272,1
311,805,1
489,875,1
2458,2790,1
5131,6029,1
1415,4709,1
6302,5138,1
6709,6986,1
318,780,1
1370,1507,1
2471,4233,1
3464,3059,1
3287,2048,1
4429,4286,1
6300,6776,1
6176,6820,1
5672,5687,1
1792,5666,1
669,5153,1
1150,1464,1
287,896,1
4376,1851,1
3147,4031,1
2166,1594,1
1420,1960,1
3143,3141,1
5176,5743,1
1062,4077,1
947,1450,1
1664,2099,1
4293,4291,1
5212,5864,1
5143,6248,1
1894,2323,1
4469,2831,1
626,2405,1
4335,4854,1
1366,1669,1
12,163,1
404,1761,1
822,215,1
1348,2370,1
6176,6173,1
1002,1471,1
1178,2753,1
2461,187,1
4118,2518,1
1173,1172,1
1835,696,1
3672,4031,1
2033,5534,1
5133,4850,1
5136,5405,1
2995,4522,1
4842,4098,1
546,1424,1
1168,983,1
5129,4952,1
912,2690,1
5530,5527,1
912,3529,1
1056,862,1
1062,3154,1
1477,1208,1
1314,4171,1
3152,3141,1
2272,1062,1
4607,3315,1
3647,7063,1
3651,5050,1
5734,2540,1
5734,5293,1
2756,3295,1
7,729,1
1792,2224,1
4068,3096,1
76,827,1
2707,756,1
3643,6429,1
3148,3248,1
1979,1272,1
1659,1898,1
35,684,1
2425,3252,1
2758,2459,1
2123,2567,1
217,1676,1
1095,2767,1
1699,1745,1
6275,7068,1
289,292,1
286,615,1
2427,3129,1
815,724,1
1672,321,1
4430,4813,1
3058,2761,1
1056,783,1
5306,4676,1
3444,5871,1
7,358,1
502,797,1
1900,2487,1
5437,6029,1
756,3701,1
4522,5887,1
4068,3495,1
5116,817,1
718,774,1
1940,6087,1
4175,2126,1
1594,1730,1
1309,1098,1
5469,5827,1
284,644,1
258,257,1
6059,4350,1
2764,2756,1
27,25,1
6043,6830,1
4192,2164,1
24,781,1
1684,1035,1
2313,1064,1
112,698,1
5427,5426,1
1268,1143,1
5141,4489,1
2057,1898,1
4430,4808,1
1559,2405,1
4477,5588,1
2395,2062,1
4943,3306,1
5245,6195,1
1398,1493,1
2064,1420,1
3682,3971,1
4176,3406,1
3286,3781,1
6026,6405,1
2250,5735,1
1348,5058,1
128,1064,1
3733,3870,1
294,681,1
5539,6085,1
353,4672,1
1150,2492,1
1415,3901,1
1272,1984,1
2191,3531,1
2463,2372,1
5043,6064,1
3124,3033,1
3651,6598,1
743,2617,1
6176,6986,1
3286,4828,1
6797,5904,1
5159,5087,1
1080,1450,1
422,4817,1
755,1609,1
4149,4605,1
3654,5792,1
2169,2908,1
6151,3981,1
1404,1184,1
422,2742,1
3387,2389,1
6024,6281,1
422,5930,1
755,1464,1
5,1276,1
822,1646,1
1404,2405,1
6351,6146,1
1205,1027,1
2159,3004,1
4226,5087,1
68,7,1
128,739,1
3313,5983,1
1343,2123,1
697,5493,1
6154,6087,1
604,4621,1
1761,1559,1
4477,6053,1
2465,5996,1
1811,3531,1
695,3459,1
3330,4528,1
6029,4477,1
285,1890,1
217,660,1
2567,1594,1
1951,2223,1
1471,4226,1
1672,1937,1
2680,3661,1
3156,3581,1
1492,1349,1
5238,4272,1
391,2698,1
2607,3488,1
3147,4522,1
4377,2760,1
5042,5293,1
5,1052,1
2476,4097,1
16,125,1
2692,2691,1
5,229,1
3027,1464,1
192,237,1
1585,756,1
697,2546,1
1245,1371,1
1559,698,1
2031,1924,1
6095,767,1
2461,4543,1
2127,5586,1
6668,6693,1
3594,3331,1
1900,1591,1
5123,3649,1
604,1205,1
3990,6608,1
695,3360,1
904,2492,1
546,815,1
3898,4541,1
1256,4617,1
2721,4878,1
398,581,1
62,340,1
2787,2289,1
5149,4805,1
2169,694,1
1420,3907,1
2062,2698,1
5038,6227,1
10,1381,1
735,1001,1
203,774,1
31,25,1
638,612,1
2431,4664,1
5099,6585,1
3313,3096,1
4672,3926,1
591,869,1
1951,1940,1
10,1977,1
912,1908,1
4377,4573,1
6606,6608,1
755,1790,1
1568,3661,1
6029,6591,1
1166,1294,1
4463,5929,1
4078,4403,1
1192,1178,1
5512,3306,1
2260,1940,1
4542,7021,1
69,64,1
2818,5102,1
26,489,1
718,1823,1
1306,2090,1
3151,4850,1
1205,1214,1
354,210,1
2044,1585,1
1001,3150,1
4617,2521,1
6636,5734,1
1116,1699,1
791,1418,1
2477,6084,1
2742,1420,1
5792,1086,1
4604,5630,1
134,749,1
5572,5613,1
10,1205,1
2600,6820,1
18,50,1
1143,4052,1
197,1088,1
4616,4222,1
3059,3334,1
4561,5395,1
5,587,1
2471,3040,1
5233,6926,1
641,1098,1
2425,2740,1
967,1759,1
294,3701,1
3681,4617,1
641,963,1
2742,4952,1
2742,3691,1
1032,3147,1
2290,1681,1
490,1670,1
6956,5925,1
2431,6218,1
3017,1493,1
3222,3661,1
41,1131,1
1116,1669,1
1806,891,1
2463,2290,1
3143,1627,1
814,1795,1
277,2855,1
5786,5928,1
1034,1951,1
251,203,1
2348,3845,1
4617,4730,1
2548,2897,1
4606,2733,1
576,1064,1
5786,5376,1
2457,3034,1
3990,6614,1
391,6149,1
4817,5198,1
3360,3594,1
1348,1486,1
3360,3787,1
4596,6123,1
3681,4654,1
1420,2740,1
391,5770,1
5769,6653,1
1938,1627,1
581,2044,1
3587,6186,1
2060,1734,1
604,620,1
4664,2079,1
2061,2567,1
3598,4561,1
5153,5742,1
2505,5405,1
1306,1908,1
904,1803,1
5655,2398,1
3204,3331,1
2392,2381,1
3046,1493,1
34,130,1
76,4552,1
36,373,1
2164,4068,1
5792,6545,1
2463,3541,1
99,3160,1
3739,4822,1
2617,4499,1
3082,3531,1
2746,3967,1
2127,2071,1
743,2438,1
51,1793,1
128,820,1
3222,756,1
432,535,1
3147,3019,1
3086,2366,1
4078,4930,1
2382,2665,1
1889,1450,1
2975,2459,1
284,2053,1
2799,2847,1
6071,5043,1
3147,4171,1
5132,4219,1
422,6864,1
3733,2995,1
5298,6798,1
2348,1464,1
1116,1432,1
6683,6679,1
3212,3169,1
1924,2706,1
2742,2829,1
1023,645,1
19,972,1
5138,3965,1
2348,1493,1
4506,6181,1
3545,6161,1
1824,1594,1
237,739,1
1256,817,1
1062,2090,1
2849,2381,1
3799,3331,1
1594,1244,1
2170,2377,1
285,1059,1
3914,3235,1
701,2032,1
2738,2465,1
5,1651,1
6146,6755,1
4230,3541,1
674,1294,1
891,2048,1
10,774,1
5547,5132,1
7,1,1
1062,1064,1
6038,4836,1
3286,3004,1
1062,6733,1
62,387,1
748,747,1
3455,2810,1
2250,3508,1
19,634,1
1555,2405,1
2680,4981,1
1415,5127,1
1032,5375,1
904,1192,1
3409,4606,1
1237,1351,1
1393,2190,1
1432,3406,1
2457,3203,1
5980,6024,1
76,482,1
3336,3661,1
755,885,1
1788,1968,1
34,498,1
697,3867,1
2463,2521,1
6056,7027,1
4078,4949,1
2705,1420,1
5102,6794,1
19,26,1
1933,2758,1
957,1343,1
6504,4696,1
2294,2381,1
2348,4310,1
973,1343,1
5043,5563,1
157,1183,1
865,2122,1
41,262,1
5836,5420,1
3287,2301,1
1415,5043,1
2775,2377,1
2428,2465,1
3157,4059,1
3850,3848,1
2425,3956,1
277,2018,1
1032,2427,1
1553,3019,1
112,6756,1
4613,2315,1
310,29,1
4823,6830,1
221,381,1
3148,3777,1
1583,6565,1
1062,6248,1
1450,1392,1
4463,6173,1
2044,2575,1
2425,3581,1
2390,3453,1
502,600,1
1080,1398,1
1370,2968,1
6050,4943,1
2159,2425,1
3680,1420,1
3150,1192,1
2761,2617,1
3298,3320,1
864,575,1
6142,6653,1
5916,5222,1
3459,3733,1
3222,3301,1
1244,271,1
2975,2301,1
284,5061,1
2191,2397,1
53,1802,1
1173,1405,1
2465,2375,1
5918,6334,1
1150,3129,1
2467,14,1
382,498,1
1961,4193,1
4809,5198,1
2260,2683,1
1420,4517,1
2471,5132,1
974,1514,1
1192,3222,1
5743,5185,1
134,2691,1
5301,2956,1
1193,826,1
2816,5929,1
36,97,1
2323,1584,1
1277,2127,1
3409,14,1
3465,4672,1
2890,3238,1
1640,2122,1
2425,2163,1
6214,6693,1
1106,1669,1
2377,962,1
697,1634,1
1485,1823,1
1061,2127,1
1032,3406,1
5129,5734,1
294,735,1
5222,2810,1
5150,2531,1
6669,1820,1
3138,2233,1
3236,2507,1
1063,1306,1
5475,4676,1
3654,4508,1
2752,2604,1
1811,2059,1
3286,3956,1
231,229,1
4005,6389,1
1050,1064,1
896,1937,1
1172,1742,1
4430,5405,1
3746,4226,1
490,3168,1
1205,628,1
1002,2556,1
5043,5799,1
5548,6084,1
5292,5688,1
5769,6850,1
1900,1568,1
3313,1950,1
238,2818,1
589,254,1
5139,5573,1
1106,521,1
6202,4350,1
3150,5590,1
2908,3861,1
2756,2381,1
3151,3972,1
2425,6598,1
3534,2518,1
6038,6180,1
1050,794,1
20,598,1
4315,5129,1
1184,383,1
5792,5019,1
371,3153,1
6347,4943,1
4033,5155,1
3020,5329,1
2760,2815,1
1420,1035,1
917,1760,1
3174,5126,1
2348,4999,1
5827,2431,1
3678,4641,1
2431,5207,1
2501,4607,1
1349,1142,1
2463,5087,1
5783,5138,1
4624,4672,1
2173,2204,1
4607,6038,1
4607,5132,1
1002,1803,1
2348,3176,1
5512,3004,1
2173,2063,1
1393,1669,1
2705,2648,1
3649,4656,1
2467,4628,1
1032,3149,1
1370,1520,1
1055,1052,1
5252,5256,1
1506,1676,1
1376,5527,1
822,1835,1
644,1238,1
1358,1095,1
1458,2004,1
910,1151,1
215,271,1
697,1838,1
23,1024,1
157,285,1
4522,7109,1
2,44,1
1034,1664,1
4617,5405,1
2431,2735,1
4612,2760,1
6151,6733,1
28,2356,1
696,1613,1
719,4219,1
3712,7027,1
3077,2158,1
2680,6413,1
253,1471,1
1945,3452,1
1900,2764,1
2705,3690,1
502,3854,1
2327,3247,1
105,4952,1
1277,962,1
1502,1260,1
14,1,1
5684,6047,1
1658,1351,1
769,2270,1
10,898,1
5792,6405,1
2099,14,1
3854,1141,1
3009,6819,1
2543,2544,1
4290,4291,1
4548,14,1
740,1386,1
6096,6334,1
1032,1646,1
743,4480,1
5113,5282,1
4363,4064,1
1256,1602,1
1127,855,1
1056,1386,1
1031,2956,1
5918,5127,1
4033,6429,1
1619,1370,1
1890,2066,1
902,735,1
3152,5207,1
3147,4892,1
743,1256,1
5123,5129,1
5141,6537,1
2738,4097,1
2471,778,1
3424,3147,1
118,1892,1
3154,6510,1
1092,1115,1
2742,2815,1
840,1529,1
1050,855,1
93,1851,1
490,2405,1
1156,2356,1
132,167,1
6369,5734,1
422,4602,1
1625,1933,1
105,4910,1
241,1707,1
2824,1613,1
1256,1977,1
10,3939,1
2995,5247,1
2456,4528,1
1485,5002,1
4897,5496,1
743,1682,1
112,2133,1
294,7,1
5581,4952,1
111,2397,1
1420,2465,1
294,2571,1
3643,4424,1
4377,4528,1
2456,2838,1
64,141,1
1982,2546,1
77,205,1
756,2975,1
4597,5194,1
76,897,1
690,546,1
3143,4541,1
1259,1661,1
1032,2669,1
2099,4123,1
6335,6650,1
6152,3410,1
1095,2880,1
3149,1851,1
162,161,1
1001,2760,1
3853,3939,1
1116,1464,1
1136,29,1
6082,5554,1
5236,4350,1
5783,6449,1
3336,2897,1
7023,6415,1
1532,1961,1
1129,1297,1
6548,6920,1
1031,187,1
5769,5431,1
1835,1909,1
3654,2044,1
4892,4676,1
945,1835,1
2394,2315,1
4616,1351,1
6029,5706,1
910,533,1
904,1493,1
3651,3751,1
576,1450,1
2270,1507,1
3314,142,1
167,535,1
2765,2127,1
422,4304,1
2657,3392,1
2597,1584,1
982,4981,1
632,1450,1
2300,2296,1
1205,2066,1
10,1568,1
3140,6230,1
4820,2760,1
857,1424,1
528,1585,1
1089,3316,1
6300,6026,1
2290,2753,1
3017,2471,1
756,4079,1
1408,2471,1
4310,5198,1
697,4537,1
6176,6916,1
4426,3320,1
755,2377,1
4892,6717,1
5562,3445,1
5514,4414,1
2492,3956,1
2666,2204,1
1050,3555,1
4607,4819,1
6837,5330,1
10,1319,1
783,857,1
917,1575,1
1056,1063,1
2078,1951,1
6300,6538,1
1811,3457,1
3921,1838,1
2803,2204,1
1192,1295,1
1487,1730,1
3385,3242,1
2055,1431,1
5132,2079,1
1002,5286,1
99,4552,1
917,1476,1
4193,1851,1
1001,2349,1
1277,862,1
5695,6755,1
4456,4892,1
118,1605,1
5572,6190,1
3914,6993,1
3854,4617,1
1050,1001,1
2809,2765,1
888,239,1
6415,7063,1
5786,6647,1
341,357,1
4612,3529,1
2348,4172,1
16,898,1
1116,1254,1
4761,2572,1
776,5496,1
4624,5426,1
6618,6619,1
1029,936,1
755,1427,1
743,4535,1
4437,4621,1
2463,3495,1
4543,6667,1
1458,1550,1
1237,1814,1
4332,3719,1
3669,4541,1
1095,4788,1
2741,2394,1
3171,756,1
2101,4310,1
345,901,1
6383,6429,1
1256,1063,1
5123,6403,1
755,3046,1
4552,817,1
3307,1589,1
2980,3040,1
216,556,1
5548,5666,1
3314,5132,1
3444,3045,1
3314,2669,1
2127,694,1
2044,4275,1
1050,3800,1
6721,6830,1
4468,3675,1
1062,1613,1
2890,2732,1
501,812,1
3153,4822,1
2127,3630,1
2850,2357,1
2348,2063,1
4068,1593,1
2260,1295,1
3261,6123,1
3348,1933,1
719,29,1
5989,6181,1
4444,2657,1
2099,2604,1
735,1441,1
801,4131,1
2765,4063,1
155,1669,1
4451,6038,1
4223,3649,1
2463,2658,1
13,474,1
1471,1610,1
281,546,1
2703,3055,1
665,948,1
1458,1473,1
118,228,1
6152,3087,1
4961,4482,1
4784,2760,1
1062,5966,1
144,869,1
5493,6180,1
4892,6686,1
1398,1142,1
3480,4210,1
422,1405,1
62,205,1
3919,4823,1
232,568,1
1306,1205,1
1398,1392,1
3480,4424,1
6192,5827,1
4066,3781,1
4615,4561,1
277,963,1
5002,6084,1
5766,6598,1
1351,1607,1
6335,4522,1
546,285,1
4618,3904,1
141,279,1
1844,2560,1
437,76,1
2738,3286,1
1415,5734,1
3143,3406,1
4149,6181,1
698,1106,1
2127,2202,1
286,906,1
4945,4672,1
44,198,1
2956,3679,1
6019,5736,1
1381,1890,1
3314,4195,1
284,4312,1
3302,3331,1
2366,2756,1
2707,3307,1
801,4299,1
5641,5293,1
267,51,1
5,511,1
285,6038,1
3444,3701,1
1256,1266,1
130,205,1
2975,2893,1
1420,1456,1
5356,4892,1
1938,2295,1
788,4801,1
4613,2074,1
186,373,1
649,1170,1
2036,1935,1
5713,4444,1
3124,3154,1
3059,2760,1
305,138,1
989,239,1
872,774,1
626,262,1
2425,2847,1
23,3134,1
3261,142,1
938,270,1
2372,2566,1
566,587,1
3807,3873,1
4607,4226,1
1415,3045,1
4897,5710,1
32,721,1
1168,826,1
528,3154,1
1559,1064,1
902,3007,1
119,1060,1
760,1770,1
111,2975,1
3059,3967,1
2617,5070,1
1938,3128,1
279,1509,1
62,800,1
4315,5430,1
4430,3153,1
1972,1295,1
735,1805,1
422,4477,1
1420,14,1
912,5630,1
23,1095,1
755,2706,1
5211,4561,1
2916,2270,1
3653,2799,1
422,7029,1
546,254,1
23,2761,1
4854,5109,1
5989,4455,1
838,1493,1
5634,2600,1
77,3521,1
2767,3627,1
2459,2968,1
2673,2328,1
6051,5514,1
281,774,1
1050,762,1
1184,1355,1
1415,2956,1
1895,2360,1
3313,4788,1
2127,1130,1
9,44,1
3286,817,1
2357,2370,1
4482,6953,1
5993,3445,1
2550,2071,1
2471,1605,1
3138,1960,1
2890,3703,1
6966,4477,1
2459,3315,1
254,18,1
10,97,1
1348,4499,1
3739,5065,1
2348,5616,1
2652,1106,1
1341,2405,1
2752,2371,1
391,187,1
3261,5209,1
697,6047,1
2763,3149,1
719,3647,1
133,1318,1
3669,2172,1
4176,3320,1
5522,6202,1
6420,5742,1
1394,3971,1
2662,1566,1
1034,1835,1
3495,4552,1
3306,5666,1
4377,4850,1
4731,3541,1
1420,1238,1
3467,2289,1
5769,4537,1
6865,6585,1
5430,4616,1
3733,3866,1
6335,2431,1
3174,4648,1
1420,669,1
5989,5586,1
2061,1418,1
6454,3585,1
2810,2270,1
294,575,1
1153,898,1
398,2125,1
2044,3330,1
3303,2548,1
2465,5967,1
1306,2124,1
10,5,1
2041,1418,1
669,6173,1
3440,2191,1
546,1704,1
1096,857,1
29,826,1
1256,4561,1
216,1351,1
490,1770,1
2191,2289,1
2126,3248,1
904,1676,1
1268,1131,1
4257,4499,1
4463,4621,1
2090,2124,1
4194,4299,1
2348,6218,1
4617,5034,1
34,284,1
1506,215,1
3672,3848,1
4190,3619,1
5786,5107,1
76,1704,1
841,1318,1
4477,3286,1
4672,4068,1
1961,3818,1
5043,4627,1
4377,3825,1
254,253,1
3739,698,1
4607,3901,1
3681,3446,1
3157,1238,1
2126,3763,1
5354,6920,1
2200,656,1
719,4283,1
1591,1431,1
294,826,1
718,1088,1
5792,6819,1
5138,4068,1
3336,4299,1
2607,2071,1
1214,262,1
2790,3630,1
3735,7048,1
947,3347,1
2912,4449,1
2048,2017,1
3449,3495,1
155,3286,1
353,130,1
2425,1176,1
1945,3870,1
1585,3751,1
1890,892,1
2899,3059,1
1625,1629,1
1106,1890,1
1348,1375,1
2707,2074,1
6146,4961,1
1050,1062,1
4058,14,1
3207,2908,1
718,2190,1
697,2872,1
4654,3679,1
3807,3845,1
2762,3055,1
1811,2760,1
111,4875,1
6396,6591,1
3672,2398,1
2250,2226,1
4617,4857,1
857,1050,1
916,1398,1
3997,3147,1
5701,6087,1
1268,1398,1
1260,1584,1
3733,2091,1
294,768,1
4910,6227,1
81,50,1
4717,4213,1
4372,2476,1
3602,2127,1
5766,6733,1
3151,6306,1
6375,5185,1
2366,3320,1
48,50,1
656,1351,1
2465,2370,1
5,546,1
5146,4705,1
2348,7109,1
3082,4805,1
2548,2294,1
1773,7063,1
3286,4952,1
1447,2457,1
4613,4819,1
917,271,1
5043,5127,1
3261,6598,1
5123,5395,1
128,888,1
1458,520,1
2343,6613,1
3207,3238,1
6683,5904,1
1471,693,1
4919,4854,1
4606,2657,1
6069,6876,1
422,5376,1
910,1924,1
3021,2377,1
756,3033,1
2179,6227,1
1938,1629,1
4910,6876,1
708,1450,1
2444,3531,1
835,76,1
1040,6195,1
697,6776,1
701,2208,1
5,134,1
3164,2017,1
167,284,1
1350,826,1
5043,5661,1
126,6585,1
284,1390,1
5769,6876,1
4222,4226,1
134,1035,1
5811,6351,1
5470,5141,1
1471,270,1
1800,1796,1
6029,6645,1
105,5554,1
3248,4628,1
1458,1890,1
1188,751,1
3654,3619,1
369,1960,1
3495,3446,1
1585,1260,1
10,4535,1
642,410,1
2096,2381,1
1996,6024,1
5672,767,1
2705,2377,1
222,163,1
2162,2838,1
4627,6334,1
3240,2850,1
6734,6991,1
2172,2381,1
3106,4007,1
4300,4489,1
5113,4061,1
372,498,1
6096,6733,1
2179,4131,1
897,774,1
4897,4850,1
1032,3866,1
743,2740,1
1825,827,1
10,1575,1
1233,373,1
6152,5800,1
4172,4068,1
1371,1063,1
2123,3252,1
285,644,1
1306,4210,1
3723,2673,1
216,5075,1
292,624,1
533,2665,1
2348,3645,1
11,248,1
5218,3020,1
1615,2343,1
629,279,1
2447,4414,1
3151,3059,1
5769,6096,1
3610,4097,1
768,1578,1
2673,3845,1
4613,1811,1
1050,4272,1
1566,862,1
1001,2357,1
1097,2764,1
1969,2125,1
1192,2032,1
5641,6165,1
6424,5742,1
1050,4350,1
4502,3594,1
3314,5127,1
130,330,1
755,1392,1
1050,1393,1
5734,5092,1
6780,6123,1
4599,5105,1
3394,4213,1
4430,6281,1
4365,5916,1
2721,2270,1
4108,3680,1
4606,5628,1
4430,2657,1
4430,5145,1
4377,14,1
5043,4892,1
286,787,1
2762,2166,1
292,1063,1
5140,5613,1
4601,4066,1
3681,3242,1
2746,4499,1
1951,4256,1
6009,5401,1
34,167,1
3147,5070,1
2470,1493,1
656,827,1
36,679,1
4248,4525,1
4632,2815,1
4617,2747,1
917,1457,1
674,3653,1
2575,2758,1
1306,1976,1
725,239,1
4910,4038,1
2323,2471,1
3314,4216,1
3409,2270,1
1192,2063,1
5222,4952,1
902,2127,1
2572,2123,1
1642,1003,1
4603,3096,1
4194,1192,1
912,2995,1
2444,5685,1
4819,4952,1
5783,5493,1
3315,2397,1
1900,1956,1
4098,1192,1
292,645,1
5,1555,1
3314,4602,1
4144,3134,1
3546,3972,1
5572,5228,1
2246,2226,1
1393,1447,1
10,1730,1
1178,4217,1
5129,4444,1
251,2707,1
3394,5563,1
1029,875,1
2348,5534,1
2204,2871,1
2742,3487,1
3189,3150,1
5479,6479,1
5736,5586,1
2044,4291,1
1578,606,1
2465,2584,1
3446,3904,1
8,357,1
4430,4559,1
106,592,1
627,3150,1
36,1835,1
2732,4924,1
681,2956,1
2348,4459,1
982,4924,1
1853,2044,1
5042,4850,1
8,125,1
1156,2764,1
126,1106,1
3077,3719,1
590,797,1
3622,2428,1
2425,698,1
1900,930,1
1802,2459,1
5317,1285,1
1415,5743,1
279,285,1
5792,4961,1
3263,1062,1
20,281,1
5769,3981,1
1363,1568,1
5706,5058,1
5043,5075,1
2342,2226,1
422,4459,1
2173,3787,1
422,5590,1
5488,6926,1
4477,5942,1
1370,2465,1
1169,2057,1
139,605,1
2398,5222,1
2742,2864,1
2348,7068,1
1836,2169,1
2323,5058,1
912,4427,1
111,3781,1
1767,1770,1
4606,4310,1
1345,4427,1
4910,3306,1
2044,1062,1
3009,5904,1
3587,4605,1
2044,2397,1
2376,1937,1
157,1094,1
4823,5198,1
5474,5527,1
4332,3146,1
2705,2204,1
1348,2017,1
2261,2691,1
1032,698,1
1032,1655,1
1908,2004,1
2204,1853,1
6587,5616,1
3275,2758,1
2062,3825,1
1366,2287,1
2126,2427,1
3643,3765,1
128,80,1
53,80,1
155,2790,1
669,3672,1
2191,4297,1
6649,6733,1
3185,4031,1
293,278,1
6335,5488,1
163,208,1
1530,5537,1
5782,4813,1
6114,6024,1
157,1657,1
6636,6307,1
2348,2733,1
1949,1266,1
1684,1887,1
0,167,1
2721,2893,1
2295,5488,1
1370,2019,1
1379,2425,1
910,379,1
2036,2604,1
3030,3452,1
1894,1892,1
4801,5573,1
1759,2204,1
2126,2145,1
3654,6020,1
391,2455,1
10,885,1
3871,4535,1
4477,3548,1
76,495,1
5043,5613,1
1105,5864,1
4261,4350,1
6441,7109,1
129,721,1
2687,2872,1
4630,3154,1
6026,5929,1
6310,5742,1
142,44,1
2287,3248,1
904,2970,1
2808,1493,1
2166,2328,1
6548,6619,1
1105,695,1
1653,4256,1
5734,6293,1
1487,910,1
2158,3971,1
581,285,1
4005,3316,1
1951,2516,1
2062,3904,1
1683,1676,1
285,604,1
2466,2742,1
4228,3619,1
6683,5161,1
3106,1585,1
6146,6782,1
904,2208,1
62,312,1
1473,1184,1
3587,4558,1
1035,3701,1
1027,1520,1
4477,1367,1
2703,2975,1
2852,3222,1
1415,3261,1
159,1770,1
6335,6991,1
1235,1658,1
5309,5470,1
1063,1215,1
525,4377,1
4616,5043,1
4543,4835,1
3134,14,1
270,1730,1
4613,4216,1
6095,4177,1
5073,3598,1
4377,4605,1
2044,4052,1
5735,4952,1
2062,2564,1
755,1830,1
5141,6733,1
1895,962,1
252,729,1
974,2128,1
5300,5668,1
2366,3055,1
3020,6926,1
3247,2124,1
1471,1485,1
648,2208,1
134,2356,1
285,6770,1
3672,3248,1
4823,2956,1
5672,5127,1
277,749,1
2890,3464,1
245,405,1
822,1363,1
4606,5624,1
1718,1684,1
7,326,1
422,4627,1
2090,3252,1
3258,2430,1
284,3315,1
281,797,1
2393,2381,1
6154,6332,1
1418,1366,1
3381,2177,1
862,972,1
5218,6332,1
1829,1984,1
2459,2323,1
1032,575,1
3314,4788,1
2367,2361,1
5292,5628,1
5399,4482,1
1192,1063,1
3143,2533,1
3432,3591,1
5734,5854,1
4463,4508,1
718,3301,1
2790,3287,1
2043,1701,1
1415,3521,1
28,139,1
3143,4823,1
281,588,1
1259,794,1
3213,187,1
285,3134,1
1256,3046,1
2833,2980,1
28,388,1
3286,3248,1
1961,4628,1
3084,3307,1
670,4705,1
2798,2166,1
1424,1306,1
23,1594,1
2548,2976,1
1356,1405,1
862,2138,1
3147,2048,1
1306,892,1
1951,2169,1
8,838,1
1471,2176,1
680,2831,1
3143,5232,1
107,69,1
1424,864,1
3546,2044,1
1653,1820,1
4561,5019,1
2127,1682,1
587,1405,1
286,1676,1
5132,6202,1
1370,1515,1
6646,5317,1
904,1634,1
6388,6595,1
669,4787,1
78,4822,1
4429,6650,1
6059,6693,1
3140,4822,1
697,4443,1
2377,1940,1
9,227,1
28,1898,1
4606,4616,1
2330,2698,1
2908,3406,1
57,3781,1
865,1290,1
2166,2361,1
3033,2956,1
422,6307,1
4892,3453,1
3808,2048,1
6514,6735,1
5680,6454,1
1244,1168,1
5,512,1
4604,5479,1
3354,2177,1
1006,2430,1
649,588,1
5493,5289,1
6499,6608,1
5989,6015,1
3898,4552,1
1029,1480,1
2048,5966,1
4543,6349,1
11,229,1
4477,4910,1
5516,6755,1
575,690,1
422,4118,1
718,864,1
6632,1372,1
904,3457,1
1050,1358,1
2767,3870,1
912,5537,1
6415,2680,1
4855,4118,1
3701,5207,1
697,3387,1
1205,1937,1
4384,3644,1
2099,3555,1
896,1019,1
5937,5330,1
3222,3971,1
938,1168,1
4539,4656,1
4819,5105,1
5286,5149,1
4842,6861,1
3173,2740,1
5149,6650,1
3168,5395,1
3314,6452,1
3148,2897,1
2057,2487,1
4522,4377,1
3061,4275,1
4033,3168,1
6420,7109,1
2981,2976,1
2436,1901,1
2033,1944,1
48,854,1
2057,778,1
4717,2815,1
3286,5026,1
719,239,1
2,786,1
1027,1244,1
697,1471,1
4267,3647,1
6300,4444,1
2781,1605,1
6029,6412,1
2204,2863,1
981,2032,1
6550,6637,1
392,32,1
4522,5735,1
3145,3316,1
1168,1214,1
2389,3867,1
3189,4822,1
1050,4912,1
4892,5688,1
891,1267,1
4377,4033,1
5139,4477,1
4091,2997,1
4722,3153,1
1763,2970,1
746,4007,1
1032,3280,1
2995,4573,1
1806,1594,1
77,495,1
6026,6538,1
6810,6920,1
3446,4131,1
2459,2976,1
284,2761,1
2648,2815,1
2017,2871,1
1256,2064,1
2421,1984,1
966,3999,1
1458,271,1
2799,2289,1
2988,2381,1
1363,2976,1
2760,3825,1
2447,5073,1
1788,1839,1
4194,3644,1
1393,2138,1
133,196,1
241,239,1
578,785,1
3146,2544,1
1259,1386,1
1478,1370,1
5,363,1
2126,2492,1
3654,3147,1
3495,4832,1
4613,4892,1
4315,2760,1
2396,2366,1
2763,2648,1
1478,1358,1
6426,6161,1
5132,4033,1
4502,5534,1
1097,2066,1
3050,2372,1
2818,2767,1
1277,1349,1
571,521,1
656,1503,1
2469,2381,1
1463,930,1
896,1184,1
2758,2831,1
157,3108,1
402,217,1
286,1503,1
4616,5198,1
4823,6653,1
6814,6820,1
6560,7029,1
4171,6794,1
81,749,1
912,2438,1
697,1937,1
3328,3997,1
42,254,1
546,207,1
2705,4558,1
2705,3495,1
1673,1386,1
5105,2956,1
4618,4310,1
1393,2294,1
912,1183,1
3248,2430,1
2348,2163,1
743,4459,1
157,1745,1
3643,6946,1
10,1824,1
2301,4489,1
2060,1699,1
1018,1042,1
4068,4870,1
245,1519,1
898,2471,1
4542,2956,1
280,278,1
2721,5593,1
818,4275,1
743,797,1
2348,1756,1
4924,6794,1
76,254,1
2159,2127,1
1180,755,1
2348,4283,1
4194,4480,1
3845,2091,1
3654,4676,1
5488,3004,1
3669,3956,1
3097,3004,1
6,50,1
28,1676,1
5882,5827,1
2126,1589,1
3560,2291,1
4310,4066,1
2006,1909,1
285,910,1
1032,2617,1
125,284,1
6084,6195,1
4195,4171,1
2457,3464,1
695,749,1
1761,2580,1
6799,6798,1
546,724,1
1116,1318,1
310,733,1
2762,2191,1
2101,3287,1
81,3059,1
4819,5933,1
794,285,1
5586,6244,1
1625,1095,1
1095,2071,1
333,5641,1
4624,5496,1
6591,6180,1
4705,5987,1
3965,2191,1
2763,5470,1
3668,5539,1
5677,5151,1
934,2375,1
5123,6585,1
4747,669,1
2791,2764,1
3287,3691,1
1625,3781,1
2366,3630,1
4078,4335,1
4228,3465,1
2398,5588,1
644,683,1
4430,3901,1
3678,2697,1
10,1704,1
3143,4561,1
910,1579,1
6560,884,1
2347,62,1
6028,5889,1
1478,1483,1
3416,2430,1
3336,3154,1
719,922,1
160,48,1
2377,2062,1
2752,2968,1
5329,7029,1
5129,5733,1
3336,2018,1
2758,2370,1
1043,1405,1
3873,669,1
3236,2756,1
5174,4098,1
3054,2753,1
1396,1395,1
2261,369,1
5786,6399,1
13,529,1
23,4480,1
1348,1682,1
10,294,1
5769,6756,1
4437,6726,1
2459,2427,1
6574,6650,1
1687,1704,1
3026,4108,1
5420,2531,1
2022,1835,1
6156,5414,1
4636,4628,1
1984,2878,1
1192,1130,1
4033,5050,1
106,284,1
697,2163,1
2204,3004,1
755,2731,1
324,381,1
1318,1390,1
5769,6782,1
2721,3861,1
6351,6653,1
1344,4275,1
2357,5547,1
6669,6380,1
3807,2223,1
2463,1594,1
4305,2301,1
3157,2548,1
3580,4097,1
1235,695,1
1267,4459,1
2348,3222,1
2059,2575,1
1014,2669,1
910,1952,1
1256,1003,1
3996,5185,1
669,5742,1
2463,3555,1
133,346,1
3982,3464,1
6773,6755,1
2237,4118,1
1471,3867,1
3314,5743,1
310,4730,1
5100,4561,1
1420,2397,1
37,774,1
5141,2810,1
703,812,1
4272,2250,1
2687,2604,1
6331,6146,1
972,1909,1
6029,6986,1
1578,3644,1
1050,3825,1
1900,1471,1
485,50,1
2462,1493,1
1097,2287,1
2062,1699,1
4607,4287,1
3643,5738,1
1351,4312,1
3598,5376,1
546,2127,1
713,410,1
1734,1509,1
4863,5070,1
345,1215,1
3057,3055,1
4033,4892,1
5750,6613,1
680,1294,1
294,1106,1
1420,2396,1
6146,3153,1
3140,5747,1
2465,1156,1
2348,2707,1
5317,6752,1
1836,3521,1
1099,3034,1
1034,2394,1
6152,6146,1
6028,5932,1
756,3644,1
3618,2507,1
2270,3763,1
112,4463,1
5539,6399,1
1097,1365,1
4907,5554,1
5245,2815,1
5129,6608,1
2301,2658,1
5141,4813,1
3449,2348,1
253,2540,1
3082,2607,1
2099,2233,1
5123,4213,1
1131,1349,1
5329,4559,1
697,6195,1
5286,2348,1
320,2465,1
24,1803,1
3682,2348,1
6156,5488,1
1478,154,1
1062,1256,1
4451,5282,1
1763,575,1
1938,2427,1
5391,4272,1
1835,1892,1
5792,6024,1
286,1349,1
4935,4177,1
697,5127,1
422,2160,1
2658,2819,1
422,1237,1
13,2427,1
1062,1637,1
2815,2381,1
4226,4482,1
5218,6335,1
625,675,1
6702,6794,1
5129,3087,1
10,1703,1
36,271,1
5238,2315,1
1370,1386,1
1900,2540,1
287,915,1
4602,1820,1
515,512,1
10,2190,1
292,187,1
2044,1961,1
157,1747,1
2841,1493,1
2348,6281,1
2518,4535,1
2471,3541,1
3148,3845,1
286,622,1
10,2145,1
286,896,1
2366,2381,1
3678,2995,1
5470,3045,1
2707,3645,1
279,682,1
644,239,1
967,1208,1
10,1358,1
4700,6293,1
1050,2132,1
3303,3150,1
3504,2177,1
718,3034,1
1256,2010,1
5782,4177,1
546,2123,1
3143,5109,1
1917,1984,1
1979,2451,1
4700,5770,1
9,605,1
4228,3653,1
3660,2289,1
1919,930,1
372,618,1
1731,2063,1
5782,5289,1
1035,1594,1
1349,1492,1
2584,2583,1
28,383,1
6300,6667,1
203,373,1
3147,1961,1
4033,7029,1
1938,2250,1
3654,2172,1
578,398,1
422,4559,1
30,2533,1
1237,1014,1
279,950,1
1686,3685,1
1050,2758,1
4004,4687,1
1024,2287,1
8,774,1
20,1184,1
2871,3661,1
1050,2434,1
6358,6733,1
755,1730,1
13,561,1
3274,2893,1
5174,4852,1
645,933,1
3575,2975,1
138,815,1
604,3541,1
2204,2444,1
305,763,1
1471,1629,1
157,3529,1
1062,318,1
647,1398,1
3059,2738,1
3845,4063,1
4823,4696,1
1256,4930,1
4078,3124,1
2913,3563,1
398,789,1
2267,1471,1
1838,5256,1
93,5763,1
5512,5236,1
3799,3248,1
4552,2348,1
2431,3360,1
4444,4226,1
4430,5149,1
5783,5769,1
6147,1372,1
4617,4066,1
4613,5050,1
2037,2451,1
2017,1295,1
1961,3046,1
3151,2172,1
1668,2518,1
3672,3054,1
3148,3495,1
1909,1830,1
1458,1551,1
6155,3020,1
4892,6149,1
5677,5129,1
6016,5966,1
2427,3148,1
940,285,1
1314,2378,1
10,1192,1
624,1061,1
5674,4222,1
2395,2880,1
3885,3406,1
5698,4456,1
3456,3787,1
3059,3488,1
10,1644,1
286,598,1
2374,4068,1
1129,1294,1
718,604,1
3307,2091,1
701,962,1
2457,2381,1
67,287,1
2044,1828,1
681,373,1
719,1294,1
840,1184,1
3204,3521,1
1341,2566,1
2127,6218,1
24,69,1
238,1021,1
4631,4832,1
1934,1174,1
4897,5127,1
2471,3252,1
4892,5237,1
1366,1461,1
54,1493,1
285,2270,1
5548,5209,1
1961,5800,1
2287,2099,1
1139,489,1
5129,6203,1
756,4857,1
3980,2617,1
3546,3459,1
1416,910,1
3146,3134,1
972,1585,1
1208,1493,1
898,604,1
2301,5165,1
2261,2759,1
5539,3306,1
4582,2357,1
2478,3034,1
5795,4226,1
6176,5127,1
5129,7063,1
2071,4286,1
5141,6085,1
4315,4822,1
534,1299,1
4417,4443,1
1640,2372,1
701,857,1
4616,4377,1
292,604,1
4892,2815,1
4823,6123,1
6741,4477,1
5769,4836,1
10,1237,1
1450,853,1
3189,2044,1
2477,2908,1
4784,4226,1
1233,1023,1
28,5668,1
3316,2867,1
187,554,1
2127,1266,1
3940,3939,1
4116,3624,1
289,62,1
3145,3141,1
10,373,1
3360,3146,1
1375,794,1
3314,6302,1
1938,3148,1
105,5734,1
2488,962,1
3480,4291,1
1898,2381,1
4149,4479,1
4906,5179,1
1256,6349,1
697,6645,1
3147,3800,1
5043,4952,1
2622,3007,1
4607,1820,1
2323,3487,1
1900,2371,1
2746,5102,1
2761,4552,1
4477,5915,1
2372,778,1
78,4854,1
2787,2908,1
3087,6060,1
2997,3138,1
1740,2301,1
28,1395,1
2746,3901,1
28,1928,1
4606,5292,1
2101,2366,1
1178,3519,1
4892,4581,1
1002,656,1
2715,2343,1
719,3146,1
1447,2968,1
2348,2759,1
5680,4447,1
2425,3045,1
502,3901,1
1609,2425,1
2459,3073,1
2617,2172,1
2126,2163,1
5126,4981,1
2348,6420,1
3303,3301,1
1826,1486,1
972,398,1
222,51,1
2464,3301,1
1917,1471,1
2,612,1
1034,1096,1
1393,2328,1
5815,4672,1
6156,5317,1
972,1566,1
2916,3007,1
4455,4149,1
1420,1649,1
1895,2451,1
982,3475,1
285,1393,1
232,1404,1
1002,2057,1
4603,3781,1
4175,3140,1
6295,5734,1
3109,5165,1
2477,2648,1
1486,2697,1
5984,5983,1
4663,3885,1
2456,4535,1
1718,2397,1
4522,6537,1
1131,1306,1
1736,1730,1
1050,2057,1
2064,4456,1
1105,1634,1
2895,3630,1
1035,1707,1
81,1492,1
5058,5395,1
1034,1610,1
2166,2758,1
6922,6413,1
1040,1353,1
534,1418,1
3147,5222,1
126,3529,1
3701,4552,1
3387,3907,1
2270,2842,1
5219,5224,1
5403,5527,1
3189,3594,1
2463,756,1
902,3150,1
5176,6161,1
23,1238,1
5043,5792,1
4051,2158,1
2159,1649,1
4489,4561,1
340,5102,1
2548,698,1
1585,1802,1
3314,6180,1
6465,6218,1
112,2511,1
216,4648,1
2348,383,1
6156,6565,1
5780,5145,1
2519,2516,1
3904,4335,1
1370,1168,1
697,239,1
1909,2190,1
3039,2908,1
5292,3585,1
904,3521,1
112,3176,1
1653,4068,1
105,1393,1
1471,4912,1
917,1643,1
1356,916,1
3446,4164,1
3464,4097,1
8,505,1
3150,4541,1
484,64,1
902,1420,1
1156,1471,1
1420,1471,1
2746,4788,1
5523,4730,1
3643,3751,1
2427,2617,1
217,24,1
4548,2572,1
1029,1128,1
2939,2044,1
863,2767,1
4275,4648,1
157,1254,1
5637,6820,1
4607,4064,1
398,2787,1
3921,4587,1
3381,2607,1
3303,2427,1
3147,1542,1
2707,3295,1
3004,2648,1
2476,2425,1
669,5209,1
4078,4878,1
1894,2970,1
1734,2202,1
284,1578,1
4617,2657,1
1608,1501,1
1007,1682,1
4606,5222,1
1761,379,1
6038,6876,1
2294,1315,1
3410,3287,1
2127,2366,1
2841,3644,1
1248,2357,1
4427,3644,1
2044,3967,1
4943,5555,1
2326,5019,1
6825,3585,1
99,1456,1
904,2872,1
307,64,1
2287,3488,1
4477,5425,1
237,733,1
3678,4066,1
5127,4414,1
1961,3334,1
1699,4782,1
5145,5735,1
864,1405,1
1351,1724,1
2476,3046,1
285,1094,1
4543,4033,1
1487,1793,1
5674,3153,1
1050,3392,1
2586,1298,1
1050,863,1
4222,817,1
910,762,1
3267,5167,1
2763,1649,1
2657,3124,1
6152,6645,1
78,64,1
2867,3059,1
6379,5534,1
912,2580,1
6930,6777,1
10,3867,1
3316,2607,1
1244,1063,1
1110,3045,1
1062,5474,1
2465,3653,1
3150,3033,1
5572,6244,1
1415,703,1
2044,2294,1
3138,2018,1
138,641,1
1420,930,1
3647,14,1
1014,1923,1
2463,3287,1
10,48,1
294,533,1
16,247,1
5574,4287,1
1244,2847,1
3333,3059,1
20,2010,1
1002,2066,1
1824,2038,1
2758,3645,1
4613,5395,1
2169,1501,1
1001,1393,1
1420,2564,1
6178,7109,1
4199,3845,1
2769,2062,1
1002,4177,1
5469,4981,1
2202,3956,1
2908,4480,1
422,5493,1
4477,4256,1
5101,4605,1
6549,6026,1
4608,1593,1
294,1432,1
1485,1594,1
1050,2600,1
2722,2758,1
6206,5488,1
157,6737,1
575,1453,1
2459,2600,1
2756,2427,1
5127,7109,1
2343,3912,1
5493,1972,1
10,1887,1
2522,5480,1
3459,3781,1
1272,1830,1
2043,2752,1
4576,4256,1
4596,14,1
2101,778,1
270,29,1
4892,5966,1
5471,5430,1
3057,2375,1
6156,5289,1
18,510,1
28,6195,1
3140,4499,1
2202,14,1
6131,4522,1
3143,5593,1
1675,4108,1
5881,5929,1
6369,5127,1
1142,1131,1
857,1366,1
1105,5736,1
391,2864,1
5292,5586,1
5708,5155,1
1349,3150,1
755,2855,1
5181,4226,1
3059,3316,1
1938,1509,1
1415,2572,1
1205,1589,1
2430,2740,1
1306,1923,1
1562,1237,1
1415,1811,1
6176,3009,1
3788,3647,1
5786,5043,1
5148,142,1
4374,2476,1
5634,4720,1
6147,6349,1
3092,2430,1
117,405,1
1233,1124,1
2431,4641,1
2041,874,1
2287,3150,1
485,43,1
6636,6650,1
3147,3672,1
3464,2617,1
4606,4444,1
1761,1892,1
76,1128,1
1142,1448,1
769,859,1
3165,4066,1
5123,4033,1
4899,5479,1
743,4561,1
981,1515,1
983,2427,1
1609,2980,1
1139,751,1
1672,3109,1
5983,6993,1
57,3315,1
2261,2066,1
10,2140,1
1627,2531,1
6438,6437,1
4892,4836,1
4856,4118,1
292,797,1
4230,4310,1
972,1299,1
1578,2083,1
3745,3059,1
1949,2176,1
3143,4424,1
6412,6614,1
525,1593,1
5669,5871,1
3189,4233,1
2786,3679,1
5127,4537,1
1166,1730,1
1002,2349,1
898,1330,1
4617,5738,1
2607,2756,1
6496,6619,1
1248,2467,1
2463,1675,1
3148,3563,1
10,677,1
2658,1295,1
1763,187,1
4377,5630,1
35,1170,1
4300,4108,1
3701,4335,1
3753,6029,1
6176,6413,1
2459,4033,1
1945,3818,1
196,815,1
5539,6332,1
7064,7063,1
422,2867,1
2048,863,1
900,638,1
3248,3763,1
5029,5247,1
1418,2556,1
4618,4930,1
4430,3303,1
28,498,1
10,372,1
2377,1937,1
4447,6777,1
28,668,1
6136,5792,1
1320,1424,1
5713,6916,1
2088,2287,1
122,4720,1
10,1432,1
2457,3867,1
4624,3885,1
1001,2127,1
1268,1631,1
5786,6351,1
1366,2062,1
5,665,1
4477,5554,1
3153,4922,1
1349,5534,1
1044,1064,1
2420,2381,1
1578,2499,1
3147,4672,1
5176,4482,1
3929,4007,1
1002,2970,1
2289,3627,1
5043,4910,1
6300,4835,1
2127,4213,1
4469,5983,1
697,2531,1
743,2125,1
1032,1593,1
422,1095,1
77,719,1
5551,4628,1
3287,3867,1
3990,4477,1
2912,3124,1
5278,6218,1
743,3598,1
41,5480,1
3156,2250,1
292,755,1
2786,6876,1
4552,3701,1
10,1,1
1032,5324,1
5073,4924,1
5727,3306,1
792,271,1
973,1742,1
2505,5282,1
2478,3040,1
5129,5763,1
1940,3845,1
697,896,1
967,846,1
119,1370,1
641,826,1
6148,2810,1
286,281,1
3092,1493,1
1672,1366,1
1682,1795,1
697,2435,1
28,1064,1
285,857,1
5672,2295,1
697,1613,1
1105,1124,1
57,340,1
1356,1143,1
2946,2571,1
4965,5167,1
2372,3630,1
318,694,1
3794,5194,1
916,2071,1
4617,6218,1
5832,5420,1
66,387,1
118,6598,1
1979,1835,1
483,2742,1
4552,2956,1
1727,853,1
681,2064,1
200,535,1
5912,6405,1
5,1623,1
4172,4177,1
1133,1056,1
157,2018,1
4607,2522,1
251,2122,1
3210,2787,1
4542,4543,1
279,883,1
1303,1761,1
5356,5555,1
2973,2191,1
3153,4676,1
5307,4730,1
4479,2760,1
284,641,1
3587,1627,1
1672,3301,1
284,679,1
5127,5925,1
640,896,1
6426,6173,1
5061,6230,1
7051,7048,1
755,1684,1
405,239,1
4831,5027,1
5181,4867,1
1035,398,1
4677,2273,1
5,510,1
6299,5827,1
2763,2908,1
3336,4064,1
1684,2057,1
1139,1172,1
5539,6920,1
4824,6334,1
5129,5414,1
50,838,1
1344,1353,1
2585,2563,1
1056,794,1
1168,1420,1
4943,5871,1
2765,3019,1
2897,3195,1
9,598,1
743,2864,1
2258,3845,1
294,952,1
5734,6180,1
723,5613,1
1063,1591,1
4722,3529,1
4543,3984,1
2348,3152,1
3147,3464,1
5073,5185,1
2431,4621,1
133,511,1
3465,3331,1
2204,2343,1
2126,2506,1
1415,1655,1
154,1172,1
4616,4850,1
1424,1892,1
244,163,1
2377,2038,1
10,3521,1
2350,1256,1
5534,5430,1
410,2451,1
6308,6029,1
983,1398,1
4522,5827,1
294,4648,1
1478,1936,1
5264,6614,1
1519,1106,1
2764,2607,1
373,962,1
1394,3842,1
697,1629,1
1471,1330,1
118,208,1
3746,2518,1
1306,2673,1
3541,2315,1
719,292,1
1359,755,1
3794,4077,1
6146,6107,1
765,187,1
817,645,1
2327,2349,1
3701,3307,1
4827,5987,1
1829,1676,1
3701,5026,1
3147,4403,1
5043,5496,1
3654,4569,1
6955,5925,1
5043,3529,1
1420,1703,1
4068,6614,1
2666,2315,1
4853,4118,1
2463,4427,1
1184,29,1
1420,3644,1
2548,6065,1
3328,2471,1
3488,4283,1
19,1611,1
2347,3781,1
154,1423,1
2505,2315,1
1233,237,1
392,474,1
3776,3644,1
1949,1830,1
817,3644,1
292,1364,1
2707,5050,1
5782,5800,1
967,5209,1
4417,4403,1
4149,5329,1
6810,7048,1
2330,1795,1
1553,1584,1
3853,4129,1
1256,4722,1
128,600,1
48,379,1
6454,7048,1
2270,2357,1
3662,2831,1
2469,2457,1
1306,2062,1
1062,4981,1
3172,1141,1
1035,2764,1
3293,2270,1
5617,5134,1
1110,948,1
1605,2756,1
3145,3580,1
4430,1141,1
4600,3649,1
604,1136,1
2270,4535,1
3150,3529,1
1458,1555,1
1984,3138,1
1082,891,1
6059,6565,1
4910,4627,1
1961,1515,1
4604,4552,1
3556,2291,1
2032,2956,1
3102,3108,1
904,2331,1
6155,3087,1
4377,3446,1
398,1602,1
285,2533,1
1256,7048,1
5360,4559,1
3305,2430,1
164,660,1
3004,4063,1
4149,4219,1
6553,142,1
5037,4677,1
6146,5870,1
3799,3781,1
5777,1235,1
822,1610,1
1625,3347,1
4717,3306,1
19,552,1
1356,1670,1
422,5026,1
2705,4504,1
5149,4813,1
2548,5554,1
638,2970,1
2425,669,1
3149,4177,1
817,1742,1
270,1453,1
2563,1892,1
135,5871,1
391,6437,1
2705,5405,1
5581,3153,1
1277,1591,1
1478,1529,1
5670,5149,1
1471,669,1
29,0,1
697,5126,1
4417,4032,1
2090,2492,1
1263,864,1
3313,2829,1
57,381,1
6433,5633,1
3261,6161,1
6393,5966,1
5150,6479,1
3085,2099,1
2617,2394,1
1835,1923,1
4188,1372,1
3286,3360,1
3682,3316,1
5286,4576,1
3885,2172,1
1256,5706,1
1625,2366,1
287,48,1
1063,2451,1
4463,5782,1
680,14,1
1233,1682,1
4613,5293,1
2425,5165,1
4430,4222,1
105,5129,1
5991,3445,1
697,1802,1
1669,5401,1
1040,3956,1
4738,7029,1
2126,3769,1
10,3464,1
10,5864,1
5786,4581,1
422,3189,1
2463,4193,1
1478,1050,1
3854,4988,1
4342,4335,1
794,1395,1
128,681,1
5,1349,1
310,339,1
197,911,1
310,552,1
62,1276,1
4222,3701,1
1949,1515,1
4108,5738,1
3997,3334,1
5137,5590,1
251,1681,1
3314,5792,1
1420,910,1
6420,6619,1
4566,4272,1
1063,1795,1
609,1258,1
169,6059,1
2348,3252,1
5161,5624,1
3143,2867,1
3004,4875,1
1050,5767,1
4892,5590,1
4608,5224,1
1761,2053,1
713,781,1
2738,3972,1
3681,5666,1
138,668,1
3996,6546,1
3406,3845,1
285,903,1
2032,1562,1
1961,2665,1
4194,2250,1
1256,4828,1
3647,1585,1
3313,5613,1
1277,822,1
4892,3475,1
3464,2657,1
39,794,1
644,14,1
3441,4463,1
3147,3134,1
2348,6015,1
1487,4850,1
3314,5474,1
6,1761,1
1447,2123,1
1365,1364,1
4892,4482,1
2768,2815,1
5051,4033,1
701,5152,1
743,1168,1
587,883,1
6029,4627,1
5539,3486,1
3059,3645,1
5145,4981,1
4332,4480,1
2044,4312,1
6310,5317,1
2666,3387,1
2261,2970,1
1870,2323,1
5176,5666,1
1050,6380,1
4467,4427,1
3594,5864,1
3990,6591,1
719,4079,1
6568,6415,1
2164,6001,1
575,3020,1
279,1039,1
1664,2583,1
4894,669,1
5309,4219,1
1363,2397,1
4310,4602,1
872,696,1
2348,4504,1
3261,6001,1
2707,2044,1
4222,2172,1
6817,7021,1
2043,2970,1
4300,4621,1
2126,3848,1
3143,5034,1
3277,3128,1
5138,5624,1
1341,2381,1
3077,4226,1
1585,5125,1
4942,2522,1
4222,4299,1
2164,4552,1
1056,857,1
2357,3134,1
4430,5026,1
5792,6693,1
1547,2425,1
698,719,1
1416,2533,1
76,883,1
1435,2855,1
641,933,1
2377,2582,1
3662,4007,1
2287,2735,1
3982,4063,1
2169,4930,1
1982,2315,1
1670,1358,1
1106,1050,1
2334,2556,1
6377,5092,1
2657,2477,1
2164,2544,1
294,1408,1
1420,1795,1
2397,3585,1
762,1566,1
6780,4537,1
1420,3242,1
287,1923,1
2707,5641,1
4857,4676,1
1363,2381,1
2348,3453,1
2912,3360,1
318,316,1
4100,4064,1
5129,3672,1
697,5105,1
1447,270,1
591,852,1
5956,5563,1
2703,1192,1
1235,1770,1
743,2434,1
1938,2702,1
860,262,1
1690,2575,1
3143,3800,1
160,1082,1
4542,3649,1
3013,2444,1
1032,2548,1
3173,2294,1
1625,2759,1
2123,3134,1
1890,1952,1
2463,4952,1
3654,4217,1
1938,910,1
697,2177,1
279,2673,1
10,1903,1
5329,4634,1
669,2172,1
157,2125,1
2742,2575,1
1351,1730,1
1141,4945,1
1940,4518,1
3800,3134,1
1370,2375,1
3739,3464,1
1002,6429,1
2348,4420,1
6682,3644,1
2463,3059,1
4597,2815,1
2457,2099,1
530,3691,1
973,5742,1
1242,1676,1
6188,6084,1
4543,5966,1
36,675,1
6685,6722,1
77,5058,1
680,638,1
529,1500,1
1664,1266,1
1256,5058,1
4984,4226,1
3152,2697,1
48,533,1
66,1514,1
4608,2064,1
2926,1156,1
1105,1730,1
2607,3531,1
3009,6180,1
853,1703,1
1050,5292,1
2323,3926,1
2260,2066,1
5680,6026,1
3644,5034,1
172,598,1
865,51,1
1824,1835,1
5029,2079,1
422,5073,1
286,1682,1
3360,2575,1
2997,3242,1
5150,4447,1
0,168,1
2431,1828,1
2575,1881,1
3794,2079,1
1890,2127,1
910,1923,1
1853,3521,1
3406,3861,1
6371,5966,1
362,254,1
1773,3108,1
4299,4424,1
751,820,1
3410,4961,1
4261,3508,1
546,1664,1
857,1448,1
5870,2680,1
2721,4606,1
3058,669,1
3647,3307,1
6096,6722,1
2463,2511,1
422,5593,1
310,805,1
1032,3002,1
4312,4552,1
4248,3059,1
4602,4177,1
2492,2270,1
1032,3598,1
6147,6637,1
1851,3280,1
1151,373,1
2676,3140,1
5129,4581,1
3106,4077,1
1625,2546,1
3124,2893,1
5713,6904,1
2425,891,1
902,1355,1
4444,4517,1
3733,2389,1
934,2444,1
2803,2765,1
3242,2444,1
3150,4587,1
5771,1285,1
389,1607,1
3904,669,1
285,1355,1
10,1173,1
1496,1519,1
20,125,1
4430,4066,1
4075,2191,1
277,48,1
2290,2765,1
4892,5145,1
4067,3320,1
3678,4499,1
1961,5534,1
947,891,1
111,2732,1
1050,1421,1
6029,7005,1
1034,2371,1
2372,2071,1
132,332,1
4172,1627,1
2063,2172,1
34,0,1
3662,5256,1
5792,6830,1
3919,4216,1
701,957,1
697,3842,1
78,1467,1
3314,6020,1
2601,2533,1
3261,6047,1
4606,6306,1
3587,5129,1
23,3140,1
4171,5132,1
3446,4705,1
2359,1509,1
1168,1259,1
3189,6149,1
3766,3763,1
10,1035,1
2348,5209,1
10,1450,1
4606,4945,1
3336,1080,1
310,210,1
2322,2191,1
1172,2250,1
3087,5376,1
29,346,1
2836,3529,1
422,719,1
172,210,1
986,237,1
1366,1892,1
2209,2702,1
54,587,1
3150,5706,1
5769,6595,1
6096,6792,1
1034,1796,1
2177,4459,1
2657,2867,1
1370,3475,1
697,3585,1
1062,2138,1
3306,3781,1
3109,1585,1
2975,4558,1
3244,2467,1
2357,3581,1
692,915,1
4417,3984,1
3097,3287,1
2767,3242,1
2127,5209,1
1256,3235,1
2994,2381,1
273,331,1
1150,2204,1
2127,5966,1
4599,5800,1
279,888,1
3303,2607,1
1494,1493,1
10,3531,1
2717,7063,1
695,4517,1
5148,2233,1
157,4854,1
674,76,1
279,817,1
1471,1035,1
422,669,1
2079,6598,1
1820,5539,1
2431,6149,1
52,739,1
1277,2546,1
294,5131,1
4548,3598,1
4613,2747,1
5786,5514,1
2505,5292,1
4213,1351,1
788,2815,1
2062,2287,1
2486,3751,1
2171,2190,1
3313,4108,1
3286,3627,1
5176,3306,1
576,1215,1
4263,7029,1
253,749,1
2465,5179,1
6635,6151,1
4066,2301,1
369,391,1
2342,1178,1
2395,2294,1
4532,3529,1
902,2381,1
864,6029,1
23,346,1
2173,3004,1
6119,5921,1
197,1363,1
2059,3205,1
4910,4892,1
912,1830,1
1661,1658,1
96,281,1
6056,3303,1
2323,1828,1
105,4456,1
2787,1315,1
10,4569,1
3124,4606,1
1056,1172,1
1415,5426,1
982,4213,1
2707,3446,1
5306,3189,1
4226,6653,1
2,139,1
2946,669,1
3701,4979,1
3059,3627,1
69,599,1
24,906,1
3059,4108,1
5,1320,1
5918,5782,1
3360,3624,1
34,69,1
3453,4283,1
1420,2032,1
284,2122,1
4149,3800,1
4597,1655,1
1524,1830,1
2431,2430,1
957,2459,1
281,1168,1
5571,5687,1
6152,7048,1
2471,2738,1
4627,5770,1
3143,4517,1
2123,2004,1
1471,2968,1
1404,1405,1
4078,553,1
3444,5420,1
1447,2331,1
81,848,1
3990,3529,1
3157,2863,1
5769,5222,1
626,5117,1
4734,6861,1
1256,2658,1
2717,4131,1
1458,1320,1
3857,2908,1
743,2293,1
4910,1420,1
1530,1492,1
5138,5983,1
3884,5232,1
1639,3046,1
5145,5904,1
525,6420,1
3189,4508,1
1062,2294,1
2348,2761,1
1578,1839,1
1105,2438,1
1050,1944,1
3059,3301,1
4705,4850,1
942,571,1
6560,3679,1
5782,6307,1
3722,3598,1
4672,5534,1
6210,3644,1
3446,4108,1
576,5145,1
5769,6864,1
398,1096,1
2467,5125,1
1356,1944,1
286,1365,1
1034,2202,1
2908,2294,1
3649,5590,1
4663,3529,1
1370,2855,1
1220,853,1
5102,6173,1
1172,2604,1
3654,2735,1
2866,2740,1
1205,4131,1
4892,5194,1
169,3153,1
422,4213,1
5412,5405,1
2377,2477,1
1034,1814,1
5252,6306,1
23,14,1
3737,3097,1
5,1437,1
4617,6479,1
157,2128,1
3610,1130,1
67,581,1
3800,3647,1
4599,4627,1
3305,2838,1
656,891,1
1272,1297,1
4892,3729,1
1348,14,1
4477,6015,1
1877,1559,1
502,1810,1
756,2127,1
5522,5633,1
2707,3033,1
697,4414,1
6415,4477,1
6265,3392,1
5957,5563,1
1797,1796,1
4226,4606,1
10,1658,1
3307,2732,1
2505,4672,1
2261,2438,1
3087,6335,1
2101,4108,1
1088,4007,1
2468,2331,1
422,1003,1
6426,6087,1
2164,4525,1
1625,14,1
340,3446,1
4552,5933,1
2083,2381,1
232,711,1
2372,3033,1
3394,1184,1
3169,3301,1
6405,3644,1
2833,1853,1
1002,1260,1
284,1096,1
1256,2004,1
310,1704,1
251,2451,1
1106,1253,1
10,521,1
5686,2956,1
4427,4641,1
743,2169,1
1105,3581,1
2048,1984,1
912,749,1
10,2799,1
4417,1655,1
10,1988,1
1235,1657,1
3147,4617,1
1532,1937,1
1256,6389,1
118,347,1
4603,4610,1
2463,4535,1
1408,1404,1
372,6181,1
5414,3189,1
289,616,1
1359,1128,1
4618,4164,1
4613,5668,1
4149,5431,1
4463,6429,1
3030,1950,1
5493,6650,1
1348,3956,1
6146,5431,1
1471,1935,1
4616,5983,1
4335,4552,1
4377,4930,1
2648,2372,1
1811,2291,1
2758,3541,1
3238,3504,1
912,4118,1
1928,3849,1
3441,3045,1
2572,694,1
1235,1330,1
154,1602,1
5,26,1
6029,5488,1
1106,2976,1
3145,3866,1
369,363,1
1451,864,1
3466,3870,1
1193,1386,1
697,5087,1
718,2375,1
3746,2370,1
1627,2328,1
4909,3150,1
2270,5228,1
4033,5613,1
2270,2868,1
105,7080,1
3109,5247,1
3313,5129,1
4603,4854,1
6050,5185,1
6259,5105,1
6489,6334,1
2507,3242,1
24,660,1
6302,6998,1
2209,3046,1
1002,2765,1
1002,6024,1
6632,4773,1
4576,3360,1
4522,4677,1
3747,3849,1
5139,5782,1
6192,2600,1
2389,3152,1
5236,4606,1
11,474,1
2742,2124,1
2926,2457,1
2463,2381,1
536,785,1
2912,4787,1
1097,1471,1
4608,4852,1
4433,5628,1
3140,4172,1
3313,3672,1
371,51,1
1174,2270,1
4180,5666,1
3637,3763,1
105,4576,1
6095,4687,1
927,774,1
4784,6733,1
5859,5185,1
398,6454,1
1256,271,1
5043,2348,1
279,2459,1
4377,5496,1
884,6038,1
3147,5916,1
1984,2133,1
3313,1542,1
2099,3046,1
6121,6776,1
111,778,1
4430,5763,1
5222,4605,1
1034,1143,1
10,608,1
197,1590,1
904,2394,1
2810,2371,1
1763,1669,1
6214,5207,1
2890,4177,1
2463,2847,1
3313,6047,1
1450,1519,1
2913,2425,1
2270,1201,1
1151,1386,1
5043,3045,1
1131,1299,1
6308,6202,1
2386,2381,1
3085,3195,1
5185,6591,1
4522,4988,1
2334,2202,1
4598,4606,1
1363,1500,1
3921,2815,1
2738,891,1
2758,2270,1
1432,1260,1
57,3320,1
6422,6510,1
6574,6202,1
4332,4420,1
1027,505,1
696,2287,1
5997,5127,1
4374,4335,1
2001,1014,1
157,963,1
5648,5058,1
3444,1961,1
1063,1796,1
157,1168,1
6220,2956,1
1418,2371,1
2272,3680,1
1420,3446,1
1110,5628,1
6096,5612,1
2397,6733,1
2177,3701,1
2101,2348,1
1168,2428,1
1141,271,1
4943,5474,1
2348,1950,1
934,1061,1
972,898,1
2099,2467,1
216,163,1
2705,2191,1
2099,4945,1
981,891,1
3143,5070,1
3921,4064,1
1672,2997,1
5102,6510,1
3044,3255,1
2126,2315,1
4315,3956,1
656,1128,1
1420,2522,1
2348,2323,1
2459,4219,1
192,645,1
4613,5087,1
4776,4617,1
743,2397,1
4943,4443,1
2191,3563,1
5941,7029,1
917,1988,1
902,2057,1
1370,3647,1
192,624,1
169,4672,1
6150,3153,1
2656,5293,1
1208,2540,1
155,2140,1
76,1534,1
5720,4924,1
1408,1761,1
2287,3148,1
576,864,1
2707,4217,1
1951,5668,1
4522,6307,1
2323,1420,1
285,1804,1
6182,6585,1
1098,2790,1
1256,5061,1
624,1278,1
1062,4822,1
4859,1351,1
697,2818,1
4300,3168,1
4543,5292,1
3678,3997,1
2261,1501,1
982,5987,1
5769,6990,1
701,1063,1
3336,5282,1
3812,4131,1
1609,2273,1
2126,2223,1
2617,2970,1
1168,1355,1
99,4910,1
2043,862,1
4602,3644,1
1420,767,1
2382,4788,1
1341,2127,1
1060,5292,1
1174,2691,1
4068,3140,1
4051,4517,1
2123,1682,1
2302,1064,1
3212,2980,1
2764,1594,1
4599,5228,1
54,1201,1
718,3073,1
1763,3873,1
1929,2381,1
490,4672,1
1814,2053,1
2427,3320,1
1969,971,1
5286,817,1
4222,4552,1
1035,2787,1
3446,3059,1
111,2787,1
2270,3152,1
3138,5987,1
1625,373,1
2205,2287,1
4039,2956,1
1244,1027,1
3990,5126,1
2063,5050,1
4463,5165,1
279,587,1
1938,669,1
2690,2328,1
3248,2127,1
1589,1730,1
5445,14,1
4576,4123,1
2548,2850,1
4773,4813,1
294,239,1
6683,6038,1
4648,5026,1
6669,3644,1
2721,4999,1
2377,2378,1
4892,6645,1
1450,1915,1
5144,4287,1
2382,2323,1
5605,5916,1
3330,2348,1
1938,2428,1
1050,379,1
2063,3141,1
10,1509,1
1233,2066,1
2705,2301,1
983,2371,1
2463,3222,1
5803,5800,1
2707,5743,1
2731,1493,1
3163,2799,1
205,1835,1
2338,2702,1
2657,2575,1
1351,187,1
1192,2707,1
2348,3247,1
6151,5925,1
1619,4672,1
755,2665,1
5292,5641,1
3150,3541,1
3086,6173,1
362,1761,1
270,4787,1
792,693,1
1116,3457,1
1420,693,1
4910,5405,1
6050,5792,1
560,634,1
4677,4930,1
3178,1351,1
746,5426,1
604,605,1
141,342,1
10,2183,1
2348,2750,1
2467,5624,1
2548,2124,1
208,357,1
2270,3301,1
546,6916,1
2585,3316,1
2431,884,1
4377,4518,1
2044,2430,1
4717,5668,1
6305,6178,1
2518,2301,1
422,5942,1
5139,4700,1
3681,2563,1
3672,4079,1
5043,5904,1
1477,187,1
2041,2361,1
4848,4427,1
3265,3059,1
576,588,1
10,3045,1
3336,3849,1
3153,5109,1
3237,3521,1
2600,2289,1
57,363,1
5176,6861,1
28,3347,1
2296,1197,1
833,1028,1
1415,4910,1
2287,3555,1
718,4350,1
930,3904,1
1763,2665,1
2607,2191,1
5144,5590,1
2044,4131,1
4910,3585,1
5769,4444,1
1485,1664,1
2425,2017,1
2781,3581,1
28,4097,1
22,615,1
1192,1264,1
409,24,1
3044,1605,1
490,4007,1
1002,2048,1
4468,4722,1
4974,6180,1
3444,4525,1
1969,1793,1
4078,3701,1
2761,3624,1
1131,1424,1
801,29,1
1937,2296,1
2572,2583,1
1192,780,1
3109,3445,1
1669,3153,1
2061,1803,1
1478,1405,1
4210,4283,1
3990,2657,1
6146,5612,1
3082,2127,1
1653,4602,1
2447,2348,1
5038,5105,1
1139,735,1
1001,2815,1
3004,2397,1
4607,6056,1
1420,2471,1
3020,2431,1
2270,2697,1
2463,2742,1
6147,6794,1
76,1386,1
769,2204,1
891,4444,1
944,1064,1
145,139,1
911,3521,1
1996,4552,1
2742,2758,1
3305,2507,1
2164,4828,1
78,5132,1
872,950,1
3143,3459,1
4437,6024,1
862,1944,1
3336,4535,1
6084,5107,1
743,2669,1
1704,1014,1
3395,2548,1
3427,3452,1
1763,2258,1
2301,5735,1
5713,5854,1
3618,669,1
2191,1960,1
3314,3644,1
1969,1562,1
1928,3971,1
3248,2747,1
4897,3445,1
3314,5871,1
4892,5736,1
2779,1493,1
2372,1940,1
5701,2600,1
3441,5109,1
24,203,1
1348,3541,1
3140,4463,1
1951,2752,1
1509,1450,1
6056,5146,1
284,1503,1
1168,888,1
76,262,1
697,2382,1
5232,4664,1
4723,4988,1
5301,6180,1
713,1682,1
5769,5414,1
292,875,1
743,2090,1
2164,6614,1
2753,6798,1
2430,1184,1
422,1681,1
2461,1594,1
4522,5151,1
5634,5966,1
671,660,1
2767,383,1
253,739,1
5328,2079,1
3172,2444,1
2857,2855,1
1306,1106,1
719,1655,1
1506,14,1
1140,588,1
5043,4801,1
5123,5766,1
6669,6307,1
2746,5061,1
755,51,1
2427,2397,1
1394,2787,1
391,5966,1
756,2301,1
3156,1351,1
4267,2126,1
1627,3287,1
4543,6429,1
1256,2301,1
5493,4522,1
5512,5539,1
26,482,1
4522,4621,1
41,1643,1
920,6650,1
1050,2855,1
118,2044,1
4417,5065,1
1940,1485,1
1818,910,1
4267,4291,1
3929,2831,1
3313,4517,1
725,937,1
163,4033,1
2458,3034,1
157,1208,1
5043,2223,1
1555,2759,1
6358,6180,1
2260,2451,1
105,6050,1
698,546,1
1183,743,1
1398,1529,1
5138,3045,1
4144,3150,1
2871,3169,1
2327,2323,1
2763,3581,1
2357,4129,1
24,254,1
1627,2315,1
2707,1950,1
5043,5165,1
1420,3109,1
1032,4817,1
528,2250,1
616,690,1
3737,3866,1
4164,3140,1
2740,3242,1
5782,2348,1
111,2250,1
4522,3446,1
1940,2815,1
724,725,1
1645,6752,1
2792,2032,1
205,5628,1
5792,6510,1
2348,4641,1
972,762,1
1589,1095,1
1349,888,1
1105,1520,1
422,2183,1
154,22,1
3610,3630,1
1408,2740,1
5129,7068,1
1298,2970,1
2101,51,1
1408,2698,1
6805,7029,1
2048,2287,1
1961,4787,1
697,6248,1
18,24,1
3314,4033,1
2467,5256,1
624,1253,1
2764,2270,1
1608,3169,1
28,6809,1
4601,4999,1
2127,2315,1
4479,4517,1
2798,2381,1
1032,4979,1
76,1064,1
3610,2697,1
1667,3073,1
3794,3150,1
4962,4823,1
1664,962,1
4417,2544,1
306,373,1
3155,3873,1
2705,2706,1
4617,3261,1
3775,4823,1
5634,3926,1
6560,4961,1
3150,4552,1
6811,6302,1
961,701,1
6096,5734,1
2457,2127,1
3781,1892,1
1256,5293,1
3665,2533,1
2348,3334,1
2382,4979,1
126,4064,1
159,875,1
5126,5624,1
61,1890,1
5317,5376,1
285,1062,1
2164,2079,1
2348,4787,1
3084,1184,1
3154,4605,1
6386,5966,1
6567,2956,1
32,747,1
3207,4517,1
4149,1351,1
4305,2158,1
2425,2397,1
1945,1960,1
6114,5929,1
5161,5641,1
3148,3763,1
1298,2567,1
2814,3981,1
4830,5772,1
4616,6203,1
1014,656,1
2740,1244,1
877,962,1
1909,1761,1
1233,695,1
3617,2018,1
4612,669,1
2159,2492,1
6454,6180,1
662,1094,1
4,153,1
2338,2123,1
4738,6114,1
294,4610,1
4417,6735,1
3248,3866,1
5539,5784,1
4568,4558,1
1420,3160,1
2287,4312,1
1668,2018,1
1699,5738,1
1609,3630,1
912,2057,1
2348,6538,1
862,2570,1
3204,2301,1
3086,6733,1
2742,553,1
4892,6180,1
1435,2176,1
3710,3861,1
3336,3465,1
3145,1238,1
270,1486,1
2327,2434,1
2290,2202,1
2348,6293,1
3325,2735,1
853,780,1
2752,2746,1
3150,4031,1
2868,2863,1
2703,2373,1
560,570,1
105,2074,1
4597,4988,1
7017,6735,1
277,1802,1
2470,3007,1
23,2855,1
897,1463,1
4705,5087,1
1917,962,1
4892,4850,1
971,1272,1
286,48,1
1136,1795,1
5289,6248,1
4239,4210,1
4677,3096,1
99,4606,1
2084,1415,1
1420,1135,1
3668,3870,1
1686,3242,1
5420,5058,1
2506,2507,1
2792,575,1
1027,3109,1
1018,1059,1
1277,2343,1
2444,2976,1
4490,2735,1
2995,3148,1
1024,2191,1
6122,5925,1
2382,3904,1
5786,5563,1
73,64,1
2457,3591,1
669,3981,1
743,1463,1
1594,2046,1
6687,6686,1
5238,5983,1
1420,2166,1
6029,4511,1
2126,3176,1
1759,1760,1
1106,1393,1
5870,5827,1
4606,6059,1
2348,6403,1
4456,5127,1
954,5505,1
5870,6050,1
3316,3301,1
4892,6585,1
1471,2564,1
6151,5139,1
1105,694,1
918,719,1
490,2017,1
910,1061,1
3747,4063,1
2202,2760,1
4809,4427,1
3771,3444,1
422,822,1
3598,3150,1
5176,4226,1
1885,1421,1
20,262,1
2742,1594,1
3168,2427,1
216,598,1
5002,5734,1
1938,3108,1
2617,1244,1
6790,6302,1
4664,4892,1
6180,6281,1
4603,2572,1
3173,1567,1
279,634,1
5132,5772,1
5680,3410,1
4705,4098,1
1393,910,1
5474,6479,1
1366,1607,1
4180,3306,1
5138,5911,1
4597,4617,1
3164,3160,1
5782,5586,1
3152,4077,1
3331,3242,1
3082,2492,1
3464,2373,1
3997,2191,1
3990,6190,1
1615,2293,1
197,1602,1
656,1594,1
6213,5929,1
3313,3703,1
2705,2702,1
2742,1828,1
34,27,1
3306,5131,1
3206,3189,1
41,2191,1
155,3255,1
4068,5933,1
294,4912,1
3781,669,1
2357,2191,1
19,281,1
4664,3315,1
1040,910,1
4537,7062,1
1105,696,1
3990,3581,1
5102,6884,1
2897,1605,1
2261,1156,1
4756,4808,1
5464,3984,1
2459,817,1
284,1602,1
303,64,1
48,871,1
4033,3644,1
4194,4210,1
1763,1734,1
4116,5770,1
4149,5376,1
4542,6585,1
3313,5996,1
4664,4610,1
3189,4587,1
697,1493,1
294,755,1
2250,2287,1
157,1814,1
221,217,1
99,3055,1
165,332,1
3164,1605,1
284,4892,1
4610,817,1
2531,4561,1
3750,2427,1
697,5474,1
588,379,1
1900,2071,1
697,2431,1
1553,2665,1
2465,2381,1
910,1404,1
765,751,1
1421,1589,1
5396,5624,1
904,2467,1
4910,4952,1
2687,1613,1
286,872,1
1553,884,1
2064,3045,1
2294,1295,1
42,357,1
205,719,1
2463,2767,1
1035,1253,1
4694,553,1
4616,4910,1
1818,1734,1
5141,7109,1
345,2058,1
743,1664,1
1418,656,1
78,698,1
6028,2600,1
4335,2370,1
4332,3781,1
157,1395,1
111,1420,1
2260,2731,1
1063,1208,1
3929,2301,1
1415,4892,1
2867,2017,1
154,1258,1
3314,4508,1
3143,2301,1
1256,3581,1
4616,5586,1
54,139,1
4430,2295,1
4426,4431,1
2397,2381,1
2209,1681,1
2003,6026,1
1731,2018,1
2173,3816,1
1303,1669,1
1900,2262,1
6708,6705,1
546,826,1
4172,4828,1
3143,4705,1
5105,5588,1
4377,2233,1
6050,6405,1
4575,4610,1
4943,5666,1
751,2125,1
1256,1184,1
2348,5414,1
788,2381,1
6188,5092,1
31,50,1
4902,2584,1
2099,1562,1
2166,3295,1
5145,3529,1
2048,3034,1
2126,3205,1
2421,2564,1
157,1968,1
2347,1235,1
3622,3848,1
5634,6518,1
5052,4561,1
2348,2381,1
3306,3904,1
4599,6850,1
310,812,1
1471,1928,1
2767,2658,1
3151,4312,1
2767,2381,1
2233,6830,1
294,1332,1
1129,207,1
4548,2301,1
1259,1802,1
6096,4350,1
4640,4788,1
6426,7021,1
4147,3150,1
5317,6986,1
1836,2053,1
253,281,1
281,521,1
2250,2233,1
1664,2691,1
1747,1707,1
6055,6598,1
713,668,1
2463,2571,1
1029,807,1
3261,5317,1
1256,4472,1
3737,4233,1
2463,3347,1
2127,4226,1
10,1135,1
57,316,1
910,1295,1
743,1584,1
6780,6585,1
701,2698,1
4844,2584,1
4468,2533,1
1131,3457,1
279,726,1
305,5800,1
3148,3307,1
6817,6585,1
2164,3885,1
29,896,1
2343,1795,1
3330,3303,1
2617,1275,1
545,3818,1
967,875,1
5736,6752,1
165,2379,1
154,733,1
665,239,1
3296,2566,1
2431,2059,1
644,1294,1
279,1395,1
5238,5772,1
254,257,1
2814,1054,1
4334,2044,1
8,262,1
4892,5293,1
1585,2867,1
1171,1730,1
1471,1940,1
2457,2465,1
896,1519,1
3212,2540,1
6096,3410,1
904,2575,1
3594,2829,1
3654,4552,1
3495,3150,1
983,1790,1
2471,187,1
1306,2079,1
4607,3904,1
5142,5125,1
4548,4798,1
1263,1585,1
3422,6064,1
4417,3885,1
3147,2233,1
1961,4832,1
3086,2270,1
7016,6585,1
3330,1828,1
4172,2799,1
1416,1178,1
1346,1319,1
964,520,1
5332,5330,1
1895,2361,1
1763,1178,1
1192,3007,1
6333,6429,1
6173,3912,1
1590,1295,1
111,2867,1
641,822,1
5072,4477,1
701,1296,1
697,1063,1
5133,4801,1
3286,3150,1
4477,5911,1
2063,1761,1
2151,2425,1
4033,5092,1
5431,3189,1
2471,5933,1
2785,2756,1
3587,4720,1
73,26,1
713,285,1
2548,14,1
1450,1060,1
10,3672,1
4284,4275,1
1506,669,1
4897,5612,1
2756,1330,1
1532,2516,1
2032,2127,1
1478,1908,1
1192,1471,1
34,386,1
701,891,1
1059,1276,1
2327,1295,1
6009,6608,1
2738,2467,1
5469,3486,1
4809,4164,1
34,395,1
2064,5933,1
3314,4607,1
13,320,1
294,1989,1
1002,3203,1
111,6650,1
3587,3316,1
5516,5330,1
286,883,1
3109,2956,1
2746,2397,1
3059,4528,1
2463,5232,1
862,1238,1
5929,5987,1
2425,3147,1
5123,5209,1
2357,1184,1
3261,5827,1
1180,1415,1
1370,807,1
1062,2956,1
3273,6585,1
4606,3004,1
18,198,1
392,388,1
8,363,1
4607,3446,1
111,2204,1
1506,3598,1
4615,4508,1
4551,884,1
106,668,1
3085,2467,1
134,277,1
148,1493,1
1608,1509,1
701,2735,1
2833,2761,1
1814,1568,1
1553,5058,1
4613,4226,1
2357,2815,1
195,445,1
10,1796,1
10,785,1
3111,5034,1
159,76,1
61,2226,1
2287,1627,1
4437,2815,1
4543,3529,1
2261,2381,1
1097,794,1
2466,4528,1
4910,4700,1
2348,6306,1
2127,2673,1
303,2731,1
253,719,1
4300,884,1
2542,2540,1
755,1940,1
5634,6307,1
6029,4581,1
3719,2091,1
910,2455,1
119,1952,1
1001,1275,1
10,1151,1
2584,2707,1
2338,2665,1
3303,6537,1
3809,2995,1
888,751,1
5869,6180,1
3444,3235,1
4033,4108,1
1890,1562,1
6038,6029,1
1656,2262,1
1110,698,1
163,2191,1
5751,1972,1
3164,3255,1
16,104,1
5043,4989,1
5149,5376,1
5506,5505,1
2431,1960,1
28,983,1
1233,1695,1
3977,4528,1
5493,5742,1
2753,1351,1
649,1088,1
2166,1881,1
126,2191,1
2056,2053,1
604,262,1
3919,2191,1
1754,1747,1
99,3647,1
5989,6047,1
2166,1761,1
6300,4696,1
2071,5967,1
1937,2250,1
5149,5329,1
30,592,1
134,2270,1
292,872,1
2348,5633,1
1032,4079,1
2062,3763,1
2348,1711,1
2348,1266,1
1366,1441,1
3845,4171,1
2767,2740,1
2260,2556,1
1629,1485,1
2790,3521,1
4123,4616,1
3152,2459,1
1664,1670,1
2323,3555,1
77,1390,1
5123,4910,1
54,4788,1
5418,4788,1
1686,1568,1
4443,2531,1
286,1294,1
6293,4522,1
3314,3825,1
5813,5073,1
5912,5904,1
3147,4059,1
3302,2430,1
7,331,1
1056,1519,1
911,1933,1
3643,4687,1
5105,6064,1
5149,6637,1
2890,3529,1
353,676,1
1363,2434,1
680,2032,1
3716,2172,1
5567,2315,1
3287,3334,1
1040,2294,1
3701,4477,1
2348,2425,1
3020,5925,1
3151,4687,1
1268,1457,1
1035,1567,1
1002,2372,1
3682,3330,1
5043,5555,1
1150,1271,1
6029,4463,1
2343,3020,1
294,1349,1
1156,2706,1
1370,2066,1
111,3205,1
306,1284,1
4078,4449,1
2062,1961,1
4599,6293,1
4624,5827,1
3809,2850,1
7,556,1
681,6705,1
159,292,1
1664,2379,1
1424,321,1
1814,1014,1
5514,6794,1
5989,6598,1
5127,5043,1
1972,2863,1
4116,3045,1
28,3059,1
2797,2057,1
3446,4479,1
1420,2707,1
112,1704,1
2164,6809,1
502,2323,1
3868,5537,1
1811,2657,1
4283,3585,1
966,3138,1
6790,7109,1
1432,2270,1
270,3108,1
713,587,1
281,1054,1
3911,4517,1
5508,5505,1
916,694,1
3261,5146,1
2033,2250,1
1762,1124,1
5123,6389,1
3921,5070,1
5514,5146,1
1424,1802,1
1806,3320,1
697,1924,1
2347,1795,1
105,6735,1
2444,2790,1
5750,2348,1
3287,5132,1
3314,3045,1
5780,1972,1
3669,2370,1
5143,1811,1
4033,5929,1
5420,5019,1
5634,6717,1
1102,4867,1
4894,2191,1
1035,962,1
2202,4522,1
1763,4569,1
1447,2378,1
1820,4463,1
2717,7070,1
2471,3334,1
1802,1814,1
2790,2294,1
3287,3591,1
217,163,1
28,187,1
1277,1143,1
2975,4007,1
2294,1924,1
1672,1298,1
2431,2742,1
5333,5127,1
76,3203,1
6709,7048,1
3222,2566,1
2431,6380,1
3546,2850,1
422,1174,1
2463,5043,1
4910,5496,1
6454,6733,1
1420,1950,1
1235,1747,1
1613,1080,1
1658,5573,1
1205,1631,1
1420,1919,1
2617,1130,1
3082,2997,1
656,2057,1
1184,2740,1
3594,5827,1
2290,2287,1
4164,5050,1
69,726,1
2575,3452,1
2192,2190,1
5420,5613,1
10,1529,1
3287,1828,1
3313,2908,1
1420,3315,1
1035,1260,1
3581,5921,1
6096,6820,1
2748,2746,1
1365,1555,1
4823,5736,1
19,2855,1
1431,910,1
1027,2600,1
4430,4801,1
743,2975,1
4299,1238,1
756,4193,1
62,6916,1
1131,1066,1
756,5070,1
3140,4233,1
983,3854,1
2348,2465,1
6029,6510,1
2895,2787,1
580,762,1
6614,6056,1
776,885,1
23,1237,1
10,1215,1
23,339,1
5539,6047,1
57,3904,1
29,933,1
2666,2127,1
6221,3644,1
692,690,1
4219,4217,1
4431,4588,1
1233,1890,1
2431,4558,1
644,4787,1
353,2291,1
3156,1960,1
6146,6776,1
119,1643,1
3149,2296,1
5,326,1
322,2315,1
6055,6351,1
3446,3849,1
3701,2818,1
2341,1795,1
4272,669,1
3575,2289,1
641,680,1
1917,2371,1
3306,6864,1
10,4059,1
1725,5613,1
6328,6693,1
1050,1976,1
2823,2032,1
1068,4217,1
392,395,1
913,210,1
3314,4377,1
105,187,1
3587,3679,1
624,735,1
5697,4456,1
3152,5256,1
765,383,1
1568,2548,1
1471,1814,1
3058,2735,1
2101,2976,1
2260,321,1
2263,1613,1
490,1898,1
40,373,1
1244,1371,1
3087,5125,1
62,5050,1
3499,2787,1
28,1183,1
1938,3138,1
4194,3146,1
6414,3585,1
4226,5864,1
2707,4032,1
10,1510,1
1228,1088,1
5043,1972,1
3459,4007,1
640,1014,1
134,1201,1
768,859,1
6302,6884,1
6335,5904,1
1073,1064,1
571,405,1
340,232,1
2222,1471,1
1351,1591,1
1056,1173,1
5929,6512,1
6390,6405,1
3089,2427,1
3722,1950,1
3236,2127,1
292,815,1
2270,3176,1
1102,857,1
4261,3446,1
1718,3531,1
902,1098,1
2463,3307,1
3287,3316,1
5073,4895,1
951,2847,1
5,253,1
2444,778,1
5123,5682,1
1691,1676,1
2906,2761,1
6683,5146,1
28,1701,1
3997,3033,1
2338,1501,1
1394,1730,1
5792,6595,1
6156,5613,1
41,210,1
3990,4823,1
1245,237,1
5317,6001,1
3261,4850,1
2064,1676,1
2706,2032,1
743,1358,1
1672,1184,1
4943,5293,1
2463,1761,1
3654,4528,1
2158,698,1
3315,4606,1
4477,5825,1
1262,1613,1
3504,4459,1
791,615,1
1951,1330,1
1359,1306,1
23,428,1
2786,4210,1
4610,5167,1
5148,4226,1
6430,4773,1
4892,2348,1
1830,1266,1
2327,1420,1
1420,2567,1
2179,4808,1
902,1937,1
1660,1658,1
4430,5666,1
285,3680,1
5127,6722,1
1566,1432,1
2456,2428,1
2913,3109,1
4603,5247,1
1050,1463,1
3444,6151,1
3321,3320,1
2233,4226,1
6430,6613,1
1928,3134,1
405,815,1
285,871,1
510,612,1
5127,5092,1
2790,2863,1
3654,4606,1
3143,3999,1
2090,1267,1
5586,5687,1
34,153,1
3444,4827,1
546,208,1
5,339,1
546,4910,1
5127,3672,1
701,641,1
1894,3591,1
2767,2059,1
4713,4617,1
3745,263,1
5,535,1
6462,6332,1
2348,4924,1
422,4463,1
3701,4219,1
2467,5292,1
2372,428,1
5998,6000,1
642,3160,1
4390,3644,1
303,320,1
1555,5026,1
697,2466,1
4222,4819,1
150,1174,1
6453,7027,1
4604,2669,1
279,2842,1
3681,3849,1
5,27,1
76,615,1
2348,3521,1
917,1405,1
9,570,1
2471,2430,1
4723,2912,1
4361,3912,1
2738,2471,1
2506,3203,1
3106,4872,1
6683,3585,1
4965,5026,1
285,698,1
279,1933,1
4272,3189,1
3286,3904,1
2761,3331,1
3026,1141,1
306,533,1
1035,2758,1
4098,3149,1
3505,2177,1
5522,6405,1
3148,3645,1
4501,4499,1
243,239,1
2746,6351,1
2425,2467,1
2099,2908,1
981,1635,1
2740,2123,1
6028,6190,1
3398,3169,1
1208,2665,1
5076,4672,1
6050,2540,1
674,910,1
1763,1578,1
3314,3529,1
1502,853,1
5539,5155,1
5149,5563,1
680,3307,1
3807,5904,1
3033,3781,1
2328,2099,1
2167,1562,1
3174,4687,1
2908,2099,1
2973,2548,1
1002,3108,1
3444,2548,1
934,937,1
6146,6029,1
1934,5061,1
155,3046,1
4377,3719,1
4576,4573,1
4617,4628,1
197,2511,1
2471,3108,1
1256,1734,1
5127,5376,1
4677,2584,1
4612,4808,1
3653,4097,1
2430,891,1
2799,3150,1
701,1096,1
28,1278,1
4677,3649,1
6701,6332,1
5734,3087,1
4844,4118,1
3314,5928,1
5779,5153,1
2707,1960,1
10,800,1
5113,2533,1
112,130,1
6703,6114,1
910,1682,1
2366,3486,1
1002,5376,1
5136,4910,1
1156,853,1
2982,3176,1
306,1267,1
2007,781,1
3425,3097,1
3303,3248,1
2975,3661,1
1471,807,1
5129,6864,1
2600,2531,1
3147,4541,1
1235,1276,1
3336,4297,1
5123,5738,1
2591,1984,1
340,284,1
2177,5034,1
719,3280,1
1298,2394,1
51,1956,1
285,2343,1
281,1264,1
6854,6819,1
4827,6195,1
2463,5070,1
1971,1898,1
6244,5870,1
4700,4522,1
697,4641,1
1450,3763,1
6812,6173,1
4066,4912,1
1684,2575,1
5701,5141,1
6171,6864,1
422,1730,1
912,2169,1
3455,3521,1
3360,3248,1
2078,2176,1
6146,7021,1
917,880,1
3261,6755,1
43,361,1
4624,1838,1
4188,4499,1
1348,1730,1
591,933,1
23,2389,1
6812,2431,1
2606,2698,1
2833,3004,1
1131,1453,1
48,6173,1
1256,2572,1
3314,5050,1
2707,3128,1
422,4687,1
4604,1507,1
128,208,1
4617,5630,1
2705,1464,1
244,853,1
78,4233,1
422,1682,1
1062,3870,1
1359,1424,1
2603,2071,1
4031,6733,1
4444,6789,1
2044,1960,1
674,1061,1
5129,6546,1
2363,2361,1
1348,1363,1
743,3487,1
2322,3108,1
3156,3800,1
1555,3932,1
525,6619,1
4676,5157,1
3147,5102,1
1937,4312,1
1035,1296,1
3143,2863,1
2348,3751,1
546,915,1
912,2301,1
2177,3787,1
1365,1892,1
2348,2787,1
4332,1542,1
20,581,1
3655,4210,1
743,2706,1
2017,2752,1
287,29,1
111,3138,1
5881,5512,1
422,930,1
279,815,1
5123,2680,1
2061,2698,1
6300,2956,1
2469,2850,1
253,724,1
5669,5799,1
2123,3169,1
343,1512,1
1192,2471,1
2373,2044,1
5742,6403,1
1184,1699,1
801,2761,1
3746,3287,1
2290,2767,1
5786,5019,1
10,1371,1
4477,4602,1
2709,2428,1
287,2004,1
133,262,1
4522,2087,1
743,4543,1
169,2204,1
202,381,1
1608,4007,1
581,5967,1
4607,5514,1
2115,3033,1
2373,3763,1
6176,6913,1
23,1960,1
1593,1670,1
5123,6686,1
6308,6546,1
2463,2893,1
298,638,1
5512,3701,1
2781,2209,1
129,254,1
155,2427,1
1478,1306,1
3328,4272,1
5634,2223,1
769,1567,1
1205,2970,1
1420,1803,1
4430,5987,1
2431,6526,1
3336,3150,1
4332,2301,1
2328,2571,1
1486,1670,1
6347,6084,1
1420,2208,1
6812,5890,1
2382,2968,1
3446,4610,1
6056,6454,1
6146,4805,1
2006,6798,1
1059,29,1
2348,3457,1
1168,154,1
604,29,1
99,2531,1
2465,2455,1
3701,5075,1
2270,2444,1
912,2511,1
5870,4350,1
5,228,1
155,2048,1
1668,2850,1
1409,6770,1
3739,1961,1
2916,2044,1
305,1176,1
4610,3446,1
422,6335,1
232,29,1
2464,2166,1
54,1682,1
4548,4634,1
6055,5734,1
2764,1275,1
5989,5141,1
1263,1523,1
1890,258,1
4617,5554,1
2342,1613,1
4412,4431,1
3214,2465,1
1349,1063,1
2348,5228,1
5329,4272,1
13,309,1
4617,6056,1
20,227,1
1458,1358,1
1277,2477,1
1002,2004,1
1686,3787,1
674,896,1
5336,4606,1
4332,1197,1
3647,3598,1
6156,6998,1
47,5132,1
184,753,1
1996,1298,1
1184,1142,1
4133,6047,1
34,339,1
3187,2291,1
2995,4561,1
1471,1529,1
4299,5050,1
1192,3842,1
972,915,1
5750,3926,1
2810,3347,1
4033,5117,1
4222,5075,1
2607,4007,1
80,3109,1
3441,5027,1
571,812,1
6026,4149,1
371,680,1
3248,2673,1
5792,2398,1
5713,6820,1
5417,4817,1
4603,3529,1
1380,853,1
3156,3719,1
3654,3446,1
281,864,1
2044,2706,1
5123,3486,1
1559,2968,1
1256,6637,1
1624,1803,1
4608,2357,1
2427,2761,1
4430,1972,1
6156,7027,1
1811,3252,1
2048,6619,1
6300,5867,1
4617,3581,1
4717,6024,1
2268,2349,1
2039,2968,1
6220,5742,1
2975,4787,1
2204,1542,1
157,1520,1
3087,5864,1
5769,6591,1
1471,1707,1
1235,1128,1
6302,6953,1
80,239,1
5143,4945,1
6084,6782,1
5102,5105,1
157,1064,1
3248,1950,1
3330,4558,1
4554,2818,1
5043,3445,1
4149,4066,1
6707,4773,1
751,489,1
1277,1658,1
1500,1501,1
2048,1366,1
6024,5800,1
6,25,1
1802,1903,1
2463,3997,1
14,669,1
28,618,1
3293,2756,1
5918,6114,1
284,3141,1
285,2122,1
3914,7029,1
4445,4164,1
5144,4193,1
4603,4648,1
11,254,1
292,1088,1
221,536,1
422,1956,1
62,944,1
942,1064,1
1900,1835,1
422,3109,1
38,4499,1
546,3134,1
19,248,1
2871,2099,1
912,2017,1
5010,5194,1
6159,5966,1
5495,5733,1
1615,885,1
4377,5887,1
1365,1131,1
3255,2124,1
5640,5733,1
2359,1515,1
6298,6613,1
24,27,1
5734,4522,1
546,48,1
1116,1977,1
1773,1415,1
1050,1923,1
1050,2738,1
904,962,1
5870,5864,1
2572,168,1
2463,2107,1
1062,3148,1
1917,2702,1
4892,4696,1
1168,1514,1
2763,3866,1
285,4066,1
5783,6050,1
6029,6993,1
30,5109,1
23,1664,1
3701,5688,1
4616,6876,1
695,4420,1
284,1174,1
1370,1761,1
3465,4541,1
5145,4038,1
1002,1562,1
99,553,1
817,4606,1
62,653,1
1404,1602,1
4654,4656,1
2707,5735,1
5474,6598,1
1663,1658,1
133,794,1
5292,5058,1
3314,5539,1
157,1390,1
5123,5232,1
1653,5512,1
715,1386,1
904,2063,1
2348,1501,1
1615,2296,1
1761,1421,1
2463,3651,1
2798,2790,1
2270,6437,1
277,1021,1
2997,3203,1
917,2224,1
638,1457,1
2607,3033,1
5129,4836,1
13,571,1
1174,521,1
3914,5612,1
2868,1961,1
1168,875,1
3174,2815,1
2431,6502,1
904,7048,1
1471,2291,1
2463,1141,1
141,579,1
154,1271,1
6156,6107,1
3807,3059,1
2770,1493,1
391,6653,1
875,1024,1
2469,2492,1
4606,5987,1
405,588,1
5534,1367,1
2357,2753,1
157,1448,1
2790,428,1
1578,2444,1
4477,1675,1
28,1937,1
2071,4064,1
3574,1950,1
2572,698,1
4543,7036,1
2461,3320,1
4447,6776,1
719,681,1
2741,1178,1
251,603,1
373,3644,1
1478,1610,1
5913,4213,1
279,2208,1
1940,4522,1
1095,2625,1
2824,1669,1
1105,588,1
2471,5109,1
1205,1168,1
5522,5207,1
3178,2428,1
5037,5157,1
1750,1747,1
4464,2533,1
6957,7109,1
915,719,1
105,1299,1
4108,3406,1
165,827,1
67,963,1
2164,6180,1
81,76,1
2467,4335,1
2467,2584,1
2357,1493,1
4616,5207,1
34,122,1
3854,3315,1
5043,6181,1
1105,1173,1
105,5161,1
6151,6787,1
2430,2381,1
155,2697,1
2506,1961,1
2996,1464,1
4597,4226,1
606,2697,1
2758,3939,1
3150,5075,1
2705,3330,1
1277,2758,1
5153,4672,1
221,284,1
5792,6151,1
1192,2343,1
1802,3661,1
5713,5127,1
743,2099,1
2127,677,1
4222,5155,1
500,2477,1
4892,4943,1
5514,4867,1
2359,2361,1
1418,1453,1
291,600,1
2397,2315,1
2763,3571,1
5792,5092,1
1900,962,1
1306,1450,1
2090,756,1
632,871,1
5918,6173,1
123,6598,1
6029,5870,1
2459,2732,1
6921,6413,1
3449,4420,1
1458,1060,1
4618,3124,1
626,76,1
3890,3248,1
4038,4291,1
362,3912,1
1205,1366,1
5539,6705,1
910,2451,1
1302,1299,1
426,64,1
2261,2731,1
4607,4427,1
1105,2379,1
604,5800,1
2017,2163,1
3017,2430,1
697,6820,1
1233,1670,1
1277,2071,1
1917,2759,1
2792,1951,1
1546,1503,1
4522,6349,1
503,498,1
4542,5145,1
1415,1703,1
3678,2382,1
2044,2467,1
776,4312,1
656,1566,1
2173,1950,1
3153,1655,1
6176,3392,1
3672,1130,1
2,205,1
2531,3845,1
3990,4581,1
5042,62,1
3883,3248,1
1562,1937,1
976,1064,1
6300,5209,1
891,2017,1
3467,1851,1
972,2492,1
2343,318,1
6415,6884,1
4439,4459,1
743,3002,1
4502,6087,1
2792,1156,1
2740,2357,1
3360,5682,1
1050,2587,1
1740,1201,1
1562,1370,1
2233,4961,1
4597,5586,1
340,933,1
4310,2357,1
10,2765,1
1150,3176,1
4077,3140,1
4877,4875,1
3147,4558,1
105,3585,1
5141,4672,1
581,698,1
1262,1795,1
22,963,1
2086,948,1
34,319,1
5674,5430,1
2287,3580,1
4222,4892,1
2620,2397,1
3893,1080,1
1996,2759,1
910,1644,1
1256,1631,1
5141,4463,1
1393,2583,1
28,5207,1
3654,2466,1
2357,2163,1
10,1682,1
4895,4195,1
141,281,1
422,862,1
1471,2004,1
3330,2291,1
4548,4676,1
2763,3939,1
967,1519,1
3747,3134,1
4438,3149,1
3302,1589,1
5735,6598,1
157,606,1
3667,1828,1
2763,4177,1
1263,1661,1
48,138,1
4617,1655,1
294,5563,1
4897,6190,1
4502,6585,1
2866,4773,1
6335,7005,1
2209,2759,1
33,50,1
111,3488,1
4548,4857,1
3809,2617,1
57,679,1
5680,6399,1
4414,3653,1
310,572,1
2463,4616,1
2607,1961,1
3701,4832,1
1192,1509,1
3654,3649,1
5782,6230,1
5043,4123,1
1099,1150,1
133,161,1
285,2867,1
159,1839,1
702,812,1
2348,2209,1
6146,6637,1
1803,2270,1
1393,1567,1
1256,6782,1
5548,6405,1
2127,3672,1
345,342,1
3189,6953,1
50,210,1
5865,5864,1
4648,5800,1
3394,4525,1
1478,1579,1
285,2698,1
3731,3465,1
2975,3901,1
3940,3653,1
2348,5107,1
29,26,1
422,270,1
5794,4482,1
5701,6146,1
766,4621,1
4482,6991,1
2270,1935,1
2758,2124,1
3150,5161,1
2772,2166,1
4502,6050,1
726,1176,1
2043,1613,1
1951,2381,1
1615,862,1
3221,2465,1
6646,6180,1
1256,3719,1
4038,2233,1
661,660,1
57,5,1
5038,5792,1
1884,1421,1
6151,6608,1
4463,2680,1
294,1056,1
30,4787,1
725,724,1
1706,1793,1
1262,1629,1
3807,4552,1
3138,2357,1
1324,1321,1
3643,4988,1
1266,2564,1
3735,2127,1
99,5026,1
719,4672,1
105,5966,1
3087,5613,1
3390,3555,1
3733,4164,1
1471,2575,1
85,316,1
697,4535,1
286,857,1
5286,6173,1
6814,6809,1
10,695,1
1653,1972,1
294,774,1
1193,3691,1
2373,3150,1
4738,4606,1
4541,3315,1
129,208,1
1787,2492,1
3164,3252,1
517,1014,1
422,5165,1
169,1168,1
105,6107,1
910,874,1
6638,6001,1
5286,6334,1
692,262,1
2079,3153,1
1811,2507,1
5749,5747,1
3151,3591,1
2758,2017,1
4616,4872,1
2767,3691,1
2126,3295,1
6405,6737,1
6029,6186,1
4522,5375,1
2252,2226,1
2126,2756,1
681,3306,1
422,5799,1
398,1290,1
5951,6619,1
3807,938,1
3465,3751,1
2261,2665,1
4430,2522,1
2191,2459,1
285,812,1
4602,1372,1
2323,2544,1
317,32,1
2742,3055,1
4015,2867,1
3716,3148,1
4561,5682,1
1416,1707,1
2332,5395,1
1365,1063,1
3095,1420,1
4897,3303,1
756,3303,1
1034,521,1
2428,4602,1
857,826,1
3296,3630,1
2656,2315,1
3854,4573,1
8,883,1
2767,2430,1
1398,1510,1
982,5145,1
2261,2764,1
2818,3150,1
3087,6990,1
1615,1151,1
286,394,1
4149,6591,1
362,6798,1
3751,3866,1
3222,2697,1
3150,5127,1
967,1562,1
3140,4312,1
2348,3848,1
1024,1450,1
3059,3330,1
1485,3248,1
99,3627,1
2707,4059,1
2170,2740,1
3449,3447,1
1471,2087,1
1001,2381,1
2607,3651,1
77,6733,1
624,1745,1
5043,5058,1
1237,3108,1
6674,6776,1
2466,2756,1
1088,698,1
5105,3644,1
2338,2731,1
1615,1747,1
2763,3892,1
5043,3306,1
6180,6420,1
340,3904,1
1608,2738,1
2872,5152,1
4613,5685,1
3904,5019,1
2127,1584,1
2575,3627,1
2563,3885,1
6811,6926,1
1568,1566,1
5141,3644,1
249,729,1
422,3387,1
1235,1424,1
370,1605,1
2287,7029,1
398,2044,1
2465,2430,1
3207,2600,1
2746,1541,1
3056,6180,1
1351,1648,1
5673,5668,1
1625,3644,1
1358,1450,1
3159,3160,1
3505,4118,1
3873,5161,1
2323,2038,1
3716,4569,1
626,1294,1
817,4835,1
5637,6830,1
5037,4033,1
5695,5911,1
253,6598,1
1304,1098,1
4479,3956,1
157,1441,1
4576,3997,1
1471,698,1
5470,5126,1
4883,669,1
23,1503,1
2043,1295,1
6029,3926,1
4417,5547,1
1984,3531,1
966,963,1
3444,7005,1
2357,2471,1
289,262,1
3143,2617,1
4430,3360,1
4543,4581,1
398,1400,1
1233,1061,1
4343,4605,1
1408,2343,1
1095,2819,1
340,405,1
4417,14,1
2971,1950,1
5782,6335,1
2567,2397,1
2531,6598,1
5792,6293,1
1415,1366,1
4616,4988,1
24,1500,1
134,294,1
1629,2564,1
2348,2571,1
2533,4610,1
105,4222,1
3286,4535,1
5366,4910,1
1415,698,1
2471,2166,1
1192,1940,1
2705,4131,1
13,556,1
1761,2556,1
1348,1814,1
1650,4525,1
4950,5612,1
29,32,1
5781,5539,1
3313,3452,1
896,827,1
5123,2531,1
3360,6502,1
2090,2756,1
4612,4335,1
4897,5527,1
4326,4118,1
4463,5127,1
4897,6146,1
3943,1585,1
2342,2706,1
3415,3685,1
2151,2176,1
10,215,1
6151,1372,1
1256,6798,1
1996,2711,1
3701,5534,1
640,29,1
5134,3453,1
24,933,1
1458,1805,1
4607,5401,1
48,876,1
917,1404,1
2342,2291,1
1026,2706,1
1017,2893,1
2348,6722,1
680,875,1
3800,1961,1
4468,4517,1
2467,2290,1
1105,2158,1
5037,5117,1
3248,4558,1
64,684,1
1277,1574,1
605,4118,1
4602,4561,1
2270,4463,1
3004,1176,1
1110,2071,1
779,1510,1
6029,6413,1
725,815,1
3140,6123,1
1971,1734,1
600,383,1
5131,5534,1
1578,187,1
119,1730,1
674,6619,1
1034,875,1
4824,3926,1
6265,6084,1
2763,6149,1
1395,3160,1
1192,1054,1
284,724,1
78,2908,1
1609,3242,1
862,2466,1
4608,817,1
4541,5480,1
1420,3415,1
528,4229,1
5803,4910,1
1996,2071,1
1205,2038,1
4848,3150,1
4180,4123,1
4078,4427,1
3545,5050,1
822,1510,1
1349,1623,1
28,405,1
6231,6230,1
967,5827,1
1420,2855,1
281,682,1
47,24,1
2798,2396,1
1105,5539,1
3444,6990,1
5449,2398,1
576,669,1
270,891,1
4604,1811,1
966,2600,1
3559,4217,1
2099,1795,1
2260,2258,1
2944,1493,1
640,1106,1
1371,703,1
4377,1851,1
4616,4617,1
6151,5317,1
1450,1266,1
1156,2584,1
2882,2381,1
1818,1562,1
294,580,1
4897,5633,1
5123,3315,1
3587,5149,1
279,2430,1
4113,3147,1
1128,29,1
1032,5555,1
4447,4444,1
1615,1609,1
2721,4676,1
135,239,1
5512,6173,1
4943,5430,1
1408,669,1
3731,3627,1
1141,3160,1
406,163,1
107,579,1
1624,863,1
2444,2381,1
934,5827,1
755,694,1
3143,4479,1
2400,1578,1
2191,2375,1
3314,5209,1
1394,3651,1
4602,3529,1
3148,3128,1
1256,3701,1
286,1168,1
5586,3392,1
719,262,1
6151,6335,1
5150,5125,1
3445,4875,1
4108,5247,1
2581,3347,1
3669,3248,1
1475,7063,1
1233,1306,1
5586,5624,1
3302,2079,1
4622,5505,1
1420,2880,1
5786,3644,1
4373,2476,1
910,693,1
1205,1321,1
1244,875,1
4892,6403,1
3148,2289,1
4607,6998,1
23,1627,1
913,2172,1
48,257,1
3150,3581,1
48,228,1
1027,2145,1
3990,7062,1
983,1351,1
4801,5590,1
3852,3406,1
2348,1759,1
4417,3873,1
1168,703,1
4430,2669,1
4091,3446,1
2833,2124,1
5571,5772,1
2348,2690,1
755,2571,1
1478,1534,1
1168,1459,1
5127,5149,1
3280,4272,1
6029,5209,1
5782,6043,1
1002,1699,1
1062,1950,1
4606,4892,1
2734,2323,1
285,1021,1
422,5688,1
3013,2430,1
2431,3967,1
422,6538,1
1105,2083,1
6147,6123,1
422,4999,1
53,284,1
1835,1418,1
3654,3680,1
157,1704,1
163,510,1
1094,857,1
2055,6024,1
911,735,1
1032,3261,1
6180,6218,1
3286,2382,1
372,294,1
3406,4164,1
1042,857,1
746,62,1
1949,2379,1
5680,5967,1
916,5125,1
4617,4118,1
2431,4573,1
1824,2444,1
4992,5505,1
3314,5554,1
5137,4123,1
1262,1418,1
5695,6452,1
422,4233,1
6176,5161,1
2975,6015,1
1002,1908,1
4543,6565,1
285,740,1
904,575,1
2359,2381,1
756,5050,1
163,4219,1
693,48,1
6155,6107,1
6151,4773,1
2043,3034,1
780,719,1
575,6565,1
863,3287,1
1221,606,1
5149,3004,1
2461,4098,1
3212,2787,1
328,383,1
5786,6087,1
41,3691,1
1105,321,1
6055,6218,1
872,285,1
4720,4705,1
6358,6619,1
1320,1398,1
4300,4216,1
725,1420,1
546,657,1
1205,2756,1
4429,4573,1
1233,1486,1
604,800,1
1096,29,1
5933,5792,1
1178,1669,1
294,733,1
10,947,1
2648,1156,1
6109,5921,1
6151,6794,1
3138,3624,1
632,668,1
697,2059,1
10,1405,1
4617,3154,1
284,1151,1
6097,5933,1
69,719,1
4038,4782,1
632,2127,1
24,1467,1
547,284,1
2489,962,1
5,910,1
6156,5127,1
2697,3004,1
106,785,1
286,2190,1
560,561,1
5106,5102,1
1460,1493,1
1306,1742,1
3747,4129,1
1050,1559,1
2549,391,1
5468,3701,1
5989,6281,1
3495,2787,1
3306,4108,1
2161,2361,1
2290,694,1
3360,4304,1
2741,2032,1
767,5933,1
534,781,1
1143,1258,1
13,944,1
454,739,1
1034,1682,1
3812,2048,1
1420,4177,1
4910,4508,1
1761,2711,1
4091,2863,1
2250,4444,1
4892,6794,1
4617,4537,1
2032,2732,1
279,1143,1
1578,1520,1
632,785,1
972,239,1
1092,917,1
3997,2223,1
154,1082,1
3451,2366,1
1951,3445,1
1131,2287,1
910,29,1
5684,5058,1
1233,1510,1
1314,1371,1
502,398,1
1002,1810,1
3248,2584,1
3428,6047,1
1763,1935,1
6150,6146,1
2071,1515,1
4416,2158,1
251,254,1
5149,5155,1
2099,1156,1
5123,5996,1
285,937,1
1259,1168,1
5141,6752,1
3314,5129,1
62,239,1
2101,3997,1
792,505,1
3058,3195,1
3169,2575,1
1341,3150,1
253,2855,1
3143,1593,1
956,1681,1
155,2425,1
632,405,1
96,163,1
2703,1594,1
2127,2145,1
5058,4219,1
3307,3444,1
5488,4835,1
3114,3410,1
1002,1447,1
2372,1937,1
6206,3087,1
2348,2567,1
2607,2867,1
4463,4813,1
4607,6565,1
1173,1802,1
2975,3487,1
2703,2032,1
3084,3661,1
93,5127,1
3409,2397,1
2079,5420,1
2767,2163,1
3669,2158,1
5127,5289,1
718,926,1
2246,4813,1
285,239,1
383,891,1
2657,3059,1
2342,2032,1
7072,7109,1
2151,944,1
5317,4463,1
2290,2968,1
422,2145,1
253,410,1
1150,2017,1
4892,6087,1
1032,6926,1
2348,4813,1
1996,2492,1
6964,4477,1
306,535,1
801,3147,1
78,1704,1
4604,5425,1
50,645,1
534,533,1
3675,3997,1
1811,2691,1
285,5420,1
3017,3007,1
8,138,1
2525,2123,1
3330,2697,1
5769,3585,1
3157,3800,1
4109,4217,1
3990,4444,1
1122,2451,1
3314,4610,1
3699,3787,1
4417,2735,1
20,2492,1
4627,2315,1
1624,1890,1
1506,2555,1
2471,5145,1
1002,2810,1
4170,3033,1
286,489,1
5127,6752,1
2431,2158,1
4299,2158,1
2765,5117,1
4704,4108,1
310,203,1
1458,1707,1
707,405,1
2676,4283,1
3904,5892,1
6152,3153,1
3647,6717,1
6161,6537,1
632,1393,1
2706,1613,1
2016,1471,1
1681,2583,1
305,4525,1
624,901,1
5868,6809,1
638,947,1
1268,846,1
1105,2099,1
5139,4801,1
967,2381,1
3387,2566,1
1664,1173,1
959,398,1
7065,1820,1
1050,3672,1
1348,3152,1
4263,6332,1
1629,1003,1
674,1919,1
591,781,1
4981,4287,1
1949,2381,1
1591,2617,1
1740,5854,1
54,2665,1
2752,2970,1
1303,2057,1
3097,4068,1
4188,4424,1
5118,5129,1
1059,262,1
1562,1699,1
2505,5479,1
3486,2397,1
1394,1050,1
3735,7027,1
292,587,1
422,5109,1
1961,6334,1
5129,5792,1
1393,1803,1
591,1052,1
2348,3073,1
6024,6227,1
822,1623,1
3248,4297,1
10,1742,1
1373,1063,1
118,2208,1
1032,3644,1
57,568,1
1672,2471,1
1256,3087,1
2742,2294,1
2204,2507,1
5769,5706,1
1050,2698,1
1040,2172,1
1262,1500,1
581,674,1
3654,6227,1
5983,5966,1
2131,5058,1
5929,5612,1
5534,4952,1
644,1940,1
5123,4482,1
2648,2970,1
884,680,1
2707,4108,1
3062,4813,1
1266,2492,1
6176,1372,1
4039,4672,1
1609,2725,1
4253,4164,1
2457,1062,1
2327,2575,1
587,682,1
697,6737,1
3647,4297,1
4617,3912,1
575,719,1
1420,1235,1
2348,2621,1
4618,1655,1
4077,3778,1
1256,2560,1
287,874,1
2382,1830,1
34,32,1
647,1088,1
2043,2702,1
4897,5505,1
2224,2526,1
2348,2172,1
369,2702,1
5564,2531,1
7,616,1
972,1215,1
1951,2123,1
1303,1295,1
1602,1644,1
6192,2540,1
3100,3108,1
4253,2357,1
4098,1197,1
2463,4210,1
5069,1838,1
3575,3763,1
31,253,1
2166,2343,1
3747,3287,1
1792,5799,1
3381,3751,1
1672,1830,1
3486,1330,1
2707,3147,1
2707,2867,1
6050,6149,1
490,1960,1
5769,4366,1
422,5768,1
1277,4210,1
422,5237,1
3078,3842,1
5286,5292,1
3087,4472,1
6811,6913,1
5784,4777,1
4892,4773,1
790,789,1
3549,3444,1
289,1940,1
4938,4335,1
1105,916,1
293,239,1
3004,2296,1
1811,1178,1
4607,4828,1
4617,4648,1
5058,4910,1
3189,1655,1
3459,2191,1
4068,4449,1
4033,3059,1
2315,2556,1
713,872,1
4606,3410,1
48,926,1
2549,2204,1
3800,4079,1
838,1151,1
967,827,1
2738,3901,1
2126,2099,1
910,1937,1
604,1627,1
4283,2810,1
3871,3446,1
956,6165,1
2995,4482,1
2465,2815,1
5222,3153,1
371,599,1
1032,4617,1
6300,4581,1
5377,5375,1
6741,6998,1
10,1520,1
6152,6029,1
776,2057,1
1736,1493,1
1761,1810,1
40,649,1
6776,4961,1
887,1042,1
3314,3286,1
6351,6645,1
119,2226,1
3097,2829,1
270,4447,1
1272,3034,1
111,2525,1
4802,4801,1
1577,341,1
3144,3581,1
2062,3452,1
3719,1945,1
576,4456,1
4666,5890,1
3248,2697,1
5571,4616,1
1099,2997,1
4616,4256,1
3390,4687,1
81,922,1
6026,6798,1
6707,6998,1
692,1559,1
3085,3160,1
1415,1562,1
4543,2600,1
5571,4672,1
3314,5324,1
3651,4832,1
1105,2371,1
779,2123,1
3212,3203,1
2338,2564,1
3240,3870,1
591,270,1
5,948,1
2127,3701,1
6055,6565,1
1306,1670,1
4430,5198,1
1050,4610,1
4919,6991,1
3173,3464,1
2301,5141,1
4561,5537,1
3716,3842,1
1062,3825,1
3313,3653,1
1095,2099,1
1032,2457,1
5002,4463,1
1624,656,1
639,1115,1
2703,2673,1
3336,3287,1
1519,379,1
2101,5317,1
5176,5480,1
3444,4177,1
48,592,1
3143,4930,1
2270,4696,1
2204,4854,1
6150,4366,1
3681,3002,1
3662,3661,1
2457,1130,1
3681,1960,1
1002,6114,1
3394,1420,1
4892,4945,1
6423,3045,1
4613,5827,1
626,4827,1
2037,3347,1
311,570,1
3150,3997,1
61,933,1
1471,1483,1
4194,3647,1
1250,1704,1
912,4787,1
3159,4449,1
1166,1629,1
681,270,1
1833,1761,1
967,1956,1
536,254,1
904,1935,1
38,5537,1
3737,3147,1
615,284,1
3059,3280,1
1415,1057,1
2746,1420,1
5513,5688,1
2342,1795,1
1095,778,1
5043,5145,1
1761,2057,1
5146,5763,1
119,1734,1
632,270,1
3336,2126,1
6659,5706,1
1192,580,1
2680,756,1
2750,3320,1
4542,5554,1
422,7109,1
112,208,1
2159,5105,1
2270,6026,1
10,2270,1
4892,5996,1
656,2226,1
2064,4443,1
23,1745,1
285,3647,1
362,4924,1
111,4587,1
169,270,1
697,3410,1
4385,3644,1
3782,6000,1
5147,5161,1
2322,2381,1
4310,2301,1
3904,3781,1
3598,1192,1
4377,5534,1
2261,778,1
2762,2740,1
888,872,1
591,2691,1
665,765,1
133,361,1
4552,3004,1
1937,4291,1
3331,2397,1
2762,2425,1
1811,2582,1
857,1306,1
6305,933,1
560,294,1
1471,5207,1
674,638,1
6810,3644,1
6355,6351,1
328,1968,1
4624,6598,1
1267,2731,1
2099,4131,1
1890,1933,1
2767,2761,1
3042,3040,1
4615,5165,1
5146,1820,1
728,588,1
2463,1057,1
3990,3719,1
3238,2761,1
2465,3203,1
6050,3926,1
3811,3647,1
1559,910,1
3296,2430,1
10,4171,1
3004,4910,1
1668,2758,1
3927,5890,1
5522,5534,1
5127,5933,1
3444,5537,1
4176,3124,1
3106,4525,1
1467,2855,1
674,4304,1
4624,2531,1
2758,778,1
294,852,1
3143,3624,1
4606,5232,1
6683,6085,1
2742,1951,1
3286,5073,1
2044,3702,1
767,6161,1
6173,4696,1
1494,1168,1
713,292,1
286,948,1
735,1003,1
6586,6585,1
2260,2169,1
2461,2032,1
2763,3307,1
310,558,1
1097,1648,1
4300,1675,1
1601,1370,1
4892,5854,1
10,2732,1
8,1802,1
1853,2166,1
281,612,1
2752,2819,1
93,1567,1
3580,2357,1
3654,3146,1
912,5117,1
3168,2810,1
3991,2617,1
22,605,1
4892,6399,1
1668,2315,1
1108,857,1
591,2208,1
3643,6420,1
1420,1984,1
624,936,1
1306,1804,1
2444,2582,1
3654,4636,1
2159,1613,1
2465,6195,1
6514,6585,1
3059,4801,1
1949,2190,1
4171,3307,1
4808,5420,1
2044,2980,1
982,624,1
1027,2617,1
4038,2431,1
4518,4517,1
5309,5630,1
2867,2372,1
3145,3848,1
3921,4256,1
591,2123,1
1168,2176,1
36,22,1
3669,2563,1
3718,1950,1
3441,5117,1
398,944,1
1297,1493,1
3152,3521,1
2063,4217,1
1002,1629,1
3444,3956,1
1669,4787,1
1062,2377,1
23,1021,1
1420,1977,1
4430,4782,1
3204,3203,1
3059,2697,1
369,2564,1
3441,4226,1
2975,3287,1
10,80,1
2048,2756,1
2895,1330,1
1192,864,1
4603,4867,1
1099,5534,1
4483,3124,1
2348,6195,1
4222,3486,1
5713,6855,1
310,874,1
1629,2451,1
6337,4813,1
1002,1820,1
2467,4427,1
2270,2420,1
589,5537,1
1262,1353,1
4617,5983,1
3058,2617,1
4965,3306,1
10,505,1
5124,3306,1
1938,1130,1
578,1244,1
155,3521,1
422,4299,1
50,871,1
2792,1935,1
2431,4687,1
6056,6537,1
1471,2511,1
10,618,1
2525,2707,1
1237,1682,1
1681,891,1
571,1088,1
2048,2847,1
2480,2465,1
1363,3040,1
1002,1637,1
1811,2980,1
4315,4528,1
2767,2871,1
6300,3912,1
159,739,1
2348,3800,1
3059,2867,1
2506,3059,1
2707,1593,1
1420,1447,1
266,254,1
6735,7070,1
1471,1835,1
5309,5126,1
4222,4561,1
284,1613,1
4222,4033,1
5151,5105,1
2396,1493,1
2342,369,1
1363,2371,1
3699,3849,1
6720,5612,1
912,1323,1
148,903,1
6173,6637,1
5634,3679,1
3854,3825,1
2617,3138,1
1031,2250,1
2427,3252,1
5472,5534,1
3084,3495,1
697,6864,1
2973,3172,1
2997,4304,1
1365,1256,1
1875,2980,1
36,1968,1
1559,1676,1
6950,6038,1
6180,6861,1
1664,1124,1
2975,2575,1
398,743,1
6310,6307,1
1062,2127,1
2887,2331,1
1192,1372,1
3736,2850,1
1471,1178,1
3147,4032,1
3163,3255,1
4609,5034,1
1105,4517,1
795,665,1
6009,5800,1
3261,4854,1
3149,4283,1
2071,5733,1
4991,4828,1
5468,4981,1
1032,2389,1
1811,2759,1
1670,1793,1
2746,3651,1
6156,5633,1
62,278,1
2746,3055,1
1062,1135,1
4892,5092,1
1684,1201,1
6404,6403,1
910,1420,1
4078,3150,1
3206,6686,1
2270,2371,1
502,3719,1
719,4535,1
2697,3059,1
6412,6737,1
947,239,1
4694,4068,1
5783,2680,1
2871,2571,1
2548,3252,1
310,570,1
1018,2209,1
57,529,1
3336,4854,1
4555,2172,1
2690,3176,1
398,957,1
2395,2381,1
1814,1839,1
1363,1491,1
669,5149,1
4910,4272,1
4427,3719,1
5289,6598,1
697,5527,1
3643,5628,1
2246,6202,1
5612,6026,1
3315,3591,1
5912,4813,1
6914,7027,1
1104,857,1
2151,1515,1
1829,2580,1
4430,5087,1
3807,4172,1
3077,5537,1
41,592,1
1348,5505,1
3546,2233,1
1938,1933,1
1718,2459,1
5238,4910,1
1811,2177,1
588,1024,1
5129,5286,1
565,2226,1
4463,6087,1
105,6195,1
1672,1881,1
4244,3320,1
1811,2506,1
857,1168,1
840,1364,1
23,1128,1
6152,6693,1
1656,1050,1
967,947,1
2328,4518,1
2810,4522,1
1900,51,1
917,1821,1
5803,6479,1
1477,1420,1
6176,4788,1
5263,4033,1
5547,6281,1
6648,6653,1
1761,1821,1
3529,4031,1
6302,6413,1
2785,1184,1
4116,5706,1
390,774,1
1580,1486,1
13,386,1
1383,1371,1
3157,2765,1
1156,1578,1
2107,2838,1
982,4892,1
2048,2752,1
164,279,1
1256,5222,1
1050,669,1
498,682,1
6024,4177,1
4607,4518,1
3596,2127,1
2871,2127,1
1105,341,1
1420,2224,1
2585,2867,1
2903,3719,1
2463,2057,1
5784,6585,1
1096,1088,1
1150,1264,1
1814,1629,1
45,381,1
9,25,1
1306,2764,1
2343,3138,1
1669,2604,1
2348,6413,1
2169,1266,1
2357,2087,1
2459,2430,1
148,2356,1
6029,6686,1
743,1699,1
2740,2372,1
5276,3261,1
6056,6650,1
632,1062,1
1838,3541,1
904,1951,1
4910,5401,1
2048,2138,1
2767,1176,1
1940,1937,1
3313,3045,1
2956,3150,1
2463,3002,1
3058,3330,1
3207,3235,1
5153,4489,1
314,592,1
853,1584,1
898,956,1
4537,5330,1
345,285,1
2765,3800,1
4543,3508,1
2099,1594,1
4540,4535,1
5881,6186,1
2062,1830,1
286,1115,1
1096,1365,1
2518,1961,1
6188,5141,1
28,1579,1
886,1264,1
3809,2863,1
1277,656,1
1035,1254,1
3146,3495,1
2431,3059,1
126,6351,1
794,651,1
2764,3248,1
1818,1795,1
4417,6833,1
1050,2138,1
4640,4605,1
3326,3680,1
1471,1540,1
163,4097,1
4332,2997,1
3302,1828,1
3150,3147,1
99,1704,1
3989,4129,1
4943,4463,1
6780,6161,1
5827,5687,1
6797,6585,1
4483,3446,1
2425,2396,1
169,6861,1
734,369,1
3147,4427,1
2747,2746,1
2971,2787,1
1640,3406,1
19,321,1
432,1128,1
697,2970,1
3701,4676,1
2997,3004,1
2750,1613,1
112,781,1
828,6437,1
2290,4823,1
2944,3861,1
4897,5731,1
3147,1627,1
4617,4427,1
2158,3644,1
490,1290,1
2246,7029,1
3242,2492,1
285,1559,1
1060,910,1
3990,4528,1
5,1518,1
6674,5782,1
1938,2163,1
157,1897,1
340,957,1
2705,2166,1
5479,5738,1
1625,2698,1
32,922,1
2705,3487,1
112,1384,1
762,2048,1
5218,5736,1
5236,4672,1
5476,5420,1
3152,4525,1
2913,3169,1
2908,553,1
2062,2560,1
126,306,1
2261,1509,1
10,1136,1
2705,1130,1
641,1704,1
3678,3901,1
362,3765,1
3415,3242,1
5139,5145,1
1136,1611,1
6305,6619,1
1818,2287,1
2099,187,1
855,1898,1
422,3033,1
1938,2492,1
1375,916,1
3722,3464,1
3336,2315,1
974,210,1
5043,4854,1
1306,1761,1
490,1730,1
5042,5624,1
1383,1404,1
2328,2270,1
1050,4648,1
4607,5929,1
3204,3134,1
2789,2764,1
2342,3685,1
284,1260,1
3147,4431,1
4522,3926,1
719,1353,1
1900,2532,1
755,1370,1
3464,2697,1
3207,4910,1
1050,6693,1
5292,6335,1
141,4350,1
2814,14,1
4430,6230,1
6156,6026,1
2707,3845,1
5514,5966,1
3155,2765,1
1420,2004,1
5222,5247,1
2703,3624,1
3654,5799,1
718,29,1
2177,3129,1
2044,2270,1
1032,4508,1
4078,6085,1
3124,2427,1
4149,3873,1
6702,3585,1
1486,2855,1
77,44,1
5329,2810,1
1566,2567,1
2127,1418,1
2004,1106,1
3921,4867,1
1233,1060,1
546,262,1
735,1795,1
148,896,1
5701,6180,1
2123,2430,1
2456,3169,1
6298,1285,1
4000,1351,1
3336,5027,1
5146,5799,1
254,592,1
5141,6114,1
3261,6613,1
6151,6889,1
292,521,1
3143,5102,1
2062,2761,1
3807,1961,1
2833,2420,1
1562,1892,1
3580,1961,1
4033,4286,1
284,1742,1
3387,3661,1
3643,4999,1
5586,6281,1
57,2164,1
6146,6595,1
1351,1298,1
2505,5490,1
2431,6637,1
4561,4836,1
5870,933,1
4315,2572,1
987,239,1
4575,4573,1
6587,6595,1
1924,2127,1
6587,6538,1
76,832,1
1686,1290,1
3681,3286,1
2348,1460,1
2506,2127,1
5695,5871,1
5324,6650,1
4417,6334,1
3845,3842,1
4300,3189,1
1447,1897,1
3168,1605,1
917,1989,1
3145,2289,1
233,69,1
917,1215,1
4599,5104,1
3140,4508,1
1256,2328,1
4616,4456,1
692,4164,1
1050,1607,1
2457,3108,1
6084,4943,1
5286,4607,1
10,3563,1
111,3150,1
1383,794,1
1205,2348,1
2099,1464,1
35,764,1
3248,4068,1
4543,5792,1
1105,1294,1
4374,2747,1
1256,3997,1
4477,5871,1
4,262,1
286,279,1
3061,3073,1
3286,4543,1
3681,2617,1
1062,6180,1
3261,6050,1
163,254,1
743,2691,1
1366,3644,1
3087,6613,1
490,2740,1
4599,4990,1
1922,1835,1
5043,4610,1
3672,4063,1
947,1205,1
422,1256,1
6794,4537,1
6180,6752,1
1001,1141,1
6438,6307,1
5131,3529,1
6352,6351,1
2062,3685,1
10,660,1
6369,6429,1
967,2531,1
5571,6020,1
6001,4696,1
13,592,1
2151,1106,1
5,729,1
697,1386,1
1933,1567,1
1110,6755,1
2397,756,1
982,5058,1
10,812,1
4943,6024,1
1740,2864,1
4377,2956,1
4965,5710,1
2377,1256,1
2132,962,1
6594,4482,1
2425,3661,1
2997,2697,1
5236,4552,1
697,1178,1
1811,428,1
5455,5145,1
4616,3644,1
2938,2044,1
6351,6809,1
23,1014,1
1032,2018,1
10,2428,1
1002,874,1
1557,1555,1
1690,1676,1
4897,4730,1
5176,5933,1
2995,2563,1
2760,2584,1
2328,1244,1
697,3152,1
4819,4910,1
2676,4499,1
4437,5194,1
5782,3009,1
3672,756,1
29,1215,1
743,3301,1
2064,2815,1
1420,2787,1
547,1259,1
1205,2764,1
604,660,1
1359,1398,1
5734,2600,1
3059,2758,1
4213,5641,1
1168,864,1
972,1135,1
776,6180,1
1348,5573,1
1811,5685,1
956,321,1
3647,6107,1
1830,1562,1
912,1062,1
2790,1567,1
4542,6195,1
216,6537,1
1811,2425,1
803,292,1
78,3154,1
542,76,1
624,1296,1
3168,4312,1
3580,3680,1
3053,4672,1
2270,1330,1
1255,698,1
3286,5292,1
912,962,1
19,680,1
1420,1351,1
4542,4854,1
1034,915,1
20,658,1
3286,3149,1
4617,4720,1
6514,6653,1
3672,4216,1
2734,2123,1
2348,3531,1
2833,2738,1
1519,1613,1
695,2702,1
28,1259,1
1050,6056,1
896,2381,1
1818,1961,1
5817,4672,1
3444,669,1
3749,2127,1
398,683,1
3662,4499,1
3665,2191,1
277,1707,1
680,239,1
6683,5800,1
3495,4077,1
2721,4193,1
4551,6809,1
3286,1057,1
3745,318,1
7015,4961,1
3701,3488,1
4943,5864,1
1306,694,1
5151,4700,1
2090,3295,1
697,5666,1
4193,2233,1
5786,4952,1
4445,3529,1
4135,2765,1
1032,2863,1
6351,4447,1
392,221,1
3261,3508,1
3812,6050,1
111,2697,1
5145,3981,1
1811,2567,1
954,5034,1
3242,3781,1
3248,3415,1
422,5207,1
3593,3591,1
4892,5537,1
5534,5092,1
2657,3719,1
2721,3529,1
1099,2435,1
3283,2871,1
692,571,1
279,2566,1
34,612,1
53,22,1
9,371,1
5,1631,1
5572,5125,1
2461,3465,1
6548,7027,1
10,154,1
4477,5967,1
4279,6123,1
2907,3255,1
7014,6537,1
4892,2223,1
3143,4867,1
1314,2287,1
3360,5256,1
11,573,1
6,1,1
28,857,1
1734,4720,1
6151,6830,1
912,2066,1
2064,3261,1
279,2867,1
3287,4097,1
5792,5966,1
5125,4287,1
1056,1376,1
5244,2815,1
3387,2908,1
3643,4403,1
5730,6717,1
3009,2864,1
4677,3904,1
3449,3446,1
157,2058,1
2063,930,1
2044,3134,1
2459,5282,1
422,5972,1
4226,4098,1
3444,3303,1
1099,2158,1
3765,5405,1
5058,5967,1
4226,2747,1
510,684,1
3643,4801,1
3466,3848,1
1669,2331,1
2572,778,1
292,857,1
6681,6087,1
3873,2191,1
546,1215,1
4892,6356,1
2285,5967,1
1420,1734,1
398,1796,1
1193,271,1
6173,6884,1
2166,2356,1
1672,2378,1
1394,2099,1
490,1173,1
5695,1675,1
644,383,1
2463,4063,1
5087,4518,1
4477,3729,1
1131,1493,1
955,1605,1
1244,1178,1
576,915,1
755,2847,1
1205,2191,1
1945,3971,1
884,883,1
3649,3360,1
1193,2169,1
1256,4335,1
4606,5125,1
6028,6230,1
2673,2372,1
1625,1050,1
6897,5330,1
22,1453,1
340,1360,1
281,285,1
3651,4477,1
5043,5152,1
846,1184,1
2871,1062,1
6819,6820,1
4180,3701,1
5493,4226,1
1415,2004,1
1298,2430,1
28,342,1
6496,6050,1
2420,3007,1
2798,1275,1
3682,1054,1
4033,5131,1
1062,1699,1
1664,62,1
2328,2357,1
4618,2829,1
1421,3939,1
289,805,1
422,5710,1
1447,3055,1
3150,3148,1
50,495,1
3495,2956,1
2721,1367,1
6369,142,1
13,163,1
769,1172,1
912,1944,1
490,1464,1
6224,2600,1
3209,3203,1
5586,4700,1
1398,521,1
4607,5395,1
34,228,1
4602,5512,1
2385,1298,1
2062,2970,1
2444,3295,1
2997,2099,1
3140,3647,1
1486,3445,1
1668,4097,1
697,827,1
1725,5742,1
1669,1295,1
2459,2270,1
723,6026,1
641,645,1
4109,3849,1
3171,2289,1
947,14,1
1050,2224,1
3986,3307,1
1471,1432,1
2161,2371,1
2063,2970,1
1485,1724,1
1420,3845,1
6735,6876,1
3150,3951,1
681,5682,1
4892,3486,1
422,3168,1
1532,1793,1
2348,2683,1
2377,1456,1
4507,7029,1
3420,2430,1
6813,3644,1
4460,5209,1
4961,6598,1
1062,3004,1
782,665,1
1062,3146,1
755,606,1
1542,3465,1
3672,6389,1
1961,2018,1
2348,5586,1
5356,5087,1
1220,1256,1
1714,1476,1
3296,2732,1
3143,4573,1
1370,1063,1
5127,6399,1
5131,6334,1
2348,3129,1
575,676,1
2763,5929,1
1045,604,1
3053,2233,1
1035,1393,1
3746,2956,1
398,281,1
490,3781,1
3150,6281,1
5786,6059,1
1960,3330,1
3997,4077,1
5146,4195,1
641,76,1
422,2521,1
1951,3904,1
5129,6510,1
6024,5792,1
697,5624,1
3150,4108,1
2461,4606,1
2237,4477,1
340,339,1
2767,3848,1
1034,1353,1
560,598,1
3152,669,1
134,1080,1
396,138,1
4310,5102,1
2348,3866,1
872,645,1
1141,1386,1
1320,1323,1
776,5864,1
3331,2732,1
1034,860,1
4677,5165,1
6760,4522,1
1731,1358,1
2463,62,1
123,357,1
105,5092,1
2810,2864,1
5670,6180,1
2761,5232,1
3314,4798,1
2266,1471,1
6176,6123,1
5376,4627,1
6749,6180,1
2531,3661,1
284,736,1
917,2765,1
281,1028,1
4773,5925,1
245,1578,1
10,1503,1
2006,3763,1
10,936,1
3058,3141,1
2705,2444,1
3056,6920,1
10,3152,1
5329,6717,1
2164,5573,1
3058,3488,1
2,281,1
3147,2765,1
195,28,1
2536,1106,1
5783,4788,1
6146,5092,1
2850,778,1
4417,3781,1
6029,767,1
5132,4924,1
6719,4477,1
4174,4233,1
934,1284,1
3287,3967,1
2164,4648,1
157,1512,1
1891,1814,1
862,1244,1
4607,6608,1
3147,3921,1
1486,4097,1
4617,5127,1
729,398,1
6055,3912,1
1650,1651,1
5123,4945,1
1062,2420,1
701,7036,1
6146,6302,1
4058,6334,1
2377,4233,1
1166,1205,1
6454,6335,1
3307,3825,1
1464,1358,1
656,1297,1
1532,1940,1
3087,6281,1
3143,5268,1
3051,2838,1
2471,669,1
3287,4031,1
2328,4193,1
3286,3280,1
2706,3719,1
2463,1567,1
270,694,1
5043,6991,1
6847,6123,1
2767,2673,1
1376,1951,1
2703,2968,1
2458,2166,1
1593,1802,1
1447,2099,1
2294,2731,1
23,262,1
1415,5224,1
1672,1493,1
4616,5534,1
128,1676,1
2342,2560,1
3153,5514,1
1625,1631,1
3703,6026,1
294,660,1
5751,6015,1
2127,3861,1
5782,3453,1
490,862,1
4897,6389,1
4463,3644,1
2048,6884,1
4398,3644,1
4522,4226,1
3732,3248,1
3466,2980,1
5,248,1
697,6913,1
1415,6429,1
4950,5613,1
982,5743,1
1938,3997,1
4543,4222,1
1342,1830,1
1256,4875,1
641,571,1
5099,6415,1
1478,1646,1
5548,6756,1
2071,2531,1
3669,3825,1
1062,5743,1
10,168,1
5043,1811,1
1485,1793,1
5317,6202,1
4588,1235,1
910,862,1
4479,2079,1
2971,2471,1
4149,4687,1
2270,5185,1
6275,3644,1
1168,1096,1
4648,4561,1
2457,2063,1
2204,2427,1
3058,2044,1
2471,2366,1
1141,575,1
299,373,1
2382,2372,1
285,826,1
2463,4823,1
5469,3548,1
972,2138,1
2457,2975,1
279,546,1
1235,1143,1
3575,2607,1
1256,5563,1
285,3699,1
1761,1915,1
2347,5573,1
2703,575,1
697,6050,1
1492,1386,1
23,2617,1
5149,2233,1
99,5921,1
4430,1655,1
217,674,1
6922,5904,1
2503,2583,1
3386,2291,1
3036,3034,1
3319,3531,1
861,239,1
129,618,1
1205,3892,1
253,270,1
5640,5430,1
1002,5867,1
2348,6920,1
3287,3059,1
5476,5733,1
917,1254,1
2099,2765,1
23,1371,1
23,3330,1
6538,5019,1
1050,5145,1
398,680,1
3212,2758,1
81,239,1
6043,6686,1
4417,5019,1
2721,4118,1
1091,735,1
4417,2657,1
591,805,1
422,4129,1
1168,1062,1
697,1805,1
2697,3097,1
22,658,1
2477,2970,1
6466,3644,1
2044,3781,1
373,1730,1
4732,4730,1
105,5537,1
391,4720,1
62,600,1
697,3845,1
2600,2867,1
5736,5966,1
4552,3446,1
3385,2740,1
697,2560,1
5127,5633,1
1894,1793,1
2075,2074,1
1244,1924,1
422,6986,1
2431,4063,1
4098,4297,1
5562,2531,1
1233,936,1
2586,3594,1
2294,2444,1
4950,5490,1
4377,3904,1
1415,5232,1
3746,6776,1
2164,4403,1
1450,1933,1
4608,5034,1
422,1272,1
2270,6420,1
202,229,1
4705,5395,1
4502,2531,1
171,237,1
2330,2492,1
1984,3055,1
2343,2373,1
727,674,1
604,1519,1
2348,3624,1
920,2600,1
2079,3286,1
719,739,1
4607,5512,1
5043,5983,1
718,373,1
2224,1830,1
54,2190,1
1609,2038,1
2571,3195,1
3394,2531,1
2866,7063,1
2908,2270,1
4522,2172,1
2462,2690,1
2465,2382,1
801,3138,1
546,4854,1
2062,1509,1
3465,2064,1
28,605,1
1922,1890,1
884,5146,1
5127,767,1
912,3096,1
2151,1937,1
1277,1919,1
3534,4129,1
3735,4970,1
4149,4819,1
23,2571,1
2101,6953,1
63,359,1
4617,5043,1
4417,3150,1
1949,1759,1
1917,2582,1
692,1021,1
2166,5050,1
726,3331,1
2372,2062,1
6156,5734,1
3145,3763,1
2038,885,1
3313,3280,1
6258,5105,1
1506,6756,1
1895,2133,1
1370,1485,1
1348,1063,1
3059,3751,1
1951,3781,1
5783,5131,1
2177,2295,1
1418,2525,1
2062,14,1
3406,3446,1
934,262,1
2648,1984,1
6388,5127,1
5456,5967,1
897,1060,1
5870,3518,1
340,535,1
560,682,1
3854,5075,1
29,168,1
3360,2831,1
2785,2397,1
1363,1704,1
2673,3464,1
1949,2621,1
1835,1001,1
4676,4061,1
1178,1376,1
28,2397,1
9,18,1
3587,5668,1
2792,1761,1
1168,1207,1
605,1951,1
4854,5395,1
2689,2567,1
252,786,1
281,638,1
5706,5800,1
4824,6512,1
284,600,1
6152,6876,1
3451,2761,1
2471,1062,1
411,24,1
5680,6015,1
2023,2760,1
2348,2649,1
490,1810,1
1105,2465,1
1205,2127,1
1681,1106,1
6618,884,1
3719,2158,1
2893,3320,1
3044,2871,1
4430,2912,1
1788,1061,1
1740,2753,1
2348,3046,1
2657,2315,1
3106,3134,1
3799,4823,1
285,1095,1
2323,2071,1
857,1441,1
1097,857,1
1408,4079,1
605,1770,1
2506,3195,1
1029,1427,1
2357,1201,1
3444,6735,1
2431,2575,1
3854,4061,1
24,234,1
3189,4449,1
1142,1398,1
1829,2451,1
1961,2169,1
2270,6001,1
2758,2348,1
4607,3303,1
4919,5668,1
2733,1960,1
2348,4477,1
3336,3330,1
3672,817,1
4700,4872,1
5149,6733,1
1096,588,1
1940,1562,1
1813,891,1
1526,521,1
1875,2373,1
4817,5224,1
697,3647,1
5766,6248,1
1471,3046,1
1672,2604,1
1420,3255,1
5783,5800,1
1415,948,1
1471,947,1
1393,1646,1
4854,4272,1
1060,3508,1
1681,1095,1
3669,2476,1
5881,6047,1
4417,6864,1
927,237,1
3336,5152,1
1625,2657,1
4543,6169,1
284,2190,1
973,1463,1
454,2017,1
4543,6612,1
5728,4213,1
157,751,1
627,284,1
2033,3153,1
743,1602,1
5,32,1
917,2360,1
105,4924,1
1430,962,1
4738,5050,1
1306,910,1
142,3153,1
5022,4064,1
36,1944,1
1172,3019,1
877,1989,1
4374,2995,1
1523,1023,1
3168,2301,1
6522,669,1
2867,2090,1
967,3765,1
6059,4472,1
2204,2366,1
4892,2540,1
19,684,1
2975,2740,1
4561,2191,1
6638,6776,1
912,1640,1
4437,4403,1
10,198,1
2090,3624,1
4416,3320,1
5803,6619,1
3581,3701,1
2620,3591,1
6156,5131,1
4677,3551,1
1619,5474,1
2762,1594,1
6388,5131,1
2707,2518,1
4405,1192,1
967,874,1
232,598,1
2044,3033,1
3654,1507,1
1170,2202,1
674,1096,1
5713,5736,1
4603,3825,1
2522,3529,1
2172,2732,1
1393,1062,1
2533,5735,1
5146,3475,1
1844,2099,1
5612,5800,1
1034,743,1
3874,3315,1
746,674,1
340,889,1
1811,187,1
2126,4541,1
3647,4561,1
680,5929,1
1524,1486,1
422,5827,1
1838,2046,1
6351,6038,1
827,4233,1
1095,1892,1
6151,6884,1
4180,5420,1
1917,2328,1
155,3340,1
4164,3004,1
2742,3109,1
6794,3585,1
502,239,1
3495,3701,1
1246,2956,1
4604,6429,1
1478,1124,1
6156,6733,1
2756,2294,1
1581,4543,1
3502,2787,1
3147,1585,1
1256,5668,1
755,1670,1
3654,5232,1
3584,2428,1
6648,6647,1
2348,2457,1
5918,5742,1
111,3825,1
2062,2838,1
1559,1802,1
1141,694,1
2673,3248,1
2465,5505,1
5965,5554,1
1277,2125,1
698,4581,1
99,6161,1
4078,3541,1
2471,2090,1
187,2019,1
5127,6537,1
117,645,1
575,254,1
3794,3168,1
1398,1386,1
1594,1613,1
3731,1950,1
4948,14,1
4226,4999,1
42,603,1
5143,2600,1
5005,6667,1
6146,3912,1
54,228,1
3969,2799,1
719,2818,1
3097,1493,1
900,719,1
1306,1821,1
4377,3486,1
5129,4195,1
6412,4477,1
5905,5493,1
3150,3004,1
3053,1961,1
5769,7062,1
2575,2331,1
2781,3295,1
1366,1631,1
373,3252,1
2463,4672,1
2421,1509,1
292,281,1
167,1332,1
2459,3153,1
725,3939,1
154,1332,1
981,3255,1
3330,2397,1
1184,270,1
6310,1285,1
525,5317,1
2758,2471,1
1193,2665,1
3009,3189,1
6529,6149,1
3681,4827,1
723,29,1
6560,6173,1
81,693,1
1056,1392,1
972,1742,1
155,357,1
3286,5102,1
2123,2507,1
3242,2018,1
1949,1431,1
281,428,1
3919,5194,1
128,76,1
2477,2756,1
28,1260,1
1256,2564,1
2465,2506,1
4463,6085,1
1450,3457,1
4118,5479,1
4599,6084,1
2792,2371,1
6055,6545,1
4757,2912,1
1156,1370,1
195,1802,1
2330,5117,1
1763,4528,1
5292,4226,1
4948,5043,1
3314,428,1
2427,2191,1
3495,2191,1
1458,1510,1
4543,4979,1
3445,2492,1
6171,7027,1
3733,4007,1
853,1174,1
3107,2571,1
2328,2707,1
2463,3108,1
4430,5282,1
3681,2172,1
3391,2430,1
1736,1106,1
284,2451,1
2471,2871,1
1306,1648,1
1672,1062,1
5072,5921,1
3314,5573,1
105,5904,1
5783,5921,1
6107,6537,1
1779,3059,1
3794,4032,1
4437,5075,1
1961,2572,1
5709,5222,1
1062,4808,1
701,2533,1
6084,3153,1
2471,3255,1
2617,1951,1
5989,5736,1
1347,1463,1
398,1707,1
2099,3007,1
489,6608,1
4149,5109,1
1740,3457,1
379,371,1
188,139,1
40,568,1
5042,5871,1
422,795,1
1568,2372,1
6021,5488,1
1471,2071,1
776,1961,1
2270,2428,1
6626,5734,1
2431,1054,1
743,2698,1
666,660,1
2836,5050,1
54,846,1
3140,3921,1
902,875,1
3293,3521,1
5447,14,1
2048,3861,1
5298,5668,1
3150,5209,1
2204,3347,1
289,812,1
2705,2063,1
897,638,1
2617,3248,1
3009,2753,1
2191,2864,1
4676,5537,1
1555,1420,1
1062,2690,1
310,682,1
3328,3059,1
81,669,1
4469,2572,1
383,395,1
546,5554,1
2673,2863,1
3051,1184,1
284,2691,1
1244,880,1
2680,1951,1
6016,5317,1
2463,2127,1
5129,6024,1
2290,1937,1
2810,5329,1
1256,7027,1
19,2760,1
4472,5784,1
5149,3529,1
5372,4552,1
3360,3487,1
780,789,1
5470,6598,1
4559,5770,1
48,5449,1
3313,3465,1
381,1892,1
2343,4459,1
2758,2908,1
10,1486,1
149,153,1
2348,3002,1
5129,5904,1
2372,2697,1
1029,1028,1
1032,1610,1
1555,6722,1
2763,3763,1
1625,2459,1
3140,2829,1
3157,4656,1
1420,3360,1
1256,6050,1
353,2758,1
1024,604,1
5127,5613,1
4393,5687,1
5617,4910,1
904,3452,1
2126,2607,1
4417,5666,1
5176,4628,1
911,3320,1
1050,2066,1
1263,1486,1
222,1651,1
4611,3446,1
2,228,1
310,2425,1
591,2847,1
111,4730,1
6128,6202,1
362,1264,1
422,3331,1
2044,3680,1
2747,5767,1
2679,1106,1
3140,4079,1
1233,1205,1
697,2956,1
1150,3108,1
4616,6024,1
3735,4961,1
1349,783,1
4149,6084,1
571,733,1
888,1028,1
872,239,1
6306,5127,1
1701,762,1
2464,3056,1
111,139,1
6152,6456,1
1900,910,1
3280,3150,1
1069,778,1
4612,4377,1
270,1644,1
36,357,1
4984,5688,1
3654,4945,1
24,381,1
4664,4226,1
422,4193,1
3330,2566,1
1420,4988,1
3991,3150,1
4218,4217,1
195,239,1
1156,2698,1
106,558,1
2652,1420,1
159,751,1
6415,6637,1
2061,2343,1
756,3645,1
1940,1062,1
139,532,1
6335,6737,1
5571,5149,1
4892,6830,1
2786,7029,1
794,29,1
3919,4828,1
5123,3004,1
1050,1933,1
6055,6146,1
4489,4226,1
7,339,1
718,1759,1
499,1937,1
6188,4687,1
2431,4052,1
2164,4945,1
697,2968,1
698,604,1
1675,2348,1
2371,694,1
3650,3651,1
5149,5330,1
2707,5983,1
756,2810,1
7,441,1
4417,4621,1
1363,1805,1
2062,1892,1
391,1972,1
4315,4522,1
2338,2516,1
2396,3521,1
3147,4310,1
6380,6429,1
2037,2062,1
4315,4587,1
2467,2831,1
1699,2294,1
10,459,1
3403,2756,1
3446,3719,1
1050,1629,1
1351,4210,1
1761,1450,1
1928,1064,1
1306,1651,1
4892,3508,1
2425,2506,1
3106,1197,1
1369,1358,1
1192,2123,1
4078,3781,1
701,739,1
2204,3176,1
5376,4522,1
2468,1244,1
3156,4052,1
910,1392,1
3273,3153,1
3929,3033,1
3150,4443,1
2427,2366,1
5680,6186,1
756,3598,1
340,1064,1
4477,5496,1
5695,5889,1
3574,2420,1
641,644,1
4552,2301,1
6026,5742,1
1394,379,1
697,6608,1
1131,1398,1
5047,4705,1
2166,2665,1
3643,1192,1
1900,2062,1
5495,3306,1
1192,1457,1
2037,2381,1
6709,7027,1
4430,5194,1
2758,1244,1
5072,7021,1
2997,1828,1
2463,3146,1
1836,1275,1
69,933,1
4677,5194,1
590,591,1
4616,1593,1
765,1607,1
6329,5929,1
4068,2064,1
5534,6085,1
910,1724,1
6934,6001,1
1415,4158,1
2397,6332,1
1763,2761,1
3142,3141,1
1828,2471,1
4943,5573,1
3336,4118,1
1447,2580,1
406,433,1
1168,1493,1
3360,4788,1
16,44,1
3096,5286,1
1141,1523,1
1672,2511,1
3314,4648,1
4892,3045,1
40,332,1
3441,3529,1
697,4077,1
766,694,1
991,1640,1
5016,6991,1
18,44,1
1756,1520,1
1208,644,1
644,2079,1
2467,3781,1
3144,1080,1
4604,3598,1
719,3849,1
681,2571,1
93,4177,1
1462,1631,1
3654,4924,1
4091,3315,1
2126,2017,1
972,2258,1
353,3287,1
1613,1589,1
2477,2127,1
5488,6403,1
2431,6705,1
4033,1192,1
3059,2506,1
1166,875,1
2343,1192,1
3017,3160,1
5904,4477,1
1043,1024,1
2705,3406,1
697,656,1
1562,379,1
1314,4129,1
1235,1400,1
5129,2600,1
4091,2126,1
2044,3248,1
3643,4291,1
5161,4634,1
112,3261,1
4468,3781,1
112,1493,1
3587,6437,1
2357,6686,1
1032,5232,1
6017,6050,1
2707,5426,1
4417,6990,1
2377,2071,1
2740,3203,1
2348,369,1
157,1447,1
1836,1699,1
896,874,1
1032,1682,1
3668,4561,1
2907,3939,1
6548,4463,1
4283,5857,1
1984,3848,1
2763,1951,1
1376,1724,1
285,2731,1
169,6833,1
4315,4782,1
533,883,1
697,5496,1
306,532,1
1415,4177,1
2463,1820,1
904,2767,1
1303,1897,1
4522,5911,1
4606,3701,1
2465,2425,1
251,862,1
5,1365,1
4845,553,1
286,573,1
2042,1640,1
22,69,1
10,1523,1
2767,3007,1
1578,3598,1
4825,4822,1
2159,2604,1
2459,2767,1
4672,4222,1
5,257,1
4522,2382,1
1891,1937,1
5129,6227,1
1099,1493,1
951,2575,1
4177,3644,1
3106,2750,1
19,196,1
1050,5763,1
2550,2665,1
2766,4628,1
917,1919,1
1811,2761,1
6634,6307,1
1370,1703,1
2327,1961,1
2396,2191,1
5539,5563,1
286,599,1
3150,5736,1
4543,2540,1
2046,2361,1
4599,4805,1
4919,6986,1
692,883,1
5989,5514,1
2127,1937,1
4809,5165,1
3743,2127,1
2288,1681,1
2752,2582,1
6780,6518,1
5292,4672,1
157,2287,1
697,1730,1
640,963,1
1171,1170,1
111,1141,1
4892,5864,1
680,950,1
2463,1541,1
2705,4541,1
3643,3651,1
5356,5612,1
6496,4463,1
2382,4617,1
398,1332,1
1485,1574,1
881,3306,1
490,1520,1
2895,3222,1
904,6735,1
718,1589,1
1277,1961,1
2261,1795,1
4672,5738,1
1359,1631,1
6167,6195,1
4335,4310,1
2582,2621,1
2323,3691,1
3336,4066,1
5203,6789,1
1811,3059,1
4417,6647,1
3439,3169,1
697,1935,1
6029,1285,1
5,138,1
1609,1835,1
4180,4193,1
2676,4528,1
1616,1793,1
765,1094,1
3147,3495,1
3044,2430,1
36,361,1
159,445,1
5123,2600,1
2705,4275,1
9,239,1
862,2128,1
1829,2970,1
6180,4696,1
2048,3701,1
1060,774,1
1272,2122,1
2474,6585,1
372,3303,1
2761,3580,1
2050,3108,1
6762,4522,1
286,786,1
2752,2127,1
1365,910,1
697,2731,1
2756,3055,1
41,379,1
2377,2764,1
3054,3148,1
638,1937,1
5813,5236,1
904,2980,1
5306,6454,1
3807,1542,1
221,319,1
1718,1984,1
1106,2183,1
3444,4286,1
5571,4226,1
2301,5800,1
1524,2191,1
3147,2584,1
4604,5527,1
4431,4787,1
2036,2872,1
1105,1724,1
1034,2691,1
2204,2767,1
4033,5138,1
1359,1703,1
6029,6173,1
242,762,1
6151,6056,1
3747,2172,1
5213,4705,1
5905,3475,1
5534,6065,1
5230,5224,1
285,1814,1
5,205,1
1476,1473,1
3495,3406,1
2841,1156,1
6646,3410,1
1558,1730,1
3222,4097,1
2348,2756,1
1244,1208,1
76,922,1
2790,1594,1
4552,4038,1
2127,5928,1
6554,4537,1
1002,5887,1
6180,7027,1
166,161,1
3207,4991,1
3273,4304,1
3990,6647,1
2330,4705,1
5631,5630,1
5989,6146,1
972,683,1
5146,5630,1
2172,3150,1
1059,857,1
105,5688,1
697,5237,1
605,606,1
792,76,1
1996,1566,1
5783,6281,1
1485,1366,1
1836,1898,1
3313,2838,1
3746,6454,1
5354,6809,1
2127,1471,1
1062,1486,1
1375,2863,1
232,340,1
4819,1820,1
4962,669,1
3313,1267,1
911,2381,1
4033,2431,1
862,948,1
1619,3009,1
792,1128,1
3923,2389,1
2127,3287,1
279,1184,1
4315,6114,1
2763,4605,1
5750,3585,1
910,4511,1
904,778,1
1591,2190,1
5933,2348,1
69,592,1
2680,4443,1
2707,3320,1
1370,1062,1
73,357,1
4040,698,1
1002,6161,1
4068,6248,1
2763,5738,1
1002,5138,1
938,1420,1
4850,6733,1
982,911,1
1050,5766,1
2290,1924,1
1532,2048,1
3152,1605,1
581,785,1
2064,5065,1
2444,1192,1
2348,6047,1
3148,3059,1
2866,1605,1
2763,2348,1
1829,2564,1
6923,6413,1
3716,5916,1
3654,5628,1
1202,822,1
93,2600,1
3147,2829,1
376,395,1
2786,6752,1
6149,2956,1
10,3633,1
2818,3997,1
3087,4216,1
3150,3152,1
1761,1816,1
4425,1811,1
3097,2760,1
159,644,1
6146,6789,1
1658,1933,1
422,2592,1
3089,2099,1
1002,6302,1
640,1021,1
1478,1143,1
1909,1901,1
4892,4489,1
157,215,1
973,4222,1
2680,5293,1
3053,4952,1
6180,5736,1
1141,1256,1
4606,5043,1
13,1370,1
99,6585,1
422,5127,1
1034,1060,1
2301,4350,1
6176,6151,1
3286,2522,1
11,221,1
3087,6020,1
3095,3541,1
638,781,1
6026,5966,1
973,888,1
6037,1420,1
1205,3160,1
2457,2389,1
4608,5157,1
2377,1699,1
5750,6000,1
3009,6861,1
6229,5105,1
277,1386,1
1675,4999,1
3143,2572,1
5292,5747,1
1581,1260,1
217,546,1
1734,696,1
955,2690,1
6050,6512,1
2756,5770,1
3406,3320,1
284,862,1
221,554,1
4213,5050,1
1348,2158,1
5617,5401,1
4897,5682,1
1002,5734,1
2348,2584,1
3781,1950,1
5141,4961,1
1068,3134,1
284,863,1
3157,4291,1
955,1035,1
285,1214,1
2179,3581,1
1168,1395,1
4615,4831,1
1131,1670,1
4854,3261,1
762,1835,1
2457,2571,1
3146,4403,1
2705,2044,1
913,341,1
4892,6169,1
4873,4705,1
4417,4558,1
2342,3252,1
5153,5152,1
591,1172,1
2101,2343,1
1933,2863,1
6928,7109,1
912,4687,1
669,6056,1
2338,1759,1
2055,2183,1
5176,6001,1
3173,2063,1
1415,5073,1
4607,4867,1
3027,3055,1
1050,2053,1
2209,2968,1
157,1491,1
3273,2760,1
5306,5426,1
3747,3148,1
4603,2522,1
3807,3529,1
3157,2370,1
3138,5799,1
2818,5058,1
4522,3729,1
5495,4068,1
5617,6096,1
2747,3644,1
126,5800,1
2506,2091,1
23,2477,1
3480,1933,1
3287,2373,1
6021,3410,1
4720,3781,1
2471,5784,1
3146,2799,1
3647,5065,1
910,1623,1
831,76,1
1050,694,1
4892,5414,1
534,948,1
1034,762,1
23,618,1
6029,5161,1
2431,3255,1
1370,1559,1
1256,2431,1
3464,3124,1
1136,794,1
1168,2138,1
4773,7062,1
1844,3866,1
3812,5401,1
23,1795,1
6266,7029,1
2463,5155,1
2315,1961,1
4033,6056,1
3313,3644,1
2617,3495,1
802,800,1
284,1437,1
422,1839,1
4705,5770,1
3151,2563,1
1829,1664,1
1420,2487,1
1420,3147,1
3109,2063,1
126,69,1
1894,2396,1
289,1453,1
1110,1244,1
2291,3521,1
3140,4222,1
2043,1178,1
155,795,1
2041,2352,1
1363,2457,1
3990,2466,1
28,320,1
2548,2842,1
735,967,1
5176,4892,1
4177,6820,1
2746,6084,1
3678,4648,1
3444,2127,1
2427,2850,1
697,575,1
546,1450,1
4068,3904,1
697,2657,1
2169,2580,1
10,196,1
1080,1063,1
4477,6085,1
3919,3150,1
2575,2571,1
2706,1062,1
697,1141,1
2126,2648,1
3681,3861,1
307,5474,1
533,1299,1
2164,5330,1
4617,1420,1
4078,4118,1
5769,6056,1
69,668,1
1421,944,1
1244,1519,1
277,693,1
3919,5925,1
2348,2572,1
4463,6733,1
2787,2477,1
2348,1566,1
4444,3410,1
2763,3349,1
4300,4149,1
1824,1358,1
305,532,1
247,235,1
4226,5987,1
3799,4210,1
4892,5586,1
6548,4970,1
1675,4210,1
23,1215,1
6050,5687,1
2348,5207,1
5634,4672,1
132,239,1
1141,1450,1
2100,2328,1
232,48,1
1553,4444,1
3651,4171,1
1002,2425,1
4051,3459,1
4091,3904,1
4412,4535,1
6096,6351,1
1961,4924,1
1811,5735,1
3331,3303,1
716,729,1
3277,1192,1
2373,3301,1
4892,5630,1
99,2361,1
3213,2815,1
4116,3701,1
1699,874,1
743,2202,1
3316,3870,1
1615,1658,1
3087,6047,1
493,50,1
3746,4312,1
1366,4297,1
792,1424,1
983,2373,1
1168,1400,1
1256,6151,1
6001,7063,1
284,950,1
3386,1184,1
3302,2366,1
2101,2546,1
1277,1594,1
5695,5563,1
4477,5619,1
3314,5034,1
3336,2127,1
4962,5027,1
2078,1471,1
2347,3320,1
3143,4272,1
3109,3541,1
126,1759,1
1980,2566,1
2808,2697,1
1050,910,1
5782,5127,1
4827,5073,1
2866,2648,1
4377,4561,1
3109,2742,1
5126,5628,1
4194,4291,1
2733,2435,1
910,1681,1
3149,2476,1
3495,4164,1
794,1318,1
3153,5996,1
4427,4123,1
1945,4097,1
3140,4952,1
1458,1646,1
3202,3685,1
16,1112,1
3869,669,1
4892,3445,1
2760,5772,1
3210,3203,1
1450,1001,1
2912,4687,1
4361,3320,1
157,3475,1
4310,4991,1
506,254,1
2099,4447,1
2790,2732,1
2989,1585,1
2731,756,1
3153,5395,1
3329,3097,1
4502,2295,1
5469,4226,1
1608,2071,1
2707,2584,1
912,698,1
587,681,1
216,361,1
5123,5222,1
1655,4444,1
2301,3521,1
4910,5933,1
6206,6613,1
1951,3849,1
2425,2059,1
697,3529,1
5905,6334,1
1233,1540,1
2759,2760,1
3311,2518,1
1928,3242,1
5563,5105,1
697,6479,1
1940,1898,1
490,4961,1
6614,6146,1
5539,3153,1
3314,14,1
967,1507,1
112,789,1
1811,1062,1
4315,2657,1
404,1892,1
2763,3672,1
2115,2864,1
587,6050,1
765,1881,1
286,807,1
1032,903,1
2294,2575,1
5,1551,1
345,1493,1
5586,3153,1
1471,505,1
3157,4621,1
7050,7048,1
422,4283,1
2964,575,1
2044,3591,1
5522,6598,1
118,0,1
697,2370,1
2867,2291,1
4603,4782,1
2391,3487,1
337,64,1
5889,5073,1
2536,2223,1
697,3825,1
4617,5800,1
1404,1142,1
8,320,1
5356,5682,1
1062,2293,1
4310,6916,1
697,4335,1
4377,4543,1
4609,4616,1
3059,3287,1
576,1172,1
3306,1820,1
4332,4552,1
2425,3861,1
3306,3825,1
2044,4059,1
2127,863,1
4626,2191,1
4463,4573,1
2126,2507,1
200,310,1
19,598,1
697,2698,1
286,1441,1
3751,4489,1
5539,4627,1
1029,896,1
3151,2397,1
169,168,1
5129,6916,1
697,4079,1
4552,2572,1
2531,6722,1
210,227,1
6646,6850,1
1277,2864,1
1625,3160,1
23,4459,1
6114,6861,1
10,1602,1
697,1682,1
1088,270,1
1420,2074,1
3143,5490,1
4444,5933,1
4852,5933,1
1446,1514,1
305,1150,1
4585,5087,1
697,3691,1
3261,2810,1
1314,1940,1
591,2190,1
2343,5827,1
2781,2270,1
2126,3160,1
912,4233,1
1485,6585,1
801,553,1
4654,2657,1
910,1315,1
2211,2208,1
40,1453,1
1664,2373,1
3018,3007,1
4033,4895,1
5488,3306,1
719,3140,1
6548,6991,1
4672,4787,1
5129,7029,1
16,25,1
920,1124,1
172,48,1
5870,5185,1
2209,2360,1
2600,5633,1
2263,1178,1
719,1450,1
1517,1392,1
5750,6334,1
3807,3647,1
2476,2893,1
697,1631,1
453,915,1
1140,860,1
3082,2323,1
674,5966,1
242,2691,1
2087,1275,1
4522,4108,1
5105,5141,1
3807,4129,1
3486,553,1
2463,2382,1
1092,1096,1
5206,6056,1
22,287,1
2469,2127,1
1408,1244,1
4522,4219,1
3701,5666,1
1407,1404,1
20,80,1
1080,1050,1
5522,5092,1
3316,3591,1
2431,6084,1
4192,3529,1
2457,2459,1
197,29,1
310,76,1
138,69,1
2101,2457,1
4522,5782,1
1664,1358,1
1811,756,1
5185,5139,1
36,227,1
2326,2287,1
3800,2533,1
28,2099,1
2607,2289,1
2725,3763,1
1669,7080,1
5431,3585,1
2425,2753,1
340,6733,1
1502,1456,1
3869,3867,1
263,3059,1
3529,3248,1
4463,3649,1
5,1024,1
3601,3624,1
3672,4129,1
2061,1135,1
2099,6380,1
157,915,1
3204,3781,1
6482,6479,1
3157,4312,1
169,5330,1
801,2518,1
107,765,1
4414,3619,1
1166,1143,1
3647,5075,1
2033,930,1
4377,4606,1
1256,4525,1
4149,5125,1
281,3816,1
2913,3203,1
4463,6615,1
4430,5107,1
5073,4910,1
936,1259,1
2456,3002,1
2294,2293,1
2697,2976,1
1681,3521,1
6096,5329,1
3095,2756,1
2041,2956,1
2996,3521,1
776,1937,1
1271,875,1
1503,1365,1
917,735,1
5709,5155,1
6176,5131,1
5768,4952,1
1363,1602,1
111,3591,1
3672,4283,1
3695,3691,1
10,1320,1
1188,3691,1
3143,4819,1
2456,3800,1
5,234,1
2191,2838,1
6026,2600,1
866,5050,1
2294,2471,1
1256,3488,1
2377,369,1
2705,3873,1
1032,2250,1
4522,3315,1
1519,1924,1
3672,5916,1
6150,3045,1
972,2361,1
4543,5904,1
3596,3861,1
5129,4850,1
6813,4477,1
962,957,1
4077,3581,1
1256,3392,1
4718,2191,1
1366,2658,1
81,474,1
1870,1419,1
9,649,1
2425,2758,1
2767,3055,1
725,154,1
16,857,1
4617,3644,1
5994,6876,1
1478,947,1
3547,2366,1
6028,5105,1
719,3189,1
3144,4097,1
126,6149,1
4603,4377,1
3147,4459,1
4133,2815,1
2705,4603,1
2290,1830,1
5430,5222,1
5146,6913,1
57,512,1
123,125,1
3086,3138,1
5792,3020,1
5571,5987,1
1659,2477,1
697,2566,1
62,532,1
4613,4219,1
3587,6585,1
372,254,1
2463,1669,1
6300,5289,1
5,800,1
1371,1453,1
5052,5198,1
3316,3138,1
1418,2438,1
3997,4131,1
3314,4038,1
755,2872,1
2810,6733,1
2099,2507,1
2676,4129,1
2348,2604,1
4892,4981,1
4463,3306,1
157,749,1
284,4656,1
2060,2556,1
263,2126,1
641,783,1
1471,1989,1
3669,3059,1
1478,1602,1
4624,5129,1
1205,1623,1
285,768,1
3873,3956,1
1961,2372,1
1404,505,1
6156,6752,1
5792,5127,1
743,505,1
279,1408,1
912,1098,1
3919,5075,1
6029,5904,1
576,1584,1
298,676,1
6838,7027,1
1233,1143,1
2389,3108,1
1675,1372,1
141,69,1
4399,3644,1
4066,4605,1
2164,14,1
5222,6087,1
502,591,1
139,167,1
3143,4286,1
2818,2457,1
5786,5870,1
1555,1351,1
285,1001,1
5129,6456,1
6634,7109,1
3272,4808,1
904,3203,1
3718,2548,1
1235,288,1
3153,3997,1
106,3984,1
5176,7063,1
3799,3033,1
3594,4217,1
245,310,1
2048,3108,1
5782,6203,1
1917,3055,1
1041,956,1
1032,3649,1
1141,4656,1
1256,1578,1
1658,1001,1
2617,3059,1
4701,2829,1
1951,4312,1
3222,2666,1
641,674,1
6079,5554,1
3172,4808,1
3275,2127,1
5,749,1
697,3255,1
3314,4777,1
2261,2580,1
3307,2908,1
5541,4287,1
1050,1260,1
5782,5966,1
3687,3685,1
263,4172,1
281,3932,1
719,1802,1
340,3589,1
2728,2124,1
365,5401,1
1050,822,1
502,1088,1
1890,1431,1
3643,4996,1
5354,7109,1
268,379,1
910,1950,1
1686,3690,1
2746,2371,1
163,657,1
1351,1585,1
5680,6798,1
1370,1802,1
1844,2063,1
334,357,1
1063,1096,1
3206,3203,1
160,1463,1
3124,1950,1
3004,4226,1
1366,4233,1
6159,5742,1
6176,4773,1
1363,1790,1
2758,2506,1
1420,51,1
30,44,1
4897,5282,1
5292,5132,1
917,983,1
6171,6293,1
373,916,1
2912,4335,1
2895,3563,1
3134,2348,1
1370,2451,1
6084,6281,1
3222,2997,1
7064,6413,1
3143,4922,1
253,139,1
3189,6598,1
891,889,1
2371,3301,1
195,48,1
947,521,1
4618,4801,1
2373,2765,1
3776,6809,1
731,729,1
3807,2250,1
350,210,1
3058,4052,1
1471,1730,1
4522,5616,1
1168,945,1
1050,2349,1
1478,521,1
2338,1298,1
5925,5146,1
4482,6733,1
604,3146,1
3150,6248,1
1059,888,1
9,658,1
977,957,1
2348,2123,1
1233,948,1
286,937,1
3009,2428,1
755,3055,1
2912,3807,1
2571,1420,1
2471,4420,1
3990,5019,1
4463,4610,1
2584,391,1
1536,6107,1
647,1450,1
3148,4299,1
701,505,1
1979,1106,1
2492,4672,1
4522,3004,1
14,7,1
2997,4129,1
4892,7027,1
373,2315,1
28,2398,1
1766,1704,1
3654,3765,1
2765,4007,1
1650,1295,1
2810,5736,1
5572,5889,1
743,2765,1
1420,1520,1
1366,3645,1
4377,4817,1
4756,5496,1
4857,4335,1
2792,2815,1
2164,1655,1
2330,698,1
4806,4801,1
5571,5871,1
281,2740,1
1168,1184,1
165,1933,1
2666,2761,1
6152,4537,1
1297,1956,1
2192,1562,1
2808,2372,1
5455,4910,1
105,6161,1
232,237,1
1681,2526,1
1701,2127,1
372,2430,1
1835,1804,1
3990,3096,1
299,254,1
2044,2571,1
3446,2765,1
106,789,1
638,1184,1
917,1276,1
4253,3045,1
1370,1450,1
6029,5141,1
2558,2556,1
2463,2566,1
3490,3885,1
2126,3589,1
4482,5682,1
133,644,1
5129,4970,1
4467,2533,1
294,3475,1
1609,2764,1
1944,1830,1
1408,2048,1
5792,6050,1
2370,2044,1
1824,3301,1
1616,1810,1
896,693,1
237,780,1
3124,3109,1
801,4063,1
6334,6667,1
747,3495,1
2348,3679,1
62,2533,1
1664,2296,1
111,2465,1
1562,270,1
3329,3248,1
5043,4602,1
2463,2163,1
4616,6722,1
3587,4312,1
2600,1584,1
1420,2191,1
2742,3108,1
1205,1823,1
2824,2038,1
134,1330,1
1890,1835,1
3464,6916,1
3446,3488,1
1248,2090,1
3316,2420,1
1394,2467,1
1471,1915,1
2763,1184,1
1376,3907,1
4714,5102,1
2260,2564,1
32,312,1
3026,2425,1
3904,6123,1
1050,2046,1
2772,2323,1
99,3581,1
155,3193,1
743,5087,1
5551,4945,1
1471,2208,1
1351,1106,1
5317,4444,1
756,1542,1
3247,2348,1
4859,6180,1
913,1578,1
2897,1828,1
5539,5925,1
221,294,1
1262,1259,1
2034,1664,1
4149,5134,1
4561,3904,1
3296,3645,1
2475,2425,1
6288,1761,1
3150,3445,1
2758,1054,1
2200,1471,1
5123,6861,1
2044,1589,1
1420,1493,1
4984,5474,1
1458,1519,1
3033,6645,1
1062,4616,1
181,6334,1
3654,4641,1
697,4031,1
2575,2366,1
2348,2533,1
5904,2030,1
1420,2348,1
216,554,1
155,2571,1
3143,5240,1
2044,1853,1
1763,1613,1
4897,4627,1
2465,3108,1
3140,4813,1
2101,2398,1
2347,1892,1
1256,1507,1
2078,778,1
1558,1486,1
2457,553,1
3444,3825,1
5514,6756,1
5786,3303,1
3390,5141,1
98,2764,1
4892,6015,1
3138,3303,1
4190,1197,1
755,1063,1
1063,1124,1
1110,1892,1
3147,4808,1
697,5747,1
4116,3189,1
5236,5222,1
2270,3529,1
5441,5292,1
6414,6585,1
6381,3926,1
910,1450,1
4616,5916,1
884,6920,1
2786,2572,1
4033,2172,1
2658,2038,1
4899,3004,1
612,373,1
133,1184,1
157,871,1
2912,4730,1
743,1201,1
6674,5139,1
2763,3004,1
3313,756,1
1664,5247,1
1420,1450,1
5,1529,1
698,638,1
3654,5224,1
6780,6809,1
626,3555,1
5571,6165,1
3296,3997,1
7049,7109,1
6388,7109,1
2617,2566,1
2707,4787,1
1615,1611,1
1298,3195,1
2813,2166,1
3313,2107,1
6335,6722,1
665,405,1
4677,5256,1
3935,4535,1
1002,2698,1
4417,4177,1
10,489,1
2908,2372,1
735,1437,1
1097,807,1
3140,5966,1
697,2908,1
217,254,1
972,2032,1
4477,5694,1
1295,1493,1
422,5377,1
107,1294,1
6548,6926,1
1934,1681,1
2525,2567,1
910,1835,1
4561,4098,1
1940,1366,1
1277,1989,1
5037,5109,1
78,474,1
2581,2459,1
5995,5127,1
2260,2371,1
294,292,1
4116,3518,1
2912,2604,1
910,2138,1
1105,1266,1
2841,4063,1
3807,2301,1
6146,5488,1
3799,3904,1
3053,5668,1
755,827,1
1018,1208,1
4607,5375,1
1314,1968,1
4439,3701,1
6640,6415,1
4616,4427,1
2746,6612,1
3147,2572,1
1062,1095,1
2798,2331,1
734,681,1
328,2740,1
3053,2191,1
2444,6165,1
6146,3453,1
1244,1404,1
4463,6203,1
2290,2556,1
157,1418,1
2722,2893,1
4892,4605,1
3082,2740,1
1262,1096,1
422,7062,1
4613,5784,1
872,656,1
4897,6227,1
3314,5153,1
1366,1514,1
2071,5641,1
3149,2735,1
6369,6986,1
4700,4068,1
3109,2090,1
2425,3002,1
4677,2290,1
1485,1824,1
1669,1950,1
3901,3152,1
1553,1747,1
2506,3169,1
5701,5586,1
93,4403,1
2818,2477,1
1824,1485,1
2343,2698,1
2764,2444,1
5795,5474,1
2348,5050,1
4606,5742,1
6151,6415,1
3111,4210,1
1420,1790,1
4522,5430,1
794,972,1
165,248,1
1095,2621,1
3314,3486,1
580,1418,1
1656,5668,1
4261,6334,1
1844,2582,1
10,2389,1
1259,1060,1
7049,6307,1
743,1613,1
165,3034,1
36,1839,1
1951,3150,1
4576,1675,1
3087,5929,1
1369,1063,1
2707,5167,1
2767,5061,1
3678,5050,1
19,1450,1
2463,2079,1
6707,6752,1
4691,4687,1
769,3059,1
10,287,1
4613,5043,1
1184,1128,1
10,4210,1
3147,2518,1
6388,6429,1
1492,1529,1
6156,6735,1
2760,2531,1
4482,6146,1
1613,2048,1
366,498,1
398,653,1
2357,1838,1
6043,6218,1
1141,1184,1
13,552,1
3643,4508,1
398,2758,1
2326,2758,1
117,410,1
1471,1704,1
28,644,1
1627,2287,1
4430,5573,1
2233,2226,1
2617,3873,1
2033,6798,1
982,5857,1
5149,5146,1
4948,5490,1
2767,1828,1
3106,2059,1
2126,3444,1
1244,1611,1
4897,4377,1
2768,2062,1
5222,6565,1
4051,2172,1
3306,3800,1
1366,1805,1
4642,4641,1
362,1244,1
2476,3248,1
912,2032,1
4599,6157,1
47,774,1
40,906,1
3387,2838,1
3314,3901,1
3148,1828,1
1961,1669,1
1981,3046,1
3267,6230,1
1984,2224,1
3150,4482,1
1363,3073,1
1450,1903,1
4606,5065,1
2705,4431,1
888,1173,1
106,1366,1
1192,2976,1
345,1063,1
4828,3904,1
2995,5539,1
111,3255,1
3545,5058,1
1627,369,1
794,1404,1
5488,5688,1
680,5117,1
2463,428,1
216,1919,1
1759,1431,1
1150,751,1
2322,2394,1
1811,2270,1
2064,5224,1
2705,3651,1
1035,2516,1
2396,3901,1
3313,3059,1
2396,5395,1
967,1512,1
756,2871,1
5043,4705,1
701,2381,1
80,1299,1
6335,6705,1
5996,6281,1
1127,1318,1
595,592,1
3495,2995,1
2767,2372,1
1365,1143,1
1243,1555,1
4483,4587,1
3655,6180,1
4098,4787,1
4892,6884,1
4629,6087,1
1928,2291,1
3143,2466,1
1420,5185,1
19,2580,1
2425,2177,1
4149,3096,1
917,1424,1
641,922,1
1314,1256,1
2044,4164,1
5750,5534,1
864,2871,1
4962,5026,1
5292,4952,1
1168,1306,1
31,1682,1
546,683,1
5043,6281,1
6372,6733,1
4809,2815,1
2705,4097,1
1811,3242,1
801,2507,1
422,2765,1
3059,4226,1
286,922,1
3134,3150,1
2707,3406,1
972,1156,1
3682,3967,1
3654,4499,1
1836,2360,1
755,1935,1
1131,1106,1
2833,2842,1
19,2133,1
23,3495,1
6548,3912,1
755,2139,1
884,6173,1
5104,3153,1
3465,3242,1
1578,1358,1
5734,5138,1
3921,3956,1
126,1493,1
780,774,1
1471,1176,1
4624,1811,1
1370,1664,1
5354,6173,1
3149,3128,1
231,208,1
5222,2912,1
165,2381,1
4108,3800,1
563,612,1
3149,2126,1
1940,1835,1
695,1919,1
81,4787,1
128,237,1
1034,1631,1
1420,1124,1
1102,2123,1
5042,5537,1
13,221,1
4412,3320,1
3059,2428,1
2064,5132,1
4377,2370,1
3138,1130,1
3147,4256,1
1951,2062,1
3077,4828,1
1024,3446,1
1116,2790,1
1035,2556,1
372,381,1
4606,5194,1
1184,2477,1
76,1944,1
1979,1256,1
3444,6717,1
3990,4773,1
206,1050,1
2431,5769,1
1192,2842,1
4617,4193,1
285,2172,1
3150,4109,1
2767,756,1
780,1284,1
78,694,1
3111,4377,1
5058,817,1
2818,2765,1
4603,5102,1
2348,5139,1
19,694,1
6538,6737,1
372,2164,1
5315,3649,1
788,852,1
2044,2226,1
5123,4463,1
2972,14,1
2327,2471,1
172,2123,1
105,5706,1
1669,2691,1
779,698,1
1951,3519,1
2397,6403,1
719,2138,1
4377,4822,1
5,217,1
3390,3306,1
1002,2122,1
7,445,1
2790,2740,1
1404,1707,1
4672,5161,1
6632,6123,1
3147,1080,1
1835,1829,1
3871,3316,1
1192,2546,1
5584,4287,1
2740,2062,1
697,6420,1
1761,1471,1
4387,1507,1
6718,6332,1
1668,1420,1
81,2760,1
1835,1485,1
1418,1892,1
1205,1051,1
6021,6420,1
3153,6733,1
142,64,1
3087,5537,1
197,1657,1
3261,5868,1
2189,1682,1
5792,6114,1
2425,3453,1
3287,6637,1
2463,1295,1
1506,1266,1
19,898,1
23,947,1
1478,1035,1
1001,2878,1
1936,2968,1
1192,3255,1
2785,2425,1
1996,4788,1
1349,1128,1
422,2389,1
4430,2290,1
755,2560,1
1824,1366,1
725,1551,1
1961,3096,1
2868,3842,1
4596,1420,1
1062,774,1
3039,756,1
1447,1493,1
718,1064,1
4617,5555,1
2064,5247,1
4676,4561,1
3895,2348,1
632,1441,1
632,3347,1
4892,6281,1
294,4061,1
1366,2582,1
2427,3301,1
286,1082,1
3672,3763,1
2471,5073,1
4606,2233,1
1594,1450,1
1002,3392,1
5055,5050,1
4665,669,1
609,76,1
3293,2063,1
2657,1197,1
120,262,1
1106,1349,1
4194,2799,1
2596,1584,1
3654,5420,1
5670,7029,1
1128,896,1
4523,3002,1
3651,4808,1
5166,4979,1
2377,270,1
4091,4827,1
5651,142,1
912,6399,1
2063,1594,1
5147,3087,1
1870,3059,1
141,153,1
1894,2291,1
1532,1976,1
2689,2328,1
5834,5420,1
912,781,1
1996,4627,1
112,820,1
3330,3248,1
2571,5925,1
351,546,1
162,885,1
157,1056,1
502,1415,1
1424,1366,1
649,1215,1
1585,1584,1
665,210,1
697,4787,1
663,739,1
2,660,1
1062,3320,1
3168,4098,1
4427,3261,1
695,1332,1
1404,1607,1
1062,2190,1
669,5782,1
7,579,1
703,2405,1
1192,2057,1
3643,1197,1
2680,1493,1
126,693,1
6295,5185,1
144,675,1
6710,5146,1
253,1898,1
1370,1237,1
1824,3109,1
502,815,1
5470,6248,1
4617,5146,1
4943,5624,1
1097,1450,1
1260,1898,1
2431,2466,1
1256,6794,1
6034,1285,1
5129,4910,1
6180,6546,1
2169,1471,1
1192,3651,1
862,1290,1
453,719,1
3794,4605,1
3940,2765,1
2123,2191,1
898,1082,1
2163,2287,1
10,4480,1
340,1579,1
904,2397,1
4088,4171,1
5539,5706,1
1393,1288,1
5539,1367,1
904,669,1
600,187,1
4172,5827,1
5634,6833,1
1547,1924,1
2348,5330,1
1235,1795,1
3746,3972,1
1653,4222,1
755,1519,1
4604,4272,1
1105,1235,1
20,2202,1
3143,5375,1
6171,4414,1
62,4508,1
6335,6889,1
743,3128,1
2500,3019,1
6732,6056,1
1032,5102,1
5289,817,1
912,1507,1
3459,1950,1
1062,369,1
4477,5256,1
4469,3140,1
2046,1830,1
2761,2425,1
6024,6165,1
1948,910,1
4705,4256,1
743,2348,1
1233,863,1
4607,5539,1
5889,5987,1
2063,1960,1
373,871,1
4883,3781,1
5989,1285,1
4165,3147,1
1002,6613,1
2100,2761,1
2162,270,1
5743,6809,1
1838,1793,1
966,1266,1
4823,5734,1
4427,4892,1
2382,2398,1
2044,3287,1
3328,4177,1
2463,4459,1
1172,1297,1
2517,2516,1
1619,916,1
1263,1260,1
5925,3679,1
232,587,1
78,187,1
981,1523,1
2676,2735,1
3147,3406,1
2347,2465,1
2506,2430,1
1088,1390,1
5470,6161,1
6152,6512,1
1050,6064,1
1424,743,1
2467,5414,1
1168,1080,1
9,257,1
138,221,1
972,1681,1
697,5864,1
4897,5194,1
6721,5317,1
6436,5633,1
1591,698,1
3087,5286,1
281,768,1
284,1609,1
2348,2370,1
2742,4226,1
3465,5256,1
1408,3904,1
5932,3926,1
28,546,1
3449,3002,1
5129,6429,1
755,1355,1
1244,1124,1
2100,2970,1
1416,4335,1
1562,1393,1
4543,4482,1
3314,5685,1
2746,2764,1
2450,4828,1
4717,5058,1
5513,4867,1
3921,4063,1
5539,5588,1
4048,3459,1
5317,6538,1
2657,3685,1
34,346,1
3444,3149,1
1447,2372,1
3406,2758,1
2799,2571,1
972,1170,1
4377,3488,1
5252,6307,1
4606,3261,1
3725,2127,1
1424,1370,1
3701,3004,1
912,3661,1
3990,6595,1
641,1128,1
3486,3591,1
5420,4149,1
1050,4079,1
3507,1892,1
1105,1471,1
6220,6861,1
2706,2057,1
3161,3160,1
2127,2138,1
4723,3096,1
6405,6173,1
5707,6161,1
3143,2850,1
5637,3644,1
5997,5996,1
2044,2063,1
697,1238,1
5238,1235,1
5792,4482,1
6176,6190,1
134,239,1
310,580,1
105,4850,1
1143,936,1
1900,1035,1
743,62,1
5792,6335,1
1471,2360,1
2294,2976,1
912,948,1
2347,3901,1
755,862,1
111,5117,1
10,1793,1
3444,2397,1
10,2761,1
10,1393,1
3587,2760,1
2607,3134,1
3086,4773,1
5493,5827,1
4367,3149,1
3681,5743,1
4910,6218,1
1192,2756,1
1471,2053,1
2444,2600,1
700,546,1
4716,3997,1
4992,2074,1
578,665,1
2348,2735,1
1763,1493,1
934,1024,1
4694,4827,1
2967,3825,1
5,371,1
28,5414,1
857,1404,1
6067,6085,1
5145,5222,1
2037,1493,1
2099,3870,1
4430,2956,1
2898,1655,1
4738,5782,1
5127,6613,1
1306,1629,1
969,718,1
1761,1237,1
697,2995,1
1370,2046,1
5354,3009,1
4429,4588,1
1036,735,1
155,1184,1
2753,2746,1
4522,2657,1
2044,3203,1
546,1371,1
10,600,1
697,4892,1
1761,2204,1
3500,2758,1
279,3203,1
546,4606,1
270,1594,1
4892,6026,1
1069,1699,1
4149,5087,1
2044,5792,1
1105,1968,1
3351,6479,1
3308,2531,1
1192,391,1
3222,2366,1
40,272,1
2453,2425,1
6669,6537,1
2919,2425,1
172,546,1
6427,6173,1
3383,2742,1
1171,1365,1
5782,5987,1
1180,1355,1
7,272,1
197,2066,1
6017,4910,1
157,1398,1
289,373,1
1763,2732,1
5792,5867,1
1415,5768,1
5571,1235,1
5514,5685,1
560,564,1
546,1419,1
285,405,1
216,561,1
5735,4261,1
4616,5967,1
2767,3195,1
5766,4414,1
1097,1173,1
279,3108,1
1828,5784,1
1383,1423,1
133,751,1
286,676,1
4417,6026,1
2348,4431,1
2425,3645,1
1192,51,1
2348,6546,1
1032,4172,1
3331,2980,1
285,1610,1
6107,5921,1
1669,2430,1
3248,3059,1
1835,2361,1
3668,1828,1
5129,5887,1
3465,5179,1
3387,2427,1
1825,1823,1
697,1315,1
13,606,1
1131,1128,1
1447,1501,1
422,3004,1
4310,1593,1
3459,3235,1
10,116,1
163,871,1
41,1187,1
1035,1256,1
4599,2533,1
632,698,1
316,936,1
3287,2459,1
281,910,1
4677,1351,1
1829,369,1
5420,4788,1
1477,1529,1
2975,3255,1
422,1644,1
489,1951,1
2812,3280,1
1473,1607,1
5769,6647,1
3314,5293,1
1940,669,1
2585,3846,1
2600,6064,1
642,645,1
6383,5966,1
3316,3242,1
2425,2970,1
1205,2740,1
2064,5395,1
5539,6735,1
3313,2607,1
669,4489,1
3241,3242,1
197,228,1
4828,6399,1
53,49,1
2122,1418,1
1306,1646,1
1029,1172,1
2506,3004,1
697,4605,1
3154,3475,1
4561,6598,1
4632,5247,1
3004,3242,1
2459,778,1
3208,3203,1
5769,3045,1
1256,1237,1
1656,3765,1
2705,3034,1
5143,4414,1
1704,1795,1
99,4895,1
4892,6637,1
9,150,1
1447,1315,1
2761,2471,1
3261,4543,1
4377,1811,1
4552,5966,1
2101,2507,1
5228,3981,1
2126,1945,1
1447,2038,1
279,2427,1
362,6084,1
2287,2582,1
728,726,1
1982,2765,1
3059,3866,1
2333,2287,1
157,937,1
6560,6770,1
756,5590,1
3261,4801,1
486,14,1
4992,4910,1
2457,2787,1
6156,5431,1
1156,3591,1
1706,373,1
2126,1054,1
1961,5628,1
6265,1285,1
1477,2575,1
3672,4123,1
1192,2702,1
6293,6306,1
78,5641,1
1050,1424,1
1447,2540,1
2477,2366,1
422,262,1
69,397,1
2680,2294,1
295,125,1
203,736,1
3746,4108,1
20,962,1
3654,3059,1
2467,4193,1
5870,6389,1
3283,3347,1
5141,4068,1
3059,2810,1
1256,3108,1
2833,3939,1
7,340,1
1486,1562,1
2518,3444,1
5309,4850,1
1032,2867,1
2758,2732,1
1792,2459,1
888,735,1
66,342,1
656,719,1
67,285,1
422,7053,1
2463,2476,1
6300,6637,1
4892,6608,1
5539,6864,1
2697,2815,1
3874,2850,1
3004,4867,1
10,2818,1
2657,2980,1
4556,3825,1
2767,1567,1
1486,14,1
2329,2430,1
5512,5688,1
2705,3751,1
1205,1420,1
5766,6429,1
6771,6770,1
3739,2533,1
3008,2357,1
2617,3459,1
5769,6809,1
3263,3295,1
2064,5179,1
24,306,1
5750,4463,1
2787,1594,1
1002,1795,1
2126,4424,1
34,320,1
4548,2164,1
5123,6084,1
3681,4988,1
2582,2343,1
5143,6510,1
2870,891,1
5780,5916,1
4606,5050,1
3189,4617,1
681,3508,1
2767,2315,1
2705,3531,1
1095,2958,1
1420,1898,1
2062,2451,1
5123,5966,1
292,1358,1
1945,896,1
2127,1393,1
3143,3904,1
2746,1351,1
8,464,1
3147,3459,1
362,5996,1
2048,2127,1
1773,1676,1
3318,2430,1
5786,5401,1
681,3956,1
1394,2980,1
6560,6107,1
4906,4226,1
2177,3033,1
1056,1319,1
2348,3147,1
2348,3912,1
13,3661,1
697,4606,1
1244,1669,1
6156,5782,1
4077,3680,1
6029,6612,1
1172,4541,1
2357,4068,1
3168,3647,1
755,1823,1
13,512,1
3314,5401,1
3746,3315,1
2707,2760,1
2270,6861,1
4194,4265,1
2090,2018,1
5493,4672,1
571,254,1
111,2838,1
872,683,1
6391,5966,1
528,3141,1
587,649,1
1773,1770,1
4033,4867,1
966,1060,1
294,1937,1
1032,5967,1
911,2575,1
3654,3580,1
5222,6598,1
2373,1184,1
2781,3255,1
3189,5534,1
5196,4561,1
4604,5377,1
1946,2226,1
983,6218,1
1398,916,1
1393,2564,1
2705,4459,1
5043,5149,1
1370,1676,1
1124,1730,1
5317,6173,1
545,1048,1
1346,1344,1
2270,3146,1
2263,1594,1
4627,6733,1
5470,6986,1
5704,2223,1
197,1658,1
3150,4602,1
779,6598,1
1420,1424,1
801,1828,1
1416,2356,1
644,1493,1
9,134,1
817,6181,1
478,668,1
1105,1060,1
2270,4299,1
2506,2270,1
4910,5514,1
3309,3541,1
111,3059,1
3650,3661,1
718,827,1
1578,5593,1
2164,3873,1
292,277,1
5512,5043,1
502,1060,1
2204,2017,1
3111,3320,1
713,1448,1
4522,6735,1
948,1418,1
817,963,1
422,3990,1
489,933,1
1607,3146,1
6096,4836,1
2043,2053,1
3837,2563,1
2575,2970,1
258,695,1
2697,3861,1
1890,2125,1
4568,2818,1
7,660,1
1303,2204,1
1890,944,1
2944,3287,1
4474,4875,1
4522,4945,1
4463,4216,1
1432,1492,1
5043,5800,1
5,880,1
4251,3406,1
769,864,1
284,1306,1
287,588,1
640,1437,1
2310,6798,1
3672,4979,1
20,807,1
5149,3585,1
943,1294,1
3381,1130,1
2294,1184,1
1002,1515,1
133,48,1
5129,3306,1
6029,6916,1
3449,1945,1
2463,5983,1
1256,2975,1
4717,3261,1
3204,2975,1
1615,1471,1
3313,5887,1
20,875,1
2457,2507,1
165,0,1
2607,3661,1
1032,1589,1
1984,1237,1
4613,4616,1
2477,1493,1
3263,2063,1
2043,2880,1
1345,1259,1
4732,4787,1
604,922,1
1818,2546,1
5228,6777,1
697,1960,1
2250,4195,1
2390,2787,1
28,1892,1
3446,3280,1
741,739,1
3313,4892,1
4417,6770,1
4078,2301,1
10,640,1
1034,1294,1
1029,1968,1
1982,1014,1
912,3581,1
157,1427,1
294,612,1
3997,4552,1
3084,2250,1
1458,1483,1
35,1150,1
1565,215,1
3465,2172,1
2063,2467,1
5786,5127,1
1471,2122,1
904,891,1
5292,4213,1
106,883,1
5670,6798,1
1420,3252,1
6483,6479,1
369,660,1
5547,5292,1
1366,3046,1
294,5987,1
5870,4943,1
2758,1950,1
3178,3661,1
1205,2107,1
373,2531,1
5141,3153,1
591,1330,1
23,2293,1
2617,2756,1
940,680,1
3143,4725,1
5148,5209,1
197,762,1
398,764,1
1811,3521,1
10,1681,1
937,2208,1
1358,1745,1
2246,6619,1
954,4275,1
697,5430,1
1536,4892,1
4490,5293,1
5002,5395,1
5037,4817,1
5539,4477,1
3087,6429,1
6156,6526,1
2758,1853,1
1763,2746,1
2868,2048,1
4617,5026,1
2270,1984,1
1940,4068,1
3580,1972,1
6123,5127,1
3618,3598,1
697,6798,1
1306,1823,1
3265,3316,1
6176,5706,1
3654,5167,1
1023,1734,1
1062,3108,1
3087,5867,1
2467,3034,1
1275,4677,1
4180,4616,1
2099,1699,1
4091,5050,1
951,656,1
292,1453,1
245,665,1
3153,3619,1
1277,271,1
1622,1363,1
1714,1609,1
993,521,1
1050,1640,1
32,294,1
1420,2582,1
29,489,1
2463,4573,1
4430,1420,1
2697,2377,1
3812,2315,1
1172,6001,1
1625,2062,1
2017,1509,1
2705,4164,1
1568,1814,1
3997,3464,1
169,489,1
38,4672,1
76,1575,1
5043,6020,1
2746,3661,1
3969,4304,1
2992,3007,1
1137,1172,1
1566,2706,1
5043,5125,1
285,6733,1
2461,5152,1
864,6595,1
1050,6820,1
1091,917,1
334,139,1
3313,2348,1
5376,5864,1
2707,3004,1
294,4808,1
2132,2430,1
3059,3141,1
311,138,1
2260,2815,1
4883,4177,1
912,1675,1
5792,5633,1
1655,5132,1
5780,5155,1
2464,2968,1
23,774,1
5828,5854,1
3173,3109,1
1306,1607,1
947,285,1
2290,2691,1
743,1323,1
6341,4813,1
3580,4720,1
4117,3580,1
1105,3866,1
6548,6608,1
3633,3619,1
3654,2223,1
2607,3059,1
3446,1585,1
4374,4910,1
2348,4177,1
678,682,1
2033,2970,1
1260,1579,1
1890,2099,1
276,69,1
28,381,1
5571,5141,1
2055,2122,1
2761,3719,1
2166,2331,1
292,1271,1
3794,5735,1
3575,3589,1
4723,4867,1
2607,3861,1
5286,5733,1
2361,2533,1
2397,1613,1
1306,1142,1
1174,1172,1
1940,2053,1
917,1459,1
3280,5916,1
1370,1629,1
5640,5666,1
3444,4304,1
422,2607,1
3151,3109,1
4116,4537,1
245,638,1
1951,6565,1
983,756,1
4417,5330,1
5123,2315,1
3444,5573,1
5997,5145,1
755,2759,1
5105,6833,1
3168,3488,1
5,815,1
3146,2829,1
5870,5633,1
2099,3195,1
1629,1486,1
794,774,1
783,2451,1
144,187,1
2551,4605,1
3716,4558,1
5,4283,1
144,698,1
718,2019,1
1458,853,1
3134,2127,1
904,1178,1
3394,3703,1
5148,4213,1
2260,2032,1
380,592,1
3753,3912,1
169,154,1
4430,2301,1
5827,6202,1
1890,2128,1
641,967,1
2382,4822,1
1555,5668,1
5238,3004,1
6307,4366,1
3002,3591,1
5574,5573,1
587,1150,1
159,736,1
697,4164,1
2767,896,1
2740,2099,1
1658,781,1
1415,2208,1
5780,4672,1
1319,1064,1
4430,5928,1
3990,4801,1
292,405,1
23,2123,1
3163,2908,1
4604,6819,1
5435,14,1
133,29,1
292,972,1
1363,2396,1
1616,1611,1
2152,863,1
604,4131,1
5859,5857,1
1408,4059,1
863,3873,1
822,910,1
3147,3541,1
422,6180,1
2721,5966,1
2810,5967,1
1982,2262,1
2233,4787,1
4943,6190,1
3990,6794,1
670,679,1
2209,2706,1
1458,1796,1
1424,379,1
4606,5612,1
3261,4193,1
2932,4283,1
4502,6613,1
2044,187,1
2338,1460,1
111,3320,1
6538,5317,1
6206,5867,1
2823,1669,1
105,6087,1
6703,5237,1
141,228,1
2430,2492,1
2465,3141,1
5686,6861,1
3286,4559,1
2676,2296,1
604,1613,1
697,588,1
904,3316,1
4906,5688,1
1192,3169,1
1050,3653,1
2057,2752,1
1415,4129,1
1559,1704,1
1192,3751,1
4542,5139,1
632,3280,1
641,743,1
2607,3109,1
4149,7048,1
2463,4291,1
279,287,1
2061,1761,1
1530,6722,1
1242,237,1
1267,6650,1
392,482,1
2470,2455,1
285,1793,1
1393,1124,1
4430,4077,1
1277,1770,1
3466,2507,1
692,909,1
7,361,1
6146,6151,1
2761,2059,1
4463,5864,1
3303,2897,1
955,2038,1
4506,6024,1
6700,6107,1
576,768,1
2785,2038,1
159,1056,1
1095,1275,1
639,644,1
4542,5766,1
4689,4687,1
1050,2194,1
4437,4892,1
6300,3518,1
2126,2289,1
1418,1001,1
422,5070,1
6573,6585,1
23,2079,1
1348,1184,1
2508,1501,1
3151,553,1
502,546,1
2792,1315,1
3812,5996,1
1555,5420,1
1734,910,1
345,915,1
3237,2492,1
1260,1802,1
1714,2046,1
222,947,1
4640,3997,1
3143,5537,1
6146,6850,1
2063,3521,1
4477,5928,1
2707,4480,1
502,683,1
5,2657,1
7,512,1
1984,2226,1
3381,3645,1
1141,1244,1
1277,1306,1
2043,3040,1
2250,3486,1
1040,956,1
2738,1593,1
2078,5240,1
3587,3685,1
422,575,1
2763,3150,1
2850,2372,1
159,1021,1
1060,2956,1
2362,2361,1
155,2465,1
1233,1742,1
5349,4910,1
6029,5127,1
2382,2357,1
1972,14,1
640,495,1
2767,1853,1
4613,5479,1
3854,3581,1
4654,5145,1
6303,6029,1
3561,2291,1
1268,521,1
1041,1295,1
5002,6306,1
4606,6202,1
866,2382,1
289,1294,1
5129,1235,1
3145,1960,1
755,864,1
3444,6809,1
1550,1643,1
2484,1266,1
292,680,1
528,1080,1
6587,6056,1
697,6332,1
5173,6733,1
972,2477,1
697,3007,1
5149,6050,1
4444,5019,1
6349,4627,1
2160,1001,1
3169,3295,1
902,1136,1
6423,6598,1
5638,6598,1
1663,4854,1
1359,1510,1
184,872,1
241,546,1
3174,6195,1
697,2293,1
1032,2289,1
1629,2190,1
1041,885,1
3655,5488,1
4283,5966,1
2463,2038,1
972,1898,1
93,5149,1
232,653,1
2290,1951,1
5005,6087,1
4149,4283,1
3360,1086,1
3336,2908,1
2459,1156,1
1447,2648,1
719,4875,1
3222,3097,1
162,208,1
1629,944,1
1060,270,1
3162,2124,1
1002,6123,1
1829,1256,1
5123,3306,1
5236,5738,1
2471,2673,1
3678,4610,1
2547,2546,1
3097,3138,1
1394,2434,1
1097,2750,1
5472,4222,1
4425,5688,1
5146,3529,1
184,1064,1
2852,2761,1
3441,4687,1
6205,6203,1
1056,1892,1
5713,4222,1
134,285,1
6156,6085,1
4817,4061,1
4602,5904,1
4430,4480,1
5488,4696,1
6674,4522,1
5539,4924,1
307,340,1
4705,5742,1
2095,1814,1
7045,6415,1
2436,2434,1
3303,2975,1
157,3488,1
69,381,1
2350,51,1
5578,5132,1
1961,4479,1
2090,2425,1
57,676,1
3165,3307,1
5465,4912,1
279,3320,1
398,1003,1
150,239,1
1471,3205,1
4616,4403,1
4051,3873,1
1415,910,1
2348,3009,1
1471,3691,1
967,1400,1
2503,3457,1
981,1550,1
6176,6833,1
2617,3661,1
2975,2381,1
222,3644,1
3580,4558,1
1828,1486,1
163,0,1
305,4149,1
2338,2209,1
48,361,1
6310,6334,1
277,1486,1
1014,3781,1
5474,5141,1
5803,3410,1
641,1370,1
3444,2617,1
3989,3580,1
5043,5474,1
639,857,1
3739,2531,1
5102,6405,1
4417,2760,1
284,869,1
3156,3134,1
3990,3306,1
3043,3040,1
4973,4272,1
4605,4606,1
41,5228,1
1811,2428,1
3314,4286,1
4604,5537,1
4410,4283,1
502,1064,1
1050,187,1
197,1701,1
912,2525,1
2463,3967,1
5641,3644,1
4809,1838,1
2969,2968,1
665,638,1
2585,3301,1
6430,6429,1
232,657,1
4306,4304,1
2767,3842,1
2048,4020,1
1458,1802,1
3140,3619,1
4616,5735,1
3459,2908,1
2166,1178,1
111,2375,1
4283,2074,1
947,1064,1
2562,2191,1
215,505,1
1524,1730,1
765,1208,1
2764,2127,1
6548,6777,1
188,76,1
6636,4477,1
605,6537,1
388,3763,1
2272,3508,1
3151,4517,1
2895,2291,1
133,5916,1
2707,3316,1
546,1923,1
6709,6809,1
5131,6399,1
279,379,1
1555,6403,1
3649,3701,1
160,751,1
1949,1366,1
2721,4857,1
4576,4226,1
697,2976,1
1131,1366,1
2127,1664,1
502,1676,1
3146,2522,1
7,347,1
828,76,1
6574,6645,1
28,815,1
107,272,1
2531,2956,1
2814,2815,1
3026,6056,1
2179,3997,1
1050,3818,1
3873,6585,1
1056,1796,1
1753,1747,1
2463,5942,1
4417,3320,1
221,272,1
3147,4508,1
4607,2382,1
3153,4261,1
4506,6351,1
6029,6693,1
2486,1420,1
885,6798,1
2348,2526,1
4617,6173,1
3681,4808,1
6548,6595,1
6683,3981,1
4631,4108,1
1555,948,1
5548,4813,1
3495,2397,1
2763,4479,1
1348,1205,1
5317,3392,1
4648,4606,1
2836,1594,1
422,6833,1
2062,3661,1
3287,3248,1
1486,2127,1
2548,1062,1
2043,2377,1
1032,3867,1
1951,2172,1
4500,4499,1
723,724,1
2431,6998,1
241,1956,1
669,3644,1
1363,1480,1
3174,3866,1
3587,5431,1
144,22,1
1471,1295,1
5022,4098,1
2209,2516,1
1258,2430,1
794,1344,1
1900,862,1
5185,7048,1
2289,3866,1
6212,6351,1
6152,4477,1
4842,6733,1
10,1299,1
1458,1590,1
4417,4730,1
1904,1568,1
1811,3651,1
4617,3529,1
54,2169,1
6055,5488,1
641,1264,1
2707,1828,1
1366,1050,1
1668,2765,1
2177,2572,1
1486,2582,1
1589,2071,1
2398,2357,1
5989,4177,1
5572,5588,1
1958,1064,1
751,763,1
150,2617,1
3681,2548,1
2166,2057,1
4602,6415,1
10,3849,1
2550,3647,1
1485,4836,1
2126,2566,1
4627,6114,1
2,316,1
3314,6047,1
855,1761,1
902,719,1
4617,5734,1
373,2471,1
2204,2756,1
2762,2381,1
1477,2855,1
1366,1459,1
2656,6351,1
5138,6429,1
169,816,1
4417,4961,1
4892,4854,1
19,167,1
5132,5292,1
624,783,1
626,2128,1
3748,2127,1
3206,2850,1
1099,2690,1
3681,14,1
753,405,1
3990,3984,1
2270,6752,1
6357,5870,1
1802,1450,1
1062,1944,1
2335,694,1
1124,1315,1
2099,2328,1
912,1298,1
2628,2435,1
3097,2270,1
3238,2063,1
4617,5075,1
1002,5889,1
1359,1695,1
2707,3885,1
1205,2435,1
1450,2191,1
1639,1591,1
2462,2038,1
2763,4892,1
3387,3563,1
2297,2296,1
2425,3128,1
669,5376,1
6674,6986,1
422,4219,1
4606,4222,1
5245,5292,1
1348,1306,1
20,397,1
3314,1057,1
1686,1944,1
1619,5827,1
3982,698,1
6029,6608,1
575,812,1
2717,7080,1
1259,1128,1
2746,1176,1
1002,6218,1
1553,1366,1
2270,4543,1
10,394,1
4897,3912,1
1458,1703,1
4477,4730,1
6685,4444,1
1193,751,1
1116,1770,1
2459,4233,1
4636,6334,1
5701,6084,1
3480,4730,1
4694,4999,1
3027,4310,1
4430,2818,1
1363,1707,1
2361,5029,1
4430,2382,1
4173,4171,1
628,1681,1
5786,6538,1
1471,5921,1
4180,5710,1
4305,2735,1
2270,2127,1
1235,1003,1
1900,2258,1
3381,2427,1
10,1376,1
6369,6420,1
3654,4098,1
52,684,1
5474,3585,1
5026,4064,1
3306,669,1
2890,3004,1
2788,2204,1
157,1431,1
2463,4808,1
2323,2583,1
4219,4427,1
632,888,1
2746,2315,1
904,3340,1
19,535,1
5786,2600,1
3678,4077,1
3672,2091,1
1404,1205,1
1172,2328,1
983,521,1
5571,5827,1
5782,4463,1
656,2765,1
3087,4892,1
6050,5289,1
2550,1298,1
735,1676,1
590,649,1
8,64,1
1836,2057,1
4717,3150,1
2867,1330,1
680,4171,1
1056,751,1
2469,4788,1
6942,5146,1
697,3087,1
10,1098,1
3476,2732,1
1951,4007,1
2100,2127,1
345,381,1
2057,1541,1
3643,4098,1
2707,2829,1
316,2071,1
4897,5685,1
5827,6595,1
1306,1555,1
1674,1747,1
2707,3956,1
2693,2617,1
1173,1823,1
1277,3591,1
1256,5612,1
4180,1235,1
4897,5247,1
1254,5194,1
2503,2665,1
2090,2430,1
5474,6733,1
18,228,1
1233,910,1
4612,3446,1
2064,1184,1
1960,3907,1
912,2587,1
2707,5685,1
1961,4350,1
911,909,1
4149,5426,1
2270,5613,1
911,277,1
2048,5747,1
1890,1829,1
4587,2657,1
1370,4541,1
5670,7048,1
6683,6123,1
6426,3585,1
141,373,1
4254,2250,1
5786,3087,1
1050,2735,1
3991,4621,1
669,6015,1
3314,4730,1
5317,1820,1
1106,1956,1
4906,5768,1
2973,2507,1
371,941,1
2431,3885,1
3286,2831,1
4541,4477,1
422,5034,1
1615,1201,1
5868,5864,1
5051,2912,1
1736,1124,1
2270,1585,1
665,944,1
2617,1330,1
4613,5772,1
1192,2819,1
2177,2062,1
904,2425,1
281,187,1
62,221,1
5125,5590,1
3654,1285,1
2046,1937,1
241,4672,1
3771,3303,1
801,3295,1
5286,5768,1
1961,2191,1
1172,1124,1
2894,2166,1
5672,6281,1
3546,4233,1
4596,6864,1
19,1467,1
5522,2680,1
2064,7053,1
285,1405,1
3336,4823,1
5128,3529,1
6146,884,1
1014,1835,1
6752,6180,1
2617,1950,1
801,2607,1
4506,5376,1
10,2855,1
2548,3320,1
169,1054,1
4543,1372,1
5705,5967,1
4537,4518,1
5105,5228,1
1018,262,1
2159,948,1
3799,2420,1
2322,1106,1
169,7021,1
3800,4287,1
157,1284,1
4823,6650,1
2763,5514,1
5116,3189,1
2348,4836,1
197,1579,1
696,1898,1
2431,6789,1
1143,3134,1
2995,3849,1
5786,6230,1
134,669,1
2390,2381,1
422,5222,1
3148,2533,1
697,2583,1
1141,2831,1
2713,2044,1
4430,767,1
801,398,1
1277,1244,1
2294,1493,1
6300,6565,1
5612,6598,1
5329,6667,1
1945,3138,1
3148,4129,1
4015,3972,1
951,2133,1
6096,6024,1
28,1555,1
1097,1096,1
366,239,1
4609,4098,1
2233,1820,1
1420,2226,1
6218,6123,1
1032,1448,1
898,3287,1
4910,5426,1
10,4217,1
5539,4222,1
641,725,1
32,254,1
78,5890,1
1879,1559,1
5921,6024,1
5129,5185,1
1559,3150,1
954,3580,1
2761,1961,1
6581,4366,1
4283,5065,1
2182,2289,1
697,3002,1
3678,4377,1
4522,5966,1
1686,3444,1
624,860,1
718,7062,1
4429,2191,1
249,1112,1
6415,6380,1
505,498,1
157,892,1
2873,2872,1
1183,948,1
4508,4061,1
3087,5987,1
743,2871,1
3444,3644,1
2008,1915,1
6570,6591,1
5572,4443,1
5131,6510,1
6923,5139,1
2044,2880,1
1736,1001,1
4605,5375,1
1351,3849,1
80,1961,1
253,926,1
1731,2855,1
4603,4875,1
4463,5527,1
1471,2819,1
1050,1476,1
2162,1001,1
274,14,1
3097,3685,1
340,600,1
1949,2361,1
5153,4924,1
5634,2956,1
1262,891,1
2746,3149,1
4430,5996,1
1024,669,1
10,405,1
2591,2169,1
316,1052,1
2761,3055,1
4992,4892,1
5783,6598,1
294,2370,1
6218,6335,1
4582,4064,1
3465,5027,1
5616,6733,1
4033,6537,1
912,2759,1
1415,3033,1
2465,1062,1
1062,3280,1
2373,2507,1
743,5593,1
4897,3904,1
1894,1761,1
2763,5628,1
1590,1363,1
2745,2731,1
78,2062,1
1295,4777,1
2733,5770,1
3004,2697,1
6496,6993,1
1256,2702,1
2834,1853,1
5777,5685,1
1072,1064,1
6050,5131,1
4773,5330,1
2044,3800,1
3444,1820,1
2463,5772,1
6929,5139,1
4463,5474,1
917,733,1
2463,1192,1
4616,669,1
1773,1237,1
4522,4725,1
111,2765,1
7111,7109,1
822,1796,1
4804,4801,1
4253,4525,1
6096,6084,1
755,1457,1
32,134,1
4149,3845,1
917,624,1
3809,3464,1
28,781,1
1235,1631,1
2327,2765,1
2763,6038,1
6928,7080,1
4463,3997,1
3168,1176,1
6096,6349,1
1235,822,1
4695,4687,1
4606,4064,1
3168,2697,1
2324,2287,1
4180,1811,1
6222,6281,1
3293,2430,1
5612,3644,1
1578,1823,1
1172,5480,1
1128,154,1
7,232,1
316,797,1
3085,2427,1
3920,3134,1
4192,3901,1
155,5630,1
669,6024,1
4192,2466,1
1062,1393,1
10,445,1
3140,5688,1
77,208,1
5288,4522,1
1653,5141,1
4603,5324,1
2099,1244,1
3350,3109,1
1370,2372,1
4213,6861,1
4607,6306,1
1156,1244,1
2151,2371,1
6171,7021,1
1363,3055,1
1456,4499,1
681,6195,1
2064,3644,1
2202,1366,1
2457,3685,1
2946,1820,1
3394,4734,1
1034,1405,1
6156,6178,1
2908,756,1
6596,6598,1
1141,2063,1
1585,4312,1
751,812,1
2459,2864,1
5236,5029,1
1465,1463,1
2790,2492,1
4463,2348,1
2270,5224,1
6377,5734,1
917,1453,1
4430,4999,1
3087,3392,1
1909,1915,1
3296,3521,1
1640,2191,1
2444,2871,1
1672,2587,1
2250,3280,1
1640,1295,1
1129,1098,1
2151,2190,1
3148,3965,1
2705,1950,1
6709,4477,1
2048,3585,1
1553,6195,1
2868,2850,1
2465,1960,1
5870,4482,1
1275,4854,1
1217,29,1
904,7068,1
6258,6585,1
4133,6598,1
9,1,1
6053,6050,1
743,1509,1
6206,5107,1
4068,4499,1
2718,5563,1
2099,1649,1
4051,4541,1
2394,1759,1
4261,5966,1
1035,3751,1
3248,2427,1
23,1559,1
62,1701,1
502,614,1
3599,3316,1
4897,6178,1
3296,2301,1
1686,1486,1
2669,2420,1
1555,4482,1
2099,7062,1
4513,4463,1
2357,3340,1
3189,4335,1
917,1330,1
6275,2540,1
3097,2810,1
3168,2420,1
4960,2191,1
3283,3109,1
814,812,1
47,2459,1
1141,1330,1
105,5155,1
1032,2191,1
3990,6598,1
1263,4722,1
2326,5641,1
1035,1098,1
5512,6000,1
5127,5514,1
10,1559,1
973,5026,1
62,874,1
1001,2372,1
580,2183,1
5045,4482,1
1110,1699,1
398,4641,1
1233,341,1
4910,5743,1
1001,4827,1
4282,4275,1
696,2381,1
6335,2030,1
3140,4226,1
1256,1174,1
656,2202,1
3313,2975,1
6683,884,1
3206,3594,1
3017,3138,1
118,270,1
5,1424,1
61,1851,1
5014,4561,1
2292,1256,1
6709,6998,1
3111,4427,1
24,2555,1
1471,1492,1
1547,2122,1
3465,3320,1
1447,910,1
642,373,1
4823,3594,1
4609,2584,1
6083,3045,1
165,3255,1
3147,4229,1
4910,3153,1
4606,6230,1
285,947,1
2852,2357,1
5514,7109,1
743,2057,1
1244,383,1
3654,4687,1
641,846,1
3059,3848,1
5138,3529,1
697,6000,1
307,857,1
4701,2572,1
2466,1655,1
3446,3334,1
2550,2169,1
1277,2357,1
4552,1820,1
591,1881,1
3681,3675,1
1002,2759,1
253,1332,1
943,521,1
2397,2698,1
1420,2546,1
701,683,1
4606,5929,1
2062,5590,1
3140,5537,1
2763,3848,1
4477,5092,1
4477,5141,1
1032,3307,1
4430,4823,1
1262,1404,1
99,3280,1
1506,1578,1
2465,756,1
3148,4480,1
6674,4961,1
1032,5087,1
632,51,1
1235,237,1
294,6913,1
3446,3495,1
13,239,1
5,273,1
1555,5102,1
3655,5870,1
2099,2764,1
755,1349,1
1095,2477,1
5329,6913,1
285,2176,1
2430,5735,1
320,1306,1
4857,3508,1
2548,3781,1
801,740,1
490,1485,1
860,1128,1
2427,3861,1
3739,2127,1
2127,3059,1
6371,6349,1
1070,1064,1
2099,2032,1
3444,4299,1
445,239,1
3444,6293,1
4552,5330,1
1256,4672,1
241,254,1
2742,3059,1
1356,1730,1
404,2183,1
4576,4656,1
4607,6173,1
2999,2381,1
3446,3147,1
4430,5129,1
1220,1174,1
4410,4420,1
4616,2584,1
6548,6050,1
4776,2064,1
647,1424,1
4330,5152,1
2506,2204,1
2522,698,1
2767,3519,1
857,1730,1
1099,3488,1
3902,3781,1
1050,2250,1
5309,5613,1
3605,2315,1
61,3059,1
600,29,1
6152,6608,1
253,51,1
1951,4377,1
4612,3150,1
1996,1285,1
4430,5768,1
1023,1366,1
6019,6585,1
4910,6186,1
3207,4984,1
4348,4999,1
2204,4063,1
751,1112,1
1979,1485,1
422,1170,1
2164,1235,1
1725,6595,1
3331,3059,1
10,3751,1
2681,2506,1
3623,3997,1
119,239,1
5141,4867,1
3381,3661,1
4463,2191,1
2463,5426,1
1949,321,1
1366,794,1
6369,4581,1
4078,2760,1
2048,778,1
2348,2064,1
41,588,1
286,571,1
2330,4522,1
4522,5929,1
226,69,1
3293,1054,1
4522,5588,1
1370,1151,1
4721,2657,1
4617,2584,1
3287,3360,1
78,7029,1
6149,6608,1
1420,2434,1
1050,1450,1
2338,2343,1
3140,1585,1
279,739,1
1102,4456,1
3150,2357,1
4738,4892,1
5783,4177,1
3627,14,1
1102,1365,1
3444,4064,1
2202,3261,1
286,972,1
2071,2172,1
202,205,1
2548,2575,1
4596,4444,1
4892,2074,1
5096,1351,1
4543,6820,1
2707,3651,1
697,1515,1
1105,910,1
701,154,1
105,5401,1
3147,4233,1
6154,4581,1
3150,3917,1
6050,6024,1
2101,2968,1
2997,4480,1
6152,5706,1
2348,1961,1
1095,2970,1
1555,14,1
1870,3854,1
5145,4720,1
6029,2810,1
4261,5145,1
1594,1664,1
4897,4463,1
1085,1082,1
1420,1463,1
3286,2995,1
6096,6776,1
2397,14,1
4222,3045,1
3147,3849,1
292,278,1
154,1579,1
277,1318,1
6335,4961,1
2164,5026,1
3004,5414,1
3564,3563,1
4610,4677,1
3030,2756,1
111,1851,1
1128,1063,1
3143,5165,1
422,5624,1
1374,1984,1
6640,6809,1
1040,391,1
3178,1567,1
1766,1814,1
3149,1197,1
277,695,1
2982,3457,1
3171,2270,1
4164,4456,1
4608,5282,1
6669,6585,1
1105,1296,1
1050,1485,1
499,701,1
1420,3842,1
743,1393,1
1056,916,1
5354,6953,1
3747,2850,1
4892,6000,1
4417,5127,1
2127,2361,1
2290,4672,1
2442,1266,1
404,765,1
1056,1695,1
5045,3306,1
1381,5747,1
1420,1441,1
122,29,1
285,1267,1
6043,6029,1
580,2145,1
10,1933,1
1996,2378,1
2170,2044,1
910,2123,1
2787,1613,1
2767,3630,1
955,1290,1
6056,6737,1
2461,3150,1
3545,2995,1
967,1631,1
2463,2397,1
3313,3701,1
910,1205,1
1637,2430,1
3419,2315,1
2758,756,1
4819,5073,1
6156,6306,1
118,2761,1
5043,5624,1
2122,2381,1
106,803,1
3242,3301,1
4612,2815,1
5236,6186,1
3328,2063,1
3632,3861,1
10,735,1
1192,1507,1
2896,5405,1
5493,5222,1
632,1371,1
5137,5864,1
2584,2381,1
7,163,1
3150,3939,1
2533,5194,1
5043,4213,1
2348,3907,1
4617,6038,1
4543,6990,1
638,2740,1
1370,2202,1
4607,7005,1
718,3627,1
3168,4988,1
2382,4720,1
340,2133,1
1192,3109,1
4607,5496,1
2457,2740,1
4552,3054,1
422,2273,1
3143,5167,1
1002,1853,1
2270,3661,1
4892,5827,1
3803,2867,1
1836,1358,1
1415,3598,1
604,2457,1
3106,3870,1
41,719,1
2834,2044,1
1415,884,1
155,2435,1
535,972,1
4664,3956,1
2767,4052,1
2658,2765,1
3242,2289,1
1672,1649,1
2348,4930,1
66,1523,1
5889,5145,1
5127,2431,1
3465,6756,1
3781,4063,1
2425,3148,1
2763,5967,1
2191,2756,1
6038,6281,1
589,48,1
956,3055,1
3303,4787,1
1267,5534,1
10,1174,1
1420,2815,1
362,6722,1
624,341,1
2706,4518,1
1758,1520,1
2,657,1
2735,3150,1
3581,5742,1
284,719,1
4599,6437,1
422,971,1
4377,3649,1
1477,1594,1
1192,2583,1
910,1024,1
2098,1734,1
1940,1237,1
2090,2738,1
1306,505,1
251,1835,1
994,1578,1
4417,6173,1
5,31,1
5833,5420,1
4430,3150,1
1420,6510,1
422,5075,1
2425,1892,1
1492,1944,1
28,1670,1
2790,891,1
4226,4587,1
422,1453,1
1668,3138,1
1562,855,1
1256,2657,1
133,3453,1
196,3306,1
1192,2467,1
1306,1574,1
6560,3585,1
3800,3997,1
5149,5292,1
1473,1579,1
3330,3939,1
10,1276,1
1267,4272,1
117,116,1
2055,5889,1
4426,3619,1
6151,6920,1
4705,4828,1
2548,2787,1
3919,6819,1
5571,4700,1
34,239,1
2327,1298,1
3313,4552,1
3594,3150,1
2603,5554,1
1471,2690,1
2044,2864,1
898,2381,1
128,227,1
972,1594,1
23,1351,1
6957,3981,1
680,911,1
2747,2064,1
4608,4508,1
577,1594,1
275,332,1
697,3096,1
4617,2815,1
3669,1961,1
54,373,1
3643,4525,1
310,668,1
126,1956,1
1023,2356,1
1699,4233,1
1192,1933,1
697,4064,1
105,6026,1
3150,4424,1
1487,5668,1
1835,2132,1
2476,2455,1
4310,4705,1
1951,2658,1
1303,1355,1
6028,3926,1
2323,2291,1
3387,3627,1
3495,2301,1
644,857,1
2589,3255,1
4677,4118,1
1056,822,1
2522,2571,1
4522,3445,1
566,572,1
105,4287,1
1105,5149,1
3155,3148,1
4463,6230,1
3678,2867,1
4694,4687,1
1917,1629,1
2467,4852,1
6147,6146,1
4026,6809,1
3150,3059,1
3111,2301,1
4892,5236,1
3013,2787,1
279,1804,1
4552,5375,1
3059,2787,1
696,1366,1
2697,2492,1
6310,4482,1
4410,4480,1
5102,2540,1
4607,4672,1
157,1551,1
383,1892,1
1105,4687,1
22,26,1
3594,1655,1
4552,6565,1
5222,4522,1
5571,6024,1
5,600,1
3840,1950,1
2328,2381,1
5148,5641,1
951,1486,1
3643,3518,1
973,2172,1
4617,4705,1
6601,6598,1
5137,3529,1
2204,1940,1
1563,2018,1
36,739,1
3644,756,1
1555,1507,1
284,2371,1
1192,756,1
1488,1398,1
1747,910,1
967,1096,1
3287,3972,1
62,210,1
1256,3519,1
2463,1315,1
2456,1176,1
3140,3307,1
857,1294,1
1662,1658,1
2357,1585,1
4477,4801,1
490,270,1
910,51,1
4544,4541,1
3681,5375,1
1001,1088,1
1032,1424,1
2031,1944,1
1415,2617,1
3313,4077,1
1034,1526,1
6513,6026,1
4393,6429,1
6309,1285,1
2430,2124,1
2044,2124,1
4407,3150,1
2334,2395,1
5918,5966,1
2746,3034,1
4142,3446,1
5092,4606,1
3444,4687,1
912,4477,1
6156,4444,1
3444,5029,1
6176,6218,1
2289,2673,1
2476,575,1
571,641,1
5129,2223,1
1256,1928,1
76,4424,1
3306,4272,1
1890,1928,1
3466,2427,1
10,4489,1
1050,3176,1
3542,428,1
2064,3907,1
4253,3644,1
3306,2048,1
3807,3150,1
7,591,1
1363,3056,1
3643,4827,1
281,1027,1
3778,1828,1
78,599,1
2586,6546,1
4928,4616,1
2705,3781,1
888,285,1
755,2968,1
5522,6429,1
4883,4996,1
1447,2062,1
1681,5152,1
3185,3242,1
5190,4561,1
2705,2787,1
202,320,1
28,5058,1
1105,2381,1
4616,3446,1
4616,2521,1
294,1156,1
680,1024,1
972,3861,1
6029,5633,1
4430,5228,1
5105,2295,1
4943,5426,1
6028,5092,1
5474,6180,1
80,29,1
5145,5641,1
3143,5194,1
2204,1945,1
48,32,1
1180,1676,1
2470,3040,1
857,521,1
4427,5916,1
172,2090,1
982,6000,1
3095,2357,1
2763,2370,1
1205,1648,1
2101,1940,1
3173,2756,1
55,1393,1
3599,3685,1
286,1510,1
674,641,1
2204,3825,1
5514,6598,1
1740,2357,1
398,5034,1
912,4350,1
2465,2301,1
5469,4213,1
3204,4108,1
285,897,1
1424,1745,1
2126,3073,1
502,306,1
3990,7048,1
1156,4431,1
6192,4788,1
2348,6096,1
1838,5324,1
4677,2357,1
24,535,1
245,239,1
5786,5921,1
105,4463,1
904,7063,1
5430,5496,1
1256,1952,1
2787,2427,1
910,1176,1
157,1643,1
294,1761,1
6252,6614,1
669,5129,1
1002,5139,1
507,254,1
1356,1355,1
3672,4910,1
2342,2604,1
245,815,1
279,2348,1
2973,1420,1
3151,2760,1
2868,3870,1
2890,4129,1
1059,1063,1
917,822,1
4038,1372,1
2044,2838,1
7084,3981,1
1655,4605,1
1032,3624,1
2758,2897,1
2177,4878,1
1881,1095,1
4618,5256,1
712,207,1
1205,1151,1
4149,6794,1
6638,6830,1
1640,1609,1
2270,2476,1
674,271,1
2357,6206,1
1105,215,1
167,1063,1
2126,2548,1
1471,1578,1
286,1112,1
3746,3033,1
3086,4463,1
1415,6114,1
916,2582,1
5136,5043,1
2746,3002,1
6614,6454,1
10,1909,1
3314,5857,1
155,2176,1
1420,1244,1
892,2381,1
1141,2127,1
1682,827,1
3548,4193,1
4033,5075,1
1267,2880,1
169,248,1
107,815,1
3248,3691,1
1634,2381,1
5073,4552,1
1672,1485,1
1268,1297,1
3394,3787,1
1590,1629,1
3990,6454,1
422,2617,1
2867,2397,1
2617,4558,1
3919,3644,1
3580,4854,1
3807,3280,1
1283,1278,1
398,1278,1
1961,3904,1
6156,5146,1
285,1237,1
1996,2815,1
3330,3465,1
118,318,1
743,863,1
3148,3459,1
3507,4459,1
5479,5554,1
2761,3307,1
3293,1605,1
1192,2698,1
5123,5317,1
1141,1205,1
1555,1485,1
5042,4817,1
2507,1892,1
1416,1493,1
1124,1892,1
2890,698,1
2101,2425,1
157,1610,1
1398,1320,1
2270,2372,1
5129,6306,1
3147,2223,1
2048,5153,1
4332,3619,1
133,0,1
2427,3248,1
2867,1493,1
28,232,1
1761,1760,1
4188,3154,1
2476,4827,1
1032,5505,1
3017,3252,1
10,948,1
3643,6056,1
3450,4605,1
4103,1080,1
822,520,1
157,3320,1
912,4828,1
4604,4561,1
490,1828,1
1205,1567,1
972,695,1
1056,237,1
751,292,1
303,719,1
3147,3997,1
3466,756,1
912,3019,1
912,3168,1
4455,6334,1
2126,3007,1
254,547,1
1482,1432,1
733,736,1
10,1816,1
285,4910,1
10,1629,1
5522,5209,1
2029,1476,1
1398,1363,1
1471,6794,1
4522,5247,1
3710,3316,1
2680,2270,1
76,571,1
3444,5588,1
680,1150,1
697,4676,1
2270,2752,1
4463,3529,1
23,1937,1
3922,3331,1
2926,2357,1
5218,5161,1
743,1106,1
1306,1977,1
1277,1156,1
1277,1699,1
365,5073,1
10,1142,1
2663,1106,1
695,2063,1
2282,1984,1
697,5480,1
3464,3645,1
197,2349,1
1627,1802,1
2377,2604,1
3450,2018,1
5176,5375,1
128,511,1
5674,5916,1
1829,2583,1
1205,1306,1
373,3316,1
3148,1130,1
3059,1960,1
1458,1742,1
23,1823,1
2326,5628,1
1143,783,1
2062,3073,1
4507,3320,1
3151,3347,1
3929,2191,1
6066,5554,1
3145,2697,1
1171,944,1
141,371,1
2767,1464,1
4606,4854,1
917,1463,1
5222,4350,1
4445,4828,1
1838,3529,1
2270,1940,1
3919,4587,1
1063,1172,1
4272,2301,1
641,859,1
237,2291,1
5131,3518,1
4892,4472,1
1184,2756,1
62,332,1
6812,1820,1
1811,2373,1
3643,5034,1
3097,2673,1
4962,2357,1
1420,1890,1
2687,2371,1
5129,5236,1
2463,2753,1
2463,4310,1
23,1936,1
4950,3004,1
2141,1106,1
2179,3541,1
681,2575,1
855,2381,1
3406,3146,1
4222,6332,1
3450,6001,1
718,1095,1
1277,1745,1
4219,5165,1
5396,5479,1
29,1088,1
1811,2124,1
392,536,1
3059,3849,1
862,1664,1
3148,2471,1
904,428,1
405,1968,1
4897,3096,1
2036,2575,1
138,278,1
1034,1098,1
2282,2435,1
328,326,1
5149,4952,1
128,153,1
4310,4377,1
697,5612,1
4430,1235,1
510,285,1
4552,4827,1
2841,6351,1
3807,2818,1
2101,2122,1
2166,2867,1
2270,6614,1
4617,5666,1
2173,4082,1
697,2767,1
2357,2435,1
4892,4038,1
625,1089,1
1829,2062,1
1594,4605,1
2457,2018,1
4850,4366,1
2347,3150,1
5674,1972,1
4556,4427,1
7,310,1
2041,2176,1
1263,3306,1
3111,3406,1
612,76,1
4719,4627,1
111,2434,1
2289,5563,1
3716,4275,1
2091,2438,1
1050,6850,1
1370,2617,1
162,5668,1
5043,5512,1
2758,3316,1
157,1260,1
3138,1235,1
78,1437,1
3580,4787,1
2833,2291,1
157,2544,1
5988,7021,1
3033,2810,1
1890,795,1
5750,1820,1
23,1244,1
4223,4641,1
4763,2572,1
525,4543,1
2177,3504,1
1568,1184,1
2377,1266,1
644,701,1
972,1944,1
62,5966,1
1168,1360,1
2270,3701,1
2866,6735,1
2973,2753,1
3240,2348,1
4543,6884,1
4522,4979,1
2585,4299,1
7108,6752,1
4133,5126,1
1935,2356,1
4164,3150,1
3147,4832,1
2420,2864,1
498,1500,1
5736,5904,1
62,972,1
3681,3134,1
3784,3287,1
502,1042,1
1938,1366,1
3654,5375,1
5551,4226,1
4615,5026,1
2126,2871,1
5512,5630,1
99,4988,1
3086,2124,1
4310,4996,1
126,6024,1
2301,3150,1
1853,383,1
6083,5933,1
2348,2781,1
1487,2702,1
3059,3997,1
3672,1627,1
2127,2746,1
5534,5769,1
1477,1168,1
1233,827,1
2720,2166,1
5141,5534,1
1596,1094,1
2294,1699,1
1627,2850,1
2867,3109,1
2677,1613,1
2431,3630,1
2463,2428,1
1095,1294,1
3682,3733,1
3314,5767,1
5705,5928,1
2673,3387,1
3059,3124,1
4616,3475,1
2427,383,1
2390,3457,1
4201,3845,1
3038,2790,1
982,2223,1
3840,3733,1
1890,1676,1
3280,3644,1
391,2690,1
1404,1358,1
4552,4256,1
1971,1701,1
4919,5256,1
605,5292,1
1142,1184,1
5769,2030,1
3261,5925,1
1031,4193,1
3222,3464,1
1314,2169,1
4892,6916,1
1420,2459,1
2763,2607,1
3647,3287,1
318,369,1
422,2287,1
4430,3445,1
4910,5132,1
2995,5617,1
2342,2697,1
1420,2233,1
3681,3691,1
5107,4377,1
155,3034,1
1420,2759,1
4613,5058,1
1032,4061,1
5539,5682,1
1256,5075,1
2064,5573,1
1900,2759,1
13,254,1
1996,1178,1
1256,2511,1
4228,4621,1
6180,3644,1
10,682,1
2975,3004,1
697,2871,1
4228,4517,1
3150,4068,1
141,163,1
1718,2348,1
5470,6585,1
3680,3781,1
5461,14,1
3807,5050,1
2607,2975,1
1002,1890,1
4068,4164,1
718,863,1
5831,5420,1
1314,3149,1
638,2455,1
1002,1420,1
1591,2053,1
1365,1358,1
2366,14,1
398,783,1
1562,1940,1
6358,4522,1
1835,885,1
1761,2683,1
1320,1128,1
4477,5827,1
1035,1471,1
606,2226,1
2127,5921,1
1192,1453,1
2997,3816,1
47,3701,1
1486,1629,1
833,277,1
938,3108,1
128,221,1
1420,3624,1
48,605,1
888,1370,1
5286,4477,1
1659,3320,1
3807,3002,1
1027,1890,1
41,605,1
972,910,1
3722,698,1
62,187,1
4068,4504,1
3261,5073,1
34,141,1
6130,5921,1
697,4552,1
4430,4118,1
4897,2079,1
2607,3867,1
6024,5870,1
69,774,1
2463,4038,1
1416,1935,1
34,24,1
3406,5167,1
135,701,1
1393,2976,1
57,125,1
783,952,1
20,848,1
37,25,1
26,24,1
2127,2378,1
4618,2760,1
6200,6861,1
154,215,1
5548,5929,1
3807,3800,1
2459,2738,1
3914,5317,1
2896,3446,1
2463,1961,1
13,1950,1
2815,1613,1
3979,3581,1
4417,6667,1
559,546,1
2813,2815,1
3296,2507,1
5,372,1
4493,3002,1
1018,1106,1
5706,6084,1
2348,270,1
285,2428,1
38,4867,1
1277,1135,1
4597,5165,1
1740,1272,1
2151,2405,1
4892,6173,1
232,1172,1
2126,3645,1
1446,1393,1
4613,6064,1
735,239,1
2260,1244,1
373,862,1
285,62,1
2030,2850,1
1050,971,1
1460,2838,1
2310,885,1
2680,1828,1
73,248,1
1681,3825,1
2425,2357,1
3148,1627,1
5705,4038,1
299,1972,1
1763,2032,1
6865,5146,1
888,1404,1
1096,1386,1
4552,4912,1
36,1989,1
1824,2405,1
1420,1365,1
23,6227,1
2431,4773,1
697,2476,1
4193,5682,1
4596,5966,1
6804,6026,1
5750,5209,1
4828,5026,1
105,6064,1
2032,2533,1
5571,5376,1
2431,2471,1
4897,5766,1
4180,4528,1
701,1761,1
5134,2680,1
2261,2604,1
1506,1519,1
4892,5710,1
367,957,1
2680,6332,1
2301,5666,1
1420,2810,1
2459,383,1
4801,3926,1
5684,6351,1
1829,2032,1
2763,3096,1
1244,521,1
3919,3956,1
2,445,1
743,1173,1
4522,5514,1
1131,2507,1
874,896,1
3800,4033,1
2348,3059,1
2071,2546,1
1471,1803,1
3731,3825,1
2260,1393,1
2348,1267,1
743,4129,1
5571,6000,1
1049,1355,1
20,221,1
6462,6334,1
2169,1176,1
5129,4216,1
2687,2764,1
1277,1178,1
5150,5628,1
294,1095,1
1050,6230,1
5792,6920,1
2048,3691,1
2270,1584,1
76,3134,1
2686,2970,1
5989,6020,1
7,320,1
1835,2287,1
4522,4872,1
26,161,1
3314,5772,1
4892,5512,1
719,1115,1
1471,2099,1
2270,2223,1
1951,1649,1
1277,2099,1
4430,2815,1
3164,891,1
106,4444,1
624,956,1
1969,1830,1
3598,2158,1
3087,4213,1
719,3128,1
4417,5904,1
2459,187,1
3807,4233,1
3794,2815,1
1458,1205,1
697,4286,1
5129,5666,1
3720,2127,1
165,167,1
31,1056,1
2377,2451,1
863,2372,1
3956,4787,1
756,1961,1
912,1540,1
1319,1386,1
642,292,1
54,1467,1
697,4875,1
1615,1803,1
3495,3719,1
4718,2533,1
4430,5668,1
3446,1627,1
3143,4508,1
5514,5153,1
647,1143,1
3449,3248,1
1458,1142,1
28,80,1
6369,3153,1
3189,4801,1
1370,916,1
644,2032,1
2620,3487,1
755,1476,1
5486,5624,1
4116,4945,1
943,29,1
5571,4924,1
5641,6770,1
2833,2742,1
2762,2477,1
4537,6307,1
4033,4949,1
2032,14,1
3681,4648,1
2323,2525,1
10,580,1
5292,2223,1
1306,1897,1
1420,1605,1
4222,884,1
3467,5065,1
1150,207,1
2866,6537,1
5551,4287,1
155,797,1
2348,2680,1
4943,5921,1
3781,3956,1
3678,4480,1
1835,1184,1
157,4552,1
535,254,1
3654,3702,1
2348,3307,1
2462,3160,1
6293,6598,1
4430,4787,1
6024,3303,1
352,210,1
400,5207,1
917,743,1
3746,3320,1
3446,3781,1
1244,237,1
159,838,1
4561,6667,1
3654,5149,1
1900,2048,1
9,561,1
486,341,1
3444,4773,1
1277,1933,1
3206,1892,1
78,4256,1
2997,3848,1
954,2506,1
2836,2127,1
904,2765,1
1099,733,1
4433,1627,1
286,294,1
3109,4226,1
4857,5426,1
4164,5070,1
3581,6809,1
2463,3488,1
755,1486,1
982,2087,1
76,1450,1
4608,2290,1
422,1579,1
2164,4427,1
422,1244,1
3812,4552,1
4300,5630,1
2707,2863,1
1416,1174,1
3138,2294,1
692,4808,1
5,638,1
167,797,1
5289,6998,1
5792,4696,1
2995,5736,1
5176,6173,1
3012,2372,1
2330,4999,1
1420,1629,1
697,6186,1
1478,271,1
3723,2127,1
2676,4431,1
4613,3508,1
5037,5185,1
1062,1928,1
3106,2584,1
4617,4787,1
2834,2477,1
3628,2177,1
1002,5043,1
3173,2444,1
4463,5449,1
1763,1664,1
19,44,1
23,780,1
1578,2731,1
3313,6015,1
527,719,1
4222,5966,1
4552,4032,1
912,1264,1
3746,5537,1
1608,3020,1
656,1613,1
5786,6085,1
28,1344,1
964,1088,1
3004,2090,1
5302,2531,1
3143,3956,1
2335,2546,1
2330,1761,1
105,3020,1
2366,2566,1
3173,3488,1
1059,1088,1
4386,6024,1
4077,3148,1
1034,1759,1
5,1332,1
6176,5185,1
6310,5127,1
4690,2815,1
524,139,1
4522,5870,1
904,3591,1
19,3286,1
2348,2607,1
4602,6114,1
5135,5029,1
743,1035,1
2011,2287,1
2898,2575,1
105,5420,1
38,14,1
4430,2466,1
4315,4700,1
4617,6405,1
2260,2525,1
1471,1988,1
2456,4275,1
3077,4098,1
4548,3508,1
1063,1143,1
1420,1096,1
765,1023,1
1415,4798,1
4417,4444,1
2465,1933,1
5286,3306,1
2270,3939,1
5116,1507,1
2224,1984,1
3914,3644,1
1063,29,1
5514,3926,1
163,546,1
2162,3073,1
4522,2079,1
1363,2790,1
6147,6647,1
3097,3248,1
680,3096,1
2078,1761,1
1922,2090,1
2270,3751,1
2463,3800,1
3287,756,1
1141,3939,1
6155,3984,1
4310,4606,1
546,701,1
3305,3787,1
57,547,1
2658,1613,1
1593,271,1
5782,6413,1
6550,6614,1
2465,3508,1
1220,1299,1
4850,5966,1
2287,3521,1
2752,2381,1
1824,1562,1
13,50,1
640,28,1
6811,5139,1
3787,1950,1
2261,2451,1
2395,3295,1
692,1295,1
5616,5800,1
3446,4063,1
310,1398,1
2327,1924,1
2270,4129,1
2323,4007,1
2841,4573,1
2372,1062,1
4972,2533,1
910,2471,1
3170,2459,1
2956,2032,1
5306,6146,1
8,822,1
3746,3148,1
1536,2361,1
4430,5710,1
1062,2158,1
3654,2544,1
2765,1184,1
1408,1178,1
10,3169,1
910,2564,1
153,674,1
3096,6850,1
3286,4335,1
1050,695,1
864,2270,1
751,680,1
1256,6986,1
4222,2815,1
4607,3644,1
422,1657,1
4617,2760,1
142,6613,1
1244,2706,1
4604,5666,1
5827,3672,1
3147,5075,1
1655,6114,1
1615,2132,1
5138,5127,1
3495,4366,1
1578,1605,1
4033,6916,1
4648,5019,1
904,2366,1
2348,5668,1
1358,1802,1
2572,1933,1
3148,2397,1
5,69,1
2348,1972,1
1233,1459,1
2548,3457,1
241,5573,1
669,3445,1
642,187,1
4850,4610,1
743,3097,1
1141,2057,1
2348,756,1
1062,3475,1
5431,2431,1
4025,3845,1
3605,3701,1
1415,2144,1
4685,3885,1
5356,3585,1
4943,4777,1
3990,4535,1
6029,7048,1
10,2293,1
312,361,1
1141,3488,1
3152,3763,1
398,726,1
794,1259,1
3017,2348,1
2030,2810,1
4108,3146,1
1844,2968,1
4033,4970,1
144,604,1
1205,910,1
5470,5125,1
4943,5641,1
24,665,1
2765,3248,1
1168,698,1
119,1810,1
5376,5612,1
3280,6248,1
3146,4605,1
2741,270,1
5680,5539,1
2290,2294,1
4261,5864,1
1105,4535,1
4617,4552,1
3085,2357,1
1256,3129,1
2705,3842,1
1583,1285,1
1940,1471,1
6079,5966,1
6300,6585,1
697,3733,1
4892,6123,1
3286,4420,1
964,1173,1
6146,6186,1
3444,3885,1
972,2427,1
1535,3781,1
428,3691,1
5918,6026,1
718,1050,1
1256,4444,1
6302,7029,1
4962,4377,1
1358,1730,1
1136,1355,1
5686,6789,1
6207,6334,1
4468,5232,1
5176,4606,1
1032,4895,1
2046,1562,1
3033,3719,1
1420,1156,1
3148,3866,1
2313,2381,1
2455,4217,1
1609,3040,1
4330,5058,1
422,5916,1
1686,1919,1
10,1590,1
2515,51,1
4164,4617,1
2319,1064,1
4663,4808,1
4239,4118,1
277,292,1
3739,5292,1
2101,5153,1
1424,1805,1
2123,1892,1
4078,3904,1
1248,2571,1
4033,4676,1
1763,4480,1
1615,2219,1
4776,4822,1
1665,1658,1
422,1820,1
20,1,1
1447,1415,1
1945,3203,1
1351,1060,1
188,599,1
4605,4537,1
5633,2956,1
4616,5996,1
5123,6107,1
2742,2968,1
4829,5967,1
2841,3280,1
912,51,1
947,2291,1
3668,3148,1
2132,3242,1
2799,4787,1
3694,3691,1
285,587,1
64,1064,1
5866,3453,1
2425,2315,1
2126,3134,1
2335,2202,1
1050,6789,1
3886,3781,1
281,1112,1
6404,4149,1
1235,1370,1
2742,2270,1
4892,6430,1
3261,5734,1
3005,4463,1
1471,1003,1
964,1574,1
735,2044,1
604,1024,1
134,4787,1
755,2702,1
1120,1056,1
5734,6733,1
6741,6782,1
294,5292,1
4430,3649,1
1566,1431,1
6271,6302,1
632,28,1
2471,2467,1
528,4297,1
2467,4561,1
4616,4924,1
2431,383,1
3140,6737,1
4892,6502,1
4910,4537,1
669,5401,1
2589,2371,1
822,1676,1
6302,5092,1
3313,4424,1
3921,4164,1
4118,2572,1
2127,1420,1
4597,3701,1
4149,3508,1
2287,2323,1
2173,3703,1
2427,3452,1
3542,3315,1
4522,6650,1
5726,3306,1
2996,3195,1
4477,4989,1
3138,4867,1
2760,4272,1
3174,2295,1
1062,341,1
5514,5209,1
5360,4543,1
1562,2564,1
718,639,1
1450,1892,1
2336,1795,1
2389,2371,1
2758,3295,1
3336,2289,1
2466,4828,1
546,580,1
2705,4528,1
139,228,1
6496,6953,1
4232,2296,1
1105,4892,1
3325,756,1
2287,3280,1
3077,4988,1
1105,2752,1
232,254,1
1813,2691,1
6038,6705,1
1448,154,1
3873,3360,1
1192,733,1
697,1018,1
3682,3939,1
577,1637,1
76,281,1
719,665,1
3654,3149,1
111,1330,1
2785,2738,1
1250,1064,1
3601,3452,1
2818,6770,1
4599,5161,1
1487,669,1
904,1080,1
2357,2831,1
4613,5887,1
5769,5782,1
1256,4852,1
2348,2997,1
3079,3751,1
486,64,1
4910,5742,1
1002,1805,1
1280,1278,1
1050,5772,1
3106,3644,1
1624,1623,1
1824,2123,1
3598,5194,1
2717,5782,1
5786,5588,1
4262,3059,1
904,5904,1
2761,2191,1
606,51,1
609,615,1
1668,4131,1
1699,1810,1
5612,6756,1
2997,2761,1
3990,4787,1
78,1235,1
3152,2294,1
1669,2970,1
3143,3765,1
2763,4981,1
1938,1431,1
681,6591,1
286,864,1
3643,3303,1
1034,1897,1
142,846,1
1686,1174,1
398,2270,1
604,1437,1
2037,3222,1
2459,756,1
5680,5058,1
4616,2064,1
3647,1960,1
3027,2372,1
1233,2122,1
4607,1420,1
2738,3315,1
1408,2617,1
1088,781,1
3207,3149,1
5769,5734,1
591,1056,1
1105,1014,1
2348,5588,1
2707,4587,1
53,24,1
3441,5070,1
609,937,1
4910,5983,1
5826,4892,1
254,535,1
4477,4867,1
2816,2617,1
6457,6456,1
2705,2790,1
912,3866,1
1035,1184,1
3314,5987,1
780,822,1
3649,4164,1
2377,3242,1
2746,3645,1
1996,2533,1
3009,6038,1
3345,2506,1
3387,3866,1
1844,2226,1
1555,5916,1
1277,910,1
3313,4297,1
1265,1266,1
4819,4924,1
1420,1431,1
1173,1559,1
6084,2295,1
982,5799,1
4451,4605,1
5,410,1
1256,2191,1
3307,2373,1
3147,3873,1
3143,3334,1
253,2315,1
2442,2451,1
5586,4216,1
1630,1802,1
285,1594,1
2731,3781,1
2270,2680,1
1060,1795,1
5539,4634,1
1265,3763,1
1366,1830,1
3871,2348,1
4901,3315,1
99,4616,1
1420,4217,1
1458,1640,1
10,2546,1
4606,5966,1
2261,2328,1
3716,3848,1
4463,3956,1
669,4149,1
1372,3150,1
6934,5868,1
2270,3096,1
4892,6809,1
2361,2394,1
324,64,1
1062,696,1
910,1184,1
904,3563,1
3919,3679,1
4616,4449,1
982,3672,1
5786,4177,1
1348,1562,1
6107,6686,1
5141,7048,1
3189,3009,1
1589,1734,1
4599,6926,1
3716,4172,1
3189,6038,1
3406,2787,1
1365,1629,1
3841,5613,1
1655,2301,1
4543,7048,1
1376,4420,1
6415,7062,1
5002,4226,1
1192,1637,1
251,605,1
285,581,1
3794,4508,1
1235,1823,1
5783,4654,1
4193,4910,1
703,1579,1
1168,1404,1
4599,3446,1
1761,1701,1
2590,3045,1
117,208,1
2457,2397,1
6492,5131,1
16,235,1
5766,5474,1
4172,3446,1
2348,1315,1
3169,2465,1
3737,1589,1
4149,3168,1
4230,2164,1
1594,4463,1
1759,1562,1
3286,2357,1
5713,6819,1
5664,4672,1
5292,5928,1
904,6415,1
292,1259,1
1779,3475,1
4033,5127,1
2531,2315,1
2348,2127,1
1062,5668,1
3444,6149,1
6392,6389,1
1949,2004,1
130,69,1
4897,4272,1
5997,5736,1
3044,4648,1
1615,1657,1
6674,6585,1
1095,2057,1
5236,5932,1
3687,4610,1
3889,4854,1
5317,7048,1
6180,6598,1
4624,6334,1
1404,1790,1
3314,5590,1
62,535,1
2287,4822,1
719,1064,1
3376,3109,1
764,763,1
232,1021,1
4267,318,1
1803,2546,1
2177,4272,1
639,848,1
1370,1156,1
111,4949,1
1949,2122,1
2463,4449,1
955,2434,1
3336,3464,1
1487,5232,1
5145,5537,1
6151,7063,1
591,1042,1
1040,1937,1
2591,2062,1
2,203,1
4467,3719,1
1002,6608,1
697,5058,1
6636,6647,1
2788,2764,1
755,1584,1
3446,4558,1
4628,4832,1
3152,5247,1
656,848,1
6029,5289,1
1756,4606,1
3153,4605,1
4548,4077,1
3059,4621,1
1001,4233,1
725,807,1
1420,4535,1
111,2583,1
1477,1635,1
3654,5405,1
2786,3059,1
2680,2465,1
78,1578,1
5138,5800,1
2348,4528,1
1811,2191,1
1915,1682,1
1366,1095,1
6702,6789,1
2173,1605,1
2908,2758,1
1314,2563,1
489,733,1
781,281,1
3644,5395,1
1365,1096,1
2471,4672,1
3086,3287,1
4950,4672,1
3026,2366,1
3287,3307,1
6807,6026,1
5129,6585,1
5105,4687,1
3273,5065,1
1415,2758,1
4616,5710,1
1594,2291,1
3314,4226,1
697,4581,1
3151,6420,1
896,1052,1
5038,5034,1
4718,5050,1
1050,1415,1
2617,2872,1
1168,2190,1
726,3971,1
1566,2707,1
2617,2389,1
5286,6293,1
2342,2546,1
697,4256,1
534,1890,1
1131,1318,1
2348,2431,1
624,780,1
5513,5126,1
6418,6161,1
4463,4283,1
2431,4304,1
692,880,1
1319,1398,1
6293,6026,1
2099,1960,1
2398,5911,1
3654,2370,1
578,733,1
2357,2204,1
2348,3203,1
2303,1064,1
5720,5209,1
141,4606,1
1106,1172,1
289,2698,1
294,883,1
3146,4528,1
2377,1509,1
638,857,1
3140,4171,1
1477,1643,1
3150,4616,1
5550,4443,1
3189,5117,1
285,781,1
2462,1669,1
830,701,1
735,1299,1
957,857,1
2322,2570,1
4892,5932,1
4809,5167,1
1025,645,1
2467,4705,1
51,682,1
3146,4431,1
285,5768,1
756,2863,1
389,1453,1
1069,1493,1
1699,4616,1
6795,4961,1
3990,2617,1
2270,2294,1
872,2315,1
6354,6351,1
2166,1803,1
2468,1935,1
284,2099,1
4618,5152,1
1658,5854,1
3287,3541,1
1404,1061,1
3580,2518,1
801,3134,1
776,2465,1
422,656,1
5043,5505,1
2747,1838,1
5734,4463,1
4366,3644,1
2548,4801,1
3189,4828,1
1303,2032,1
5680,4477,1
735,1493,1
5472,5292,1
1056,1793,1
5705,5983,1
680,4304,1
1566,2343,1
4469,4641,1
48,306,1
2476,3701,1
2447,4924,1
117,50,1
157,743,1
6346,5534,1
735,1063,1
1650,3488,1
5898,5967,1
719,1306,1
1179,1278,1
4361,4696,1
5572,4193,1
3150,4312,1
237,812,1
373,2381,1
713,812,1
4435,1627,1
36,228,1
4091,4097,1
2792,1669,1
4897,1675,1
6149,6146,1
1227,3059,1
3862,3644,1
2203,962,1
5401,5222,1
2705,3307,1
2152,2381,1
5151,6173,1
1432,1201,1
4601,5050,1
912,862,1
3146,2850,1
1900,2438,1
5129,6733,1
5786,5207,1
36,1467,1
1824,1062,1
6308,4149,1
2703,2697,1
1640,1940,1
3336,3719,1
6152,6614,1
422,3148,1
4984,2747,1
4483,2572,1
743,668,1
904,2871,1
1820,6537,1
422,4696,1
1050,2908,1
6207,5107,1
640,1208,1
5870,4463,1
2348,6146,1
1650,3295,1
669,2223,1
1659,1761,1
579,649,1
294,3320,1
4430,4261,1
4038,4787,1
1485,2377,1
696,2122,1
510,232,1
4033,2815,1
719,1493,1
4897,5430,1
2389,1419,1
2763,884,1
1193,1579,1
2301,5027,1
3147,5733,1
2071,4535,1
3087,6334,1
2763,3849,1
674,3818,1
1949,2706,1
2620,3563,1
982,4952,1
4654,3529,1
1237,2373,1
2398,5734,1
5983,5141,1
1131,3651,1
1530,4605,1
1458,1724,1
10,3004,1
2463,4528,1
2389,3255,1
1268,855,1
2348,6861,1
4430,4952,1
3444,4707,1
4456,5329,1
5,3521,1
5286,6335,1
2463,3306,1
4164,3904,1
5131,5890,1
1359,1623,1
2323,4233,1
3313,5145,1
1356,1366,1
4335,3997,1
289,765,1
954,2315,1
1555,1699,1
111,2427,1
5788,5539,1
1940,6332,1
3051,3222,1
23,1,1
78,5102,1
3124,2572,1
1420,2062,1
2763,5770,1
6148,5904,1
644,719,1
5127,6735,1
1345,2125,1
1532,832,1
755,520,1
2048,1471,1
2425,2122,1
1106,3415,1
2126,3630,1
2444,2658,1
5354,4664,1
18,526,1
4617,5490,1
5989,6173,1
1629,2756,1
983,1707,1
2867,2871,1
1224,910,1
4636,5966,1
4481,6180,1
5043,2233,1
697,5763,1
3172,2584,1
2161,2356,1
3992,4607,1
697,2764,1
2301,5075,1
578,3176,1
3150,4459,1
9,80,1
1619,5736,1
3168,5065,1
3480,4312,1
32,554,1
1530,4970,1
1056,262,1
106,6776,1
3444,2044,1
54,510,1
3654,5685,1
6029,6415,1
3450,3261,1
29,1098,1
1404,1759,1
2348,4463,1
1938,4558,1
2323,2090,1
2658,1594,1
6812,7048,1
268,210,1
1002,7109,1
3107,2465,1
1223,1088,1
5185,4696,1
3170,2427,1
1242,875,1
1002,3129,1
5134,5228,1
315,316,1
2761,2697,1
54,43,1
1095,857,1
1192,3252,1
5870,6349,1
6768,5734,1
1348,669,1
2492,2427,1
2707,4377,1
910,1256,1
5127,6087,1
1344,3971,1
1464,51,1
904,2262,1
6107,5329,1
68,789,1
2348,6737,1
5129,5207,1
1420,3096,1
4628,6085,1
208,254,1
1668,756,1
3235,2738,1
681,4787,1
4478,4477,1
2997,2975,1
44,24,1
1320,910,1
569,2531,1
307,428,1
1817,1358,1
6024,6203,1
698,910,1
3084,4477,1
2890,3867,1
111,3487,1
911,1493,1
3495,4299,1
904,2666,1
285,3594,1
1393,3109,1
1366,1551,1
2810,3087,1
959,1088,1
3143,1141,1
1202,1747,1
144,2430,1
126,163,1
2752,1594,1
2673,2270,1
4488,2544,1
5143,6334,1
3807,3624,1
5706,5127,1
1303,2847,1
2204,2761,1
340,668,1
3655,1627,1
117,64,1
2173,2270,1
1066,1988,1
5043,3453,1
1303,3147,1
6415,2431,1
743,862,1
4116,4068,1
3348,3109,1
169,3242,1
3314,3563,1
5127,6349,1
22,531,1
2746,3719,1
6188,3303,1
3395,3242,1
4672,5987,1
4077,4459,1
912,2125,1
286,588,1
6322,6056,1
5,552,1
10,1392,1
2044,3854,1
2261,962,1
965,1637,1
1566,694,1
294,1094,1
118,1961,1
3147,2799,1
1502,3124,1
2617,2673,1
4033,6403,1
719,1142,1
4502,5966,1
4892,4627,1
373,1747,1
1096,1205,1
917,1363,1
4361,3153,1
4676,4606,1
5329,6722,1
294,32,1
4066,3150,1
1342,1332,1
4177,6809,1
4823,3518,1
1759,4131,1
2444,1933,1
1027,1398,1
575,774,1
4824,5131,1
4827,4064,1
1035,2525,1
1050,1664,1
743,1184,1
17,587,1
1682,1184,1
5043,4654,1
5218,6733,1
967,1450,1
3315,2382,1
5680,5317,1
2548,1567,1
1734,3488,1
3058,3307,1
398,2293,1
3873,3619,1
3459,5738,1
3446,4535,1
3997,4787,1
1062,1295,1
422,3848,1
624,1089,1
1099,4627,1
6034,6717,1
14,4118,1
972,2580,1
6315,2600,1
1150,983,1
5043,5420,1
3381,2742,1
885,883,1
2347,2291,1
4897,3153,1
1370,1562,1
1938,3787,1
316,405,1
2347,2357,1
794,1376,1
5512,5932,1
2758,2457,1
6335,6819,1
78,1294,1
5123,5207,1
1458,505,1
1415,6064,1
7,64,1
4077,3495,1
5548,3153,1
4033,3446,1
2260,2122,1
3314,5537,1
2044,1637,1
281,1296,1
1458,1365,1
7096,5800,1
1458,1512,1
743,2444,1
3336,3059,1
546,862,1
6914,7021,1
3580,1176,1
60,80,1
4613,5496,1
1686,1805,1
5218,6782,1
93,660,1
4261,5633,1
1524,2372,1
335,24,1
422,553,1
3248,3097,1
4607,5134,1
4522,4924,1
502,983,1
2456,2465,1
305,1170,1
5087,5710,1
3267,3150,1
5286,6752,1
1001,2062,1
10,153,1
4892,5132,1
967,6151,1
904,2457,1
1559,1724,1
5141,5222,1
3313,1960,1
4310,5026,1
1655,1802,1
4610,4561,1
62,906,1
5086,4518,1
2347,3415,1
10,1278,1
2548,1669,1
896,972,1
4608,4098,1
4606,1235,1
1650,4528,1
2763,4420,1
3495,3134,1
171,1371,1
7017,5782,1
2463,2048,1
6188,6186,1
1002,2169,1
3046,1933,1
2706,2477,1
1818,2125,1
4943,2600,1
6707,1820,1
1063,2366,1
1933,2582,1
394,962,1
5918,5155,1
4548,4605,1
3151,3521,1
4299,4627,1
4253,2126,1
2043,1275,1
4228,4291,1
34,273,1
1668,3148,1
5470,6733,1
1314,3147,1
57,139,1
5146,3306,1
3643,4875,1
5307,5496,1
1447,1467,1
5665,3701,1
1116,2819,1
289,1258,1
3150,4569,1
422,3150,1
4552,5401,1
157,1631,1
6308,2733,1
3643,4164,1
1050,2019,1
1318,1205,1
1366,62,1
2395,3242,1
4430,4672,1
241,922,1
1126,1056,1
3648,3645,1
13,2133,1
2141,2140,1
137,138,1
2431,6420,1
22,592,1
2680,3487,1
285,1306,1
128,676,1
1900,1578,1
4827,4226,1
1059,207,1
2995,62,1
286,208,1
3486,3555,1
2463,2522,1
26,51,1
2548,4822,1
3140,4522,1
5870,6173,1
381,498,1
1766,2855,1
2818,3644,1
2845,3108,1
2548,2767,1
4377,4641,1
2852,428,1
2756,3242,1
983,3059,1
6404,4696,1
6817,7027,1
4228,3334,1
1314,51,1
2548,4097,1
751,1631,1
2469,2455,1
6146,4627,1
3286,5075,1
286,803,1
3316,2018,1
4897,5293,1
4606,6653,1
604,2810,1
576,1550,1
5145,5293,1
2758,2761,1
910,1541,1
18,535,1
978,957,1
3261,6733,1
1036,911,1
1900,1515,1
913,680,1
1050,1366,1
1764,1704,1
1082,383,1
4033,4912,1
76,1142,1
4060,3488,1
5786,5929,1
2548,2815,1
1363,271,1
99,1924,1
3287,4559,1
2348,2600,1
1342,1168,1
3153,5165,1
1996,1759,1
2897,2575,1
1415,5126,1
578,1485,1
1172,2191,1
5299,3765,1
1924,756,1
1105,1890,1
2044,3307,1
3444,2296,1
3170,2465,1
3336,4832,1
697,3306,1
5989,3054,1
1050,1542,1
2463,3701,1
3143,4605,1
4433,4032,1
2261,2525,1
3261,4616,1
5124,3529,1
4543,6302,1
5123,4606,1
1415,3157,1
1555,4787,1
5470,1820,1
1208,2190,1
5786,5145,1
19,1375,1
697,6403,1
6296,6546,1
3653,4031,1
1420,2128,1
3143,4676,1
2758,2518,1
5672,5929,1
5107,6537,1
2126,2980,1
788,208,1
1050,5590,1
3140,3956,1
1192,2124,1
2544,2296,1
2172,3848,1
1106,154,1
593,592,1
2270,2975,1
5514,5921,1
1420,3306,1
1818,1366,1
6220,6024,1
5058,3649,1
2742,2057,1
2395,2430,1
36,64,1
4175,3128,1
2078,1366,1
2357,1062,1
165,1555,1
502,606,1
3444,698,1
4444,2431,1
5488,6429,1
169,6647,1
1420,2356,1
154,398,1
2444,6403,1
111,4787,1
1961,5682,1
4149,3518,1
3441,5256,1
157,1156,1
1900,2397,1
4965,2079,1
4897,3644,1
3150,3124,1
640,733,1
3053,5710,1
4018,3150,1
2476,4480,1
904,3861,1
10,620,1
743,656,1
2090,2059,1
2395,2169,1
157,1550,1
67,739,1
1562,827,1
2062,2731,1
3059,2127,1
3464,4108,1
4617,3153,1
3302,4052,1
130,320,1
4916,5666,1
1880,2053,1
1259,1364,1
4548,4912,1
2204,4077,1
2179,5240,1
1701,1106,1
581,889,1
2466,3984,1
1765,1704,1
4078,3997,1
2348,2732,1
5178,5198,1
1731,3147,1
1951,14,1
1056,29,1
1420,3465,1
3248,2191,1
5870,6437,1
1366,1392,1
1593,5240,1
3747,4573,1
6844,5800,1
662,2183,1
1940,1574,1
1050,1897,1
788,1704,1
4616,5126,1
5820,4226,1
5577,5470,1
2707,14,1
743,2997,1
4824,6650,1
99,2872,1
1097,945,1
6310,5966,1
4310,3153,1
155,2815,1
285,1050,1
1594,2191,1
1801,1908,1
163,1593,1
5586,3453,1
1736,698,1
2506,2838,1
36,1814,1
19,510,1
3079,3781,1
2706,6809,1
2477,2381,1
4552,5792,1
2680,3295,1
719,1238,1
5706,4910,1
2044,3997,1
2260,2567,1
2041,2371,1
2712,5075,1
4416,4499,1
1056,1151,1
1306,4463,1
2347,2250,1
5,719,1
2531,2555,1
78,1168,1
5149,1972,1
3466,3488,1
3143,2563,1
5093,5109,1
5736,5769,1
4377,4310,1
765,1578,1
162,125,1
4004,4068,1
2348,3585,1
4664,6585,1
2707,6064,1
2099,2607,1
972,1060,1
1590,822,1
896,1699,1
6308,6565,1
284,51,1
2126,2397,1
3654,5733,1
2572,2787,1
279,1131,1
1365,521,1
1319,1143,1
3464,6173,1
3140,5155,1
2507,2062,1
4171,3904,1
2101,2328,1
1664,1566,1
1478,1503,1
4194,2563,1
2079,933,1
3893,2863,1
4628,3981,1
4596,4123,1
1205,1830,1
3647,2548,1
36,753,1
560,660,1
1900,1460,1
3147,2956,1
1734,2138,1
719,5666,1
157,815,1
24,682,1
1105,855,1
4149,2079,1
2425,2756,1
6914,5925,1
2707,2657,1
1256,6608,1
4607,4628,1
499,1201,1
1937,4304,1
1880,1001,1
5127,3529,1
697,2842,1
875,2287,1
1062,2604,1
2444,2331,1
3173,3630,1
2328,5375,1
3919,4787,1
4548,3997,1
3654,4210,1
2164,5420,1
1359,967,1
289,1183,1
1099,270,1
4561,2747,1
285,774,1
381,3059,1
5129,6202,1
134,876,1
284,1021,1
289,612,1
2469,2864,1
1627,1940,1
4377,5139,1
112,656,1
917,1824,1
1951,3457,1
1359,1259,1
1277,533,1
2476,3129,1
78,1258,1
1505,1365,1
3990,3580,1
632,1590,1
2463,2740,1
1277,2787,1
2348,2850,1
2396,4177,1
4228,3488,1
398,28,1
1900,1699,1
3441,4068,1
4315,5127,1
5988,3644,1
3534,3531,1
2099,383,1
4098,3406,1
4617,5827,1
1890,863,1
1050,4210,1
1424,1562,1
6587,5161,1
6024,5929,1
2164,817,1
695,3059,1
2975,5376,1
2374,2381,1
3330,1176,1
4177,6889,1
155,258,1
2746,2381,1
1205,2427,1
1761,2764,1
1366,1493,1
738,239,1
28,3169,1
1928,2145,1
5141,6123,1
1331,1330,1
40,603,1
2763,4222,1
638,277,1
1675,5864,1
2348,3999,1
2607,3301,1
6021,6637,1
4934,4177,1
4108,3508,1
4910,2079,1
2442,1830,1
1256,2396,1
1014,4605,1
1591,505,1
93,2191,1
1450,2740,1
5129,4149,1
5043,5539,1
4483,4808,1
285,210,1
4561,5929,1
1417,2287,1
1359,1457,1
2044,3487,1
99,4366,1
3172,1828,1
1763,2571,1
3149,4424,1
2,29,1
2127,5141,1
3147,2466,1
1506,1795,1
603,1575,1
4078,6064,1
4477,5734,1
1168,2970,1
6293,6619,1
238,668,1
4310,4999,1
1664,1699,1
1359,521,1
3882,4229,1
4608,2382,1
1420,4007,1
2315,1330,1
6180,6293,1
5151,5232,1
5771,4463,1
3329,2366,1
1370,3845,1
422,1589,1
3845,4499,1
5043,5073,1
6780,5330,1
1684,1415,1
5058,5125,1
1174,5029,1
2975,3109,1
263,262,1
4149,1675,1
3143,4431,1
3189,6479,1
3891,3248,1
7,511,1
1050,2379,1
3683,3242,1
1629,1937,1
1272,1956,1
1568,1266,1
3803,3733,1
6161,767,1
2062,2301,1
4897,4561,1
1824,1272,1
5176,5145,1
2563,3280,1
3146,2818,1
1945,2191,1
5127,6794,1
2707,5854,1
3654,3719,1
2064,1892,1
2011,2010,1
6390,6180,1
6703,6794,1
3147,4518,1
4892,5799,1
1549,3459,1
112,3320,1
5870,6306,1
5129,4813,1
281,1514,1
3150,4672,1
1961,2158,1
1098,1551,1
2338,2587,1
5317,6335,1
2425,1315,1
604,2124,1
1150,2323,1
3594,3591,1
3719,6479,1
2090,2315,1
4475,4672,1
10,1960,1
680,287,1
3150,2829,1
801,3195,1
2328,4210,1
1131,1116,1
6776,7048,1
954,2294,1
5695,6998,1
1650,3002,1
91,64,1
3147,3168,1
2652,1881,1
4366,3045,1
1490,1398,1
373,1823,1
155,1649,1
1945,4291,1
1478,1519,1
5539,1820,1
2107,2756,1
1972,2166,1
3147,5153,1
4377,6920,1
755,2360,1
904,2738,1
4543,6056,1
2041,885,1
2995,4552,1
4943,5887,1
697,669,1
2346,1795,1
910,2516,1
3286,2607,1
2064,5554,1
1471,321,1
663,660,1
2044,1613,1
5866,6161,1
19,1804,1
769,51,1
1830,1937,1
6935,5868,1
6148,6151,1
1034,1215,1
718,2976,1
2763,2868,1
1220,1500,1
2055,1471,1
697,3287,1
2486,1664,1
3134,698,1
422,7063,1
133,5800,1
3140,2956,1
5176,5198,1
226,229,1
1900,258,1
1002,1944,1
2289,6705,1
7014,7109,1
1063,1386,1
3594,2867,1
665,936,1
3314,6479,1
2444,2270,1
2044,1244,1
638,1936,1
2064,2250,1
6562,5867,1
6300,6306,1
6171,5105,1
279,556,1
2490,3295,1
3059,4558,1
2467,4875,1
2818,6248,1
2398,3548,1
1571,215,1
311,1306,1
3092,669,1
1471,2361,1
641,1142,1
1238,698,1
902,1591,1
605,1014,1
2334,369,1
1420,2756,1
294,5864,1
647,1631,1
5181,3765,1
1471,1392,1
2290,1699,1
3174,4607,1
99,1054,1
701,3168,1
2127,885,1
4033,5474,1
3427,1285,1
4011,4007,1
510,665,1
2431,3984,1
3085,891,1
4543,5537,1
4548,4641,1
3394,4226,1
2425,2871,1
2246,4607,1
4599,5736,1
3990,6087,1
1420,2190,1
4149,5237,1
904,6302,1
1669,2706,1
130,316,1
6082,3153,1
279,2270,1
1650,2560,1
76,693,1
6180,6454,1
1609,3007,1
1363,947,1
3143,5087,1
4377,4621,1
4467,2164,1
3059,3651,1
4603,3261,1
1506,5682,1
234,371,1
1235,916,1
4632,4628,1
3287,4569,1
2697,3301,1
5102,6737,1
864,1298,1
1513,1512,1
4717,5921,1
2575,2124,1
5294,4543,1
2876,1637,1
4817,5152,1
2465,4443,1
8,536,1
23,2746,1
1890,1447,1
3893,2348,1
2270,270,1
4552,4064,1
743,2731,1
1761,1842,1
6369,6585,1
5548,3004,1
1761,1476,1
779,210,1
5868,4696,1
888,1106,1
4615,4705,1
2703,3651,1
6036,6084,1
340,1976,1
1128,1332,1
4463,6693,1
5271,3701,1
4897,5493,1
118,2698,1
144,1062,1
6161,6585,1
4880,3150,1
2463,4988,1
6683,6735,1
2471,3763,1
3140,4602,1
5792,3518,1
1669,1637,1
1370,1306,1
1829,2202,1
3495,2127,1
4315,2466,1
2395,2871,1
2348,4828,1
3314,2233,1
4613,5996,1
5474,5925,1
3654,4097,1
2044,2420,1
4897,1811,1
1949,2328,1
1415,4066,1
28,357,1
2357,1541,1
2463,3529,1
4964,5395,1
2474,3781,1
2348,669,1
4892,5488,1
1559,2177,1
3852,4480,1
1277,1651,1
502,1730,1
3654,4291,1
6,5,1
5769,6598,1
6813,6809,1
1351,2580,1
4091,3997,1
24,676,1
2522,4945,1
1002,1493,1
7,50,1
5348,5375,1
1205,3301,1
2348,2294,1
2892,2533,1
241,64,1
3,332,1
4897,5155,1
1608,3307,1
917,1296,1
2763,2126,1
4607,4377,1
1940,1640,1
2425,4312,1
6900,6920,1
2382,1940,1
4548,2818,1
1420,1657,1
4602,6777,1
148,1613,1
6441,6173,1
1366,1448,1
3095,2366,1
6146,2600,1
1593,2956,1
320,1254,1
508,254,1
87,5890,1
3174,4552,1
1306,1178,1
23,28,1
1471,2058,1
3360,4822,1
2767,2908,1
6674,6123,1
5149,5687,1
2348,2980,1
4222,4832,1
5786,4261,1
34,618,1
3148,3873,1
3701,2995,1
2752,1541,1
3466,1130,1
973,5966,1
6308,5493,1
3097,3719,1
2833,1951,1
5470,5904,1
910,1060,1
3464,5590,1
5431,4522,1
1244,1259,1
4035,1420,1
2017,3176,1
632,719,1
2467,4607,1
604,4335,1
5488,5966,1
2767,2018,1
1424,2379,1
3207,2158,1
2533,4195,1
40,253,1
111,756,1
1314,3845,1
6171,3009,1
1244,1464,1
2975,3971,1
6301,6029,1
3147,4299,1
4272,4854,1
697,884,1
3151,4813,1
1029,1550,1
6152,4581,1
1348,2970,1
765,786,1
50,125,1
3148,3800,1
1731,1730,1
2301,4210,1
2428,1649,1
2348,6850,1
20,1578,1
231,64,1
19,573,1
10,1398,1
93,2533,1
4607,5870,1
4738,6085,1
990,2455,1
3208,2294,1
1233,379,1
2972,3108,1
3140,3649,1
285,1115,1
3313,3529,1
6300,5736,1
6426,6693,1
5195,5194,1
1763,3002,1
904,1471,1
2567,1924,1
3222,2732,1
237,2289,1
4955,3825,1
422,5092,1
28,4961,1
5218,3087,1
284,187,1
656,1096,1
1555,6693,1
1050,1829,1
502,3108,1
4910,2680,1
3746,2617,1
5766,5767,1
2328,2435,1
15,910,1
4393,4788,1
3217,5628,1
3314,3765,1
57,239,1
6674,4511,1
422,5548,1
78,4219,1
4617,5232,1
3152,3751,1
3648,3751,1
167,815,1
422,3153,1
1519,2127,1
1585,5668,1
5750,6302,1
2272,3280,1
6147,6538,1
129,871,1
4617,7109,1
3189,1267,1
2512,270,1
126,2315,1
2770,2847,1
1917,1908,1
4809,4605,1
1590,2425,1
1192,2863,1
6811,1820,1
19,599,1
4892,5612,1
2648,1567,1
1059,154,1
5127,6085,1
1814,1682,1
4479,1141,1
3149,1542,1
3151,5127,1
1172,2004,1
697,2233,1
2705,2759,1
48,355,1
316,897,1
1244,1235,1
1420,2467,1
546,1351,1
967,1142,1
2044,2815,1
6029,3087,1
10,1402,1
2867,2315,1
3261,6203,1
2366,3148,1
719,4517,1
2765,3719,1
863,3150,1
5783,6613,1
5771,4910,1
4700,6756,1
4506,4813,1
571,546,1
2272,1940,1
3575,2373,1
3350,3452,1
3327,2471,1
3148,3316,1
755,1256,1
5217,14,1
5139,5929,1
7072,5782,1
281,292,1
2818,4108,1
5149,6608,1
1506,51,1
575,2970,1
2456,2980,1
3087,5132,1
1731,2361,1
69,657,1
2707,4641,1
2890,2357,1
1105,2140,1
286,739,1
6180,4634,1
1366,1742,1
3996,5145,1
1032,4621,1
764,5479,1
3853,3248,1
2428,4801,1
1681,2291,1
838,1398,1
3682,1589,1
972,1707,1
5396,4788,1
669,7048,1
6415,6096,1
1363,1398,1
2742,2506,1
2465,2371,1
10,612,1
4522,4098,1
5751,2233,1
3466,2867,1
3210,2294,1
1408,1805,1
725,1021,1
13,237,1
3097,1589,1
4039,5555,1
6277,5512,1
2048,6585,1
4892,6056,1
1002,6789,1
6709,4961,1
2260,778,1
1917,1432,1
2566,2564,1
2224,2395,1
2425,2810,1
3143,2521,1
743,1984,1
2037,2787,1
4613,3529,1
1593,4895,1
2763,4164,1
5736,6281,1
2844,2582,1
1874,5666,1
642,751,1
170,683,1
1233,1404,1
3807,2548,1
5317,5929,1
1484,1306,1
277,1214,1
3387,1828,1
5786,1972,1
5061,6203,1
2549,2546,1
2787,2166,1
528,4275,1
2463,5480,1
4149,5029,1
2767,2420,1
4430,4377,1
3546,2867,1
6095,4068,1
5867,5633,1
4116,5222,1
6335,5161,1
921,5555,1
4897,5109,1
5586,3644,1
6152,6479,1
2823,2976,1
4332,4459,1
6922,7063,1
3672,5222,1
6406,6334,1
2078,2847,1
3147,5129,1
1380,1730,1
1370,1509,1
4606,4924,1
2690,2548,1
2427,3138,1
5769,4835,1
4091,3059,1
1820,4687,1
3111,2382,1
216,24,1
311,217,1
2343,3939,1
4609,1235,1
1263,1201,1
1002,5792,1
30,196,1
718,1803,1
4133,2956,1
1268,703,1
2431,4541,1
966,3763,1
1027,29,1
674,950,1
1192,2394,1
2348,3541,1
2397,6087,1
5792,5742,1
1446,910,1
3315,3033,1
3840,3873,1
3812,6161,1
5149,5431,1
1471,874,1
7,359,1
1110,1761,1
3147,2995,1
1027,4108,1
3092,3316,1
1736,3248,1
5360,4605,1
5792,6613,1
3150,2563,1
285,1903,1
2348,6819,1
1681,948,1
2810,2838,1
1478,379,1
4226,4605,1
3917,4063,1
6028,5207,1
1356,695,1
5640,4226,1
875,735,1
2425,4424,1
3718,2389,1
3444,2492,1
155,2294,1
1095,2872,1
5736,4222,1
697,5742,1
954,3124,1
6188,5207,1
3587,5209,1
3238,3316,1
1192,2397,1
3305,3464,1
779,14,1
3150,3360,1
2703,2427,1
2425,2434,1
1359,743,1
2127,4123,1
1262,1332,1
1192,2761,1
1432,3495,1
2932,2044,1
2533,3134,1
5045,4828,1
4889,3781,1
2294,2847,1
990,1745,1
4607,6059,1
3148,2864,1
862,321,1
2767,3331,1
4181,4177,1
10,2059,1
1938,4961,1
5292,7062,1
1237,1419,1
23,3248,1
2507,2697,1
4613,5474,1
5769,5139,1
2792,1594,1
3904,6598,1
4033,4952,1
23,4052,1
6426,6454,1
1356,1173,1
2471,3134,1
1366,2970,1
912,4403,1
6171,6335,1
3242,5966,1
1142,2127,1
1420,656,1
1675,3825,1
3305,2059,1
2461,4499,1
3097,2492,1
1818,1681,1
270,1802,1
1615,1646,1
2814,2044,1
4897,4857,1
1002,5329,1
4552,4867,1
4910,4061,1
3147,2064,1
1018,1207,1
5236,817,1
981,1062,1
1349,1519,1
28,1485,1
5141,4892,1
3986,5742,1
2628,2123,1
2348,6351,1
1562,1450,1
263,4131,1
6466,6218,1
1670,3904,1
3997,4709,1
2348,168,1
1078,1056,1
292,983,1
4602,5661,1
4603,5109,1
2735,4561,1
119,743,1
642,1018,1
2707,4912,1
2202,3679,1
3150,3280,1
1940,2356,1
628,1805,1
1277,1909,1
4310,5061,1
1655,2315,1
6149,6050,1
4417,2191,1
5043,1507,1
1682,781,1
111,3152,1
6496,3087,1
232,570,1
1002,5141,1
1553,1432,1
3929,1176,1
4261,5736,1
4246,4210,1
6334,6024,1
3144,4063,1
4299,5687,1
4597,5102,1
3087,5854,1
2063,1951,1
6151,6789,1
4561,14,1
1820,5512,1
697,6456,1
1478,1988,1
286,876,1
4149,4443,1
1961,2348,1
1306,2204,1
6305,6029,1
1306,1523,1
4261,2733,1
1017,1003,1
604,1062,1
3087,6195,1
4488,3320,1
285,4832,1
105,4068,1
2270,1649,1
776,785,1
1699,2124,1
4377,5966,1
2230,2293,1
6028,3303,1
48,208,1
4082,3315,1
2529,1456,1
490,5735,1
697,6667,1
5634,6510,1
3627,1892,1
4859,6195,1
1658,2132,1
6496,6096,1
78,3999,1
5021,4449,1
422,4472,1
6029,5107,1
5786,5138,1
7,306,1
1811,1810,1
1996,2017,1
5394,5141,1
1415,4852,1
1559,575,1
4377,5395,1
6420,5131,1
755,962,1
284,917,1
927,855,1
6300,5127,1
2044,2017,1
2329,2287,1
1669,2863,1
2204,2810,1
1306,1358,1
2758,2818,1
6369,5317,1
4149,3189,1
5143,2074,1
1420,1003,1
502,644,1
587,676,1
5286,4788,1
422,239,1
1471,1366,1
310,312,1
157,739,1
294,546,1
4788,6585,1
4444,1838,1
2348,6332,1
6514,6173,1
6306,6926,1
1277,1707,1
4149,6064,1
2758,669,1
3441,4828,1
1714,762,1
1256,6454,1
3990,5904,1
5539,3303,1
2,253,1
93,521,1
2995,4098,1
3208,2842,1
3106,1192,1
644,1507,1
2261,2071,1
2099,1062,1
2705,3360,1
4194,3904,1
6388,7070,1
1759,2122,1
3328,2815,1
1024,1629,1
697,875,1
6618,3585,1
695,1290,1
294,2465,1
41,871,1
61,3347,1
1625,3563,1
4403,2301,1
697,3661,1
294,3529,1
2818,3701,1
1259,1676,1
1233,1471,1
692,394,1
1417,1611,1
2982,2465,1
587,285,1
641,1021,1
2705,3816,1
641,888,1
3213,3150,1
1156,5430,1
422,740,1
6152,6647,1
5766,6986,1
5828,5474,1
1032,3845,1
948,2145,1
3336,4164,1
5317,6591,1
4831,5152,1
285,1795,1
1818,1450,1
1566,2564,1
5988,5800,1
1421,1176,1
160,1028,1
5572,3286,1
2373,2430,1
5989,6276,1
5129,4522,1
548,547,1
2044,3647,1
1256,3901,1
422,4164,1
4522,1351,1
5129,6146,1
2132,2970,1
3853,5430,1
1050,6737,1
1032,3248,1
1205,1793,1
4533,4528,1
2389,3138,1
22,1,1
1471,1594,1
285,911,1
4677,2301,1
3306,4722,1
4033,6000,1
1063,1358,1
4150,4299,1
4852,767,1
1599,1909,1
205,50,1
4617,6186,1
4817,5194,1
4223,2657,1
735,154,1
4892,6647,1
5672,5185,1
1420,3457,1
4719,2760,1
3204,3287,1
3150,4499,1
1989,2258,1
719,3406,1
2673,2761,1
5107,4867,1
1063,1371,1
642,872,1
3697,756,1
1792,2063,1
3990,3334,1
2841,3073,1
3143,4164,1
4417,5165,1
4261,4850,1
2170,1892,1
1062,1821,1
10,27,1
285,1208,1
2707,3146,1
1233,1168,1
292,864,1
4849,4427,1
4416,3002,1
287,1358,1
1890,1919,1
31,552,1
10,2348,1
3651,3320,1
118,187,1
54,395,1
912,1244,1
1615,2702,1
67,797,1
6152,6151,1
391,5916,1
1256,2202,1
3168,3649,1
2833,2294,1
4556,4641,1
3174,3763,1
4432,1627,1
972,1701,1
1050,4508,1
6083,3153,1
57,531,1
4449,3619,1
3314,3457,1
917,1376,1
3164,3176,1
5464,4912,1
1131,1404,1
422,3653,1
2366,4098,1
3529,4079,1
1478,1892,1
697,6946,1
1370,1493,1
1811,2090,1
5127,3475,1
87,5921,1
3919,3997,1
4616,4038,1
3152,1933,1
2328,5738,1
10,1839,1
1183,2908,1
3582,2397,1
2204,2759,1
604,5131,1
5980,6020,1
951,2191,1
4250,3406,1
4082,3901,1
148,1028,1
4684,5330,1
4547,3465,1
1984,2372,1
1609,3129,1
23,3452,1
794,262,1
1358,1184,1
1699,6248,1
5147,6717,1
6401,5092,1
287,1968,1
4335,3904,1
2139,2138,1
2628,4648,1
111,1649,1
1258,2063,1
1306,3661,1
1256,1745,1
1917,2405,1
3406,2617,1
16,320,1
1371,2752,1
238,2531,1
3150,2867,1
1820,2293,1
2651,2381,1
1105,62,1
6176,6546,1
4973,5768,1
801,3800,1
3654,5109,1
1478,1493,1
2761,3521,1
99,2477,1
10,3630,1
1891,1804,1
6735,6585,1
1581,1579,1
28,915,1
4283,4836,1
4522,5736,1
624,755,1
1611,1657,1
628,1937,1
6568,5431,1
4078,5198,1
3084,3124,1
2733,3007,1
3701,4172,1
2261,2122,1
1256,2580,1
4108,3147,1
1650,2571,1
5933,1420,1
4073,3529,1
1471,822,1
1002,962,1
3331,2127,1
4430,4676,1
3812,5395,1
242,649,1
2767,2323,1
1519,1892,1
5807,4672,1
5713,884,1
2760,1197,1
2575,2697,1
3277,2044,1
130,319,1
2465,3059,1
546,698,1
6096,4627,1
2770,2062,1
3086,2294,1
2177,4648,1
1205,1408,1
3172,3124,1
1594,1805,1
5166,5165,1
1341,1371,1
3465,5228,1
1131,1613,1
99,5966,1
4897,6165,1
3038,2427,1
3148,3867,1
3143,2476,1
4498,4038,1
3087,4700,1
6405,2810,1
2705,4312,1
1502,2046,1
2996,2381,1
6812,6001,1
981,1365,1
5317,5131,1
5786,3020,1
118,634,1
3206,3248,1
5488,5742,1
719,726,1
2467,5630,1
4617,4979,1
9,679,1
2425,1464,1
2099,2970,1
697,3719,1
1216,874,1
4522,4817,1
93,634,1
126,529,1
422,2124,1
2742,5916,1
5672,5864,1
830,838,1
3106,4312,1
18,340,1
51,168,1
4522,3150,1
3650,2607,1
157,379,1
4552,2669,1
10,1541,1
801,3320,1
5640,1235,1
5218,6667,1
6372,6598,1
5514,3701,1
5720,3153,1
1415,3295,1
2263,2371,1
422,1520,1
2548,5043,1
2767,3004,1
766,1851,1
4604,6050,1
5420,4979,1
5292,5666,1
5236,5736,1
232,2373,1
3017,2396,1
57,27,1
4063,3148,1
2048,4444,1
6156,6479,1
4430,4177,1
4542,4472,1
916,369,1
1471,1839,1
2322,2057,1
32,153,1
5036,5034,1
2328,2575,1
3314,5105,1
69,278,1
1277,1142,1
917,1418,1
1050,4552,1
3871,3002,1
4522,2357,1
4223,3446,1
5514,5329,1
3106,3415,1
3654,3464,1
2357,2038,1
6147,2956,1
6107,6717,1
4430,4573,1
1555,2172,1
3450,2607,1
6674,6413,1
696,862,1
3058,4312,1
1050,6794,1
1177,1371,1
4180,5624,1
3444,6585,1
2571,2570,1
141,379,1
340,587,1
860,29,1
4747,3154,1
4817,2522,1
904,1613,1
292,1184,1
3495,4518,1
6942,5925,1
3812,5222,1
3580,3598,1
1912,1915,1
197,2190,1
398,394,1
253,616,1
232,2381,1
2965,575,1
912,1594,1
373,1299,1
5469,5766,1
718,2516,1
1370,1897,1
904,3252,1
3286,2291,1
1277,2516,1
2995,6123,1
4426,3149,1
3682,2476,1
3097,4617,1
5783,6595,1
912,1961,1
2377,2372,1
2348,2583,1
3733,553,1
4607,6230,1
5493,5209,1
284,3034,1
5539,4216,1
4910,4561,1
5146,4456,1
1938,1761,1
3618,4217,1
2767,2575,1
77,3059,1
982,5474,1
3058,2867,1
2179,5282,1
1718,1924,1
1450,944,1
5440,14,1
6959,5925,1
285,2465,1
1562,1574,1
904,3531,1
4606,1655,1
24,125,1
112,2405,1
1306,853,1
3329,1267,1
2348,6479,1
3432,3097,1
1591,2381,1
4451,4788,1
10,838,1
588,391,1
872,3787,1
4377,1655,1
99,2617,1
4883,2191,1
1416,3849,1
3643,5027,1
242,768,1
1486,1555,1
2348,6437,1
5470,4961,1
5129,5782,1
352,64,1
4892,6913,1
3643,6993,1
141,1021,1
422,5633,1
10,1094,1
1032,4431,1
1909,1944,1
4477,4634,1
4823,6613,1
2781,2738,1
4613,4256,1
4226,2584,1
4226,4672,1
713,937,1
453,1088,1
1928,3630,1
1050,5075,1
697,4996,1
2372,3252,1
4522,1811,1
2506,3109,1
1314,3059,1
982,4616,1
1142,489,1
5356,2669,1
1032,2815,1
422,5426,1
5586,6085,1
2705,2270,1
735,1520,1
1471,3097,1
1740,1256,1
765,768,1
6026,6752,1
6176,5139,1
157,1919,1
241,29,1
2348,1285,1
862,2294,1
4261,5735,1
3739,1192,1
641,521,1
34,5,1
755,971,1
1032,318,1
955,2555,1
3703,4499,1
1625,3999,1
743,1901,1
1106,1450,1
1376,505,1
3280,2044,1
5701,5800,1
141,278,1
4221,5666,1
2810,3320,1
5713,4195,1
286,1519,1
3534,4177,1
6926,6537,1
6369,7109,1
2348,3867,1
2348,2648,1
891,1960,1
4078,4827,1
1506,962,1
1168,1319,1
3532,3531,1
3286,1507,1
2062,1901,1
2090,1960,1
6769,5734,1
5129,4443,1
5548,4261,1
6663,5161,1
912,2331,1
766,1178,1
3714,2697,1
3082,5075,1
1002,1509,1
23,3138,1
4694,3997,1
3794,4164,1
3736,3248,1
4031,3647,1
36,4213,1
1014,1088,1
6024,6248,1
2261,1393,1
6156,2810,1
2465,1637,1
454,638,1
3265,3045,1
3164,3340,1
2398,2372,1
3980,3845,1
3863,3861,1
4445,4068,1
3314,6050,1
934,5613,1
279,1271,1
3874,3781,1
157,277,1
4033,5029,1
4332,4222,1
1002,2071,1
6067,1820,1
105,6693,1
5706,6050,1
1105,2074,1
5139,5092,1
1650,1853,1
1109,1056,1
1478,1003,1
111,3866,1
2463,3252,1
2123,874,1
2463,3168,1
253,2053,1
2270,2044,1
2763,1542,1
2841,1669,1
67,719,1
3654,5767,1
48,3415,1
1032,735,1
3243,4850,1
912,3971,1
157,864,1
4613,6059,1
1415,4031,1
19,5058,1
6146,6415,1
4456,6429,1
3315,4648,1
4809,5232,1
2287,4031,1
5784,6060,1
122,187,1
1192,1275,1
43,681,1
5002,5688,1
5901,5921,1
2373,2546,1
1471,1607,1
743,3651,1
3812,2995,1
422,4819,1
2126,3711,1
422,2752,1
3305,2761,1
69,320,1
111,2810,1
6154,6302,1
587,5539,1
2348,2378,1
3330,2091,1
217,239,1
1835,1643,1
498,239,1
1456,2381,1
4430,4988,1
1478,853,1
3654,4077,1
697,1795,1
4607,5864,1
1056,807,1
5548,5043,1
3077,3765,1
157,983,1
6151,5616,1
6300,6510,1
580,2083,1
2348,4910,1
292,719,1
1458,1631,1
201,1050,1
2707,4077,1
7064,5782,1
2397,1244,1
3146,4171,1
6305,4463,1
4522,4822,1
534,863,1
3192,2396,1
2705,4171,1
4417,4656,1
24,2262,1
5,1115,1
28,7029,1
2080,3904,1
10,1172,1
2377,2706,1
2126,187,1
1105,5590,1
3314,1972,1
106,876,1
5514,6510,1
96,24,1
1420,1562,1
1811,3255,1
5921,5742,1
2062,1924,1
4606,5236,1
3681,4576,1
398,3644,1
3722,3653,1
6196,6195,1
5,1371,1
4810,4808,1
4607,5505,1
2270,5479,1
6560,3984,1
6180,6056,1
10,1607,1
281,933,1
2890,2908,1
284,4032,1
6244,6281,1
1124,1823,1
2738,2427,1
6334,6335,1
2781,2976,1
1266,2459,1
3444,5490,1
2617,3446,1
2833,2752,1
1095,1330,1
3265,2296,1
6176,6755,1
3914,6809,1
3147,4610,1
3248,2617,1
1471,2062,1
5989,5800,1
6171,5734,1
5145,4068,1
3150,5996,1
3086,187,1
3336,2815,1
1365,1670,1
3653,4131,1
4430,2829,1
5042,5479,1
2084,1835,1
1363,1306,1
2901,2575,1
224,24,1
3444,4943,1
4616,5933,1
5581,5967,1
167,922,1
4194,3152,1
4608,2533,1
2431,5613,1
4149,4528,1
489,50,1
1394,3763,1
5742,3153,1
7060,7063,1
5043,5292,1
307,4787,1
4548,5129,1
284,4020,1
5222,5854,1
5648,6047,1
3410,3585,1
3150,4606,1
169,6998,1
99,5194,1
2463,4854,1
4149,6770,1
4824,6178,1
6372,5209,1
6156,6146,1
5149,4627,1
112,2291,1
3275,2348,1
3587,3598,1
2657,4108,1
4964,2315,1
3643,5479,1
184,956,1
5176,3649,1
3168,5075,1
912,4672,1
2767,3591,1
2343,1892,1
743,4097,1
2707,5165,1
1851,3146,1
6155,6776,1
2463,3825,1
1819,1670,1
604,638,1
4431,669,1
3394,2831,1
372,363,1
5286,5105,1
1103,857,1
2315,1892,1
2357,694,1
2463,2518,1
1272,1064,1
1256,187,1
2971,2457,1
1235,1707,1
4892,4700,1
1545,1503,1
6814,5800,1
4943,6227,1
3143,2544,1
2707,817,1
4542,4541,1
1034,1094,1
1262,1290,1
3336,1589,1
1193,1355,1
106,724,1
3598,1838,1
3059,1130,1
3982,4171,1
24,332,1
3643,4617,1
2895,2348,1
1578,1795,1
422,1259,1
3716,4299,1
2246,5734,1
1655,5827,1
2476,3150,1
735,1375,1
3053,5112,1
1420,2331,1
1063,1734,1
3157,3459,1
3871,4068,1
4607,5430,1
4612,3781,1
2707,2507,1
10,4573,1
2585,2583,1
4430,4528,1
5750,3453,1
2043,2371,1
6612,6050,1
1629,2864,1
6173,4482,1
1415,4528,1
1141,4617,1
5687,5126,1
4091,4297,1
4173,3406,1
2705,4031,1
1032,5247,1
1625,3487,1
6125,6146,1
794,718,1
422,1370,1
2425,4172,1
910,1128,1
638,698,1
4149,3885,1
6426,5742,1
17,2349,1
888,855,1
3794,3904,1
1477,1256,1
157,318,1
910,1463,1
48,281,1
5783,5092,1
1761,1173,1
6414,6335,1
4654,4808,1
6084,4463,1
2323,1940,1
788,1578,1
5890,5887,1
4892,6064,1
5786,6227,1
1140,489,1
4608,5256,1
502,665,1
5147,6653,1
3273,3781,1
896,1128,1
4430,4195,1
1949,2438,1
3208,2742,1
48,785,1
1982,1803,1
6468,6218,1
2127,1699,1
62,4522,1
2584,3203,1
1168,207,1
743,553,1
3736,1828,1
285,1215,1
755,2371,1
5672,4788,1
3147,4210,1
1099,1094,1
3650,3287,1
2062,4801,1
756,2191,1
632,1500,1
3296,1351,1
1256,5157,1
2348,6190,1
955,1456,1
1356,1290,1
3165,2233,1
4194,4420,1
2342,3347,1
422,4654,1
3653,3154,1
3143,4118,1
3650,1892,1
4223,1655,1
311,848,1
4004,5966,1
67,871,1
5273,3261,1
249,2293,1
270,2477,1
779,832,1
912,2516,1
912,2540,1
6957,7021,1
577,2872,1
2260,2328,1
1608,6850,1
238,2018,1
5129,1285,1
3385,2838,1
3313,4477,1
1029,1386,1
1830,696,1
5918,5185,1
3157,2617,1
155,2455,1
3668,4912,1
3647,7068,1
683,888,1
723,580,1
604,1021,1
3360,5127,1
4522,3649,1
4576,4616,1
5586,4672,1
2787,3861,1
1349,521,1
912,3459,1
5783,6619,1
1828,3475,1
6957,5800,1
3248,2975,1
2126,2465,1
1205,2955,1
2099,3255,1
10,3242,1
11,608,1
310,665,1
2289,2377,1
310,125,1
398,3059,1
6703,6820,1
1938,962,1
123,316,1
4618,1507,1
1256,2226,1
5129,6794,1
286,1579,1
5820,5921,1
398,6737,1
2161,2379,1
3681,4064,1
1298,1266,1
3865,4424,1
4522,6889,1
3990,6667,1
3444,3529,1
1394,1646,1
6146,6001,1
396,43,1
2444,2124,1
1519,2191,1
995,571,1
1820,1670,1
6308,6218,1
1235,1976,1
5786,5792,1
2758,2166,1
959,701,1
1034,2564,1
1456,2698,1
2343,2765,1
2044,2731,1
681,4656,1
1896,4444,1
943,1082,1
1131,2063,1
279,875,1
6019,6998,1
316,739,1
3185,2465,1
1256,6776,1
5792,6180,1
3097,3555,1
4561,4910,1
3143,3495,1
604,2158,1
2890,3059,1
4456,5092,1
2706,2431,1
2233,2956,1
6415,6538,1
1029,693,1
2533,1940,1
719,3956,1
279,1590,1
2463,2250,1
2126,2177,1
917,926,1
955,956,1
1645,2057,1
5470,6755,1
1105,2600,1
5783,6420,1
1420,3825,1
1961,6020,1
4193,3849,1
4576,4222,1
2338,2580,1
2308,1064,1
756,2465,1
6550,6026,1
665,815,1
5132,4098,1
2767,2017,1
2585,2850,1
697,3446,1
1450,2343,1
2786,6351,1
3545,4213,1
1329,1480,1
2833,3464,1
42,797,1
546,1682,1
2260,1664,1
4700,3956,1
4616,5420,1
14,31,1
3315,3580,1
3097,2980,1
5099,4066,1
6173,5317,1
3649,4621,1
3248,3465,1
1233,1651,1
1672,1393,1
1547,1295,1
16,1384,1
3800,669,1
2572,3487,1
3173,2059,1
3681,2522,1
2752,1935,1
1205,1467,1
4973,6598,1
1069,3108,1
5042,4559,1
3803,3971,1
253,963,1
1961,1734,1
718,1266,1
2680,6591,1
2471,5293,1
2260,1420,1
5094,1351,1
3554,2867,1
3153,4892,1
3997,1960,1
2377,2698,1
6405,5185,1
281,1467,1
5228,2600,1
2330,5050,1
2871,1351,1
155,1853,1
54,1355,1
6412,5904,1
1763,3719,1
1933,2761,1
1615,1670,1
1487,2381,1
6193,6190,1
2617,187,1
294,2669,1
2122,3316,1
696,2908,1
605,3109,1
62,7,1
3248,1330,1
284,1106,1
3486,2732,1
5114,4508,1
3449,5087,1
6364,4627,1
134,726,1
2177,4541,1
6810,6585,1
2465,4031,1
4548,5247,1
6865,4537,1
1192,2430,1
157,1961,1
1940,6598,1
938,2540,1
111,2893,1
719,863,1
5782,2540,1
6146,5127,1
1718,2546,1
1524,1237,1
3731,3867,1
801,4700,1
1032,4606,1
681,6884,1
3444,4854,1
4566,4558,1
2294,1937,1
186,2373,1
3109,669,1
5129,4482,1
910,807,1
6780,6861,1
697,2444,1
1593,1141,1
19,254,1
2620,2032,1
1473,1370,1
2270,2758,1
644,1205,1
24,0,1
4648,6667,1
2044,2062,1
4222,4952,1
422,1747,1
5827,4366,1
5145,5996,1
874,1681,1
2617,2761,1
253,911,1
3735,5887,1
1233,1519,1
831,405,1
1828,5743,1
2463,5117,1
14,25,1
4617,553,1
4063,4097,1
2707,1542,1
4627,4621,1
186,983,1
2099,1900,1
1376,1514,1
3650,1130,1
4962,5157,1
2459,3531,1
6878,6777,1
3444,4068,1
1050,2018,1
1018,1172,1
3655,2540,1
1050,5966,1
4616,5228,1
4607,5573,1
794,1063,1
4943,5854,1
2617,3845,1
96,342,1
1415,2732,1
2600,6537,1
2427,3150,1
4582,5075,1
6553,6591,1
281,680,1
3914,6861,1
111,3627,1
8,1398,1
2926,3901,1
191,571,1
284,638,1
2706,2702,1
1370,1375,1
755,1168,1
1408,4097,1
1122,1056,1
1607,2262,1
2055,3168,1
1263,1432,1
1370,1001,1
841,896,1
4077,4573,1
2600,2315,1
1578,1208,1
1761,1887,1
954,5395,1
2444,2759,1
2895,4177,1
4897,6405,1
7,262,1
2790,3301,1
2463,2126,1
2461,2604,1
2169,962,1
6811,7070,1
5547,3004,1
28,278,1
222,357,1
4617,6123,1
2790,3519,1
286,546,1
4897,5405,1
111,2169,1
6050,7109,1
48,130,1
10,910,1
5083,3901,1
674,1197,1
3794,4226,1
2834,2575,1
855,1021,1
10,2434,1
1002,6565,1
973,4489,1
5695,5289,1
3109,2467,1
4010,4007,1
2179,2657,1
1420,154,1
3663,2289,1
1099,3140,1
904,2190,1
3440,3651,1
2240,2226,1
1259,1640,1
2425,1062,1
3303,6415,1
286,816,1
4477,5194,1
912,2176,1
26,118,1
1105,3971,1
2390,3169,1
832,2127,1
2270,3073,1
1393,2451,1
502,785,1
2257,2226,1
6389,5207,1
2127,2348,1
1344,270,1
1763,1567,1
1306,1014,1
1079,2691,1
4892,6248,1
3087,6146,1
2127,3153,1
2783,187,1
6016,6733,1
1890,2145,1
3594,5668,1
4082,3649,1
4444,5734,1
6317,6820,1
4606,3315,1
5488,7063,1
2151,2191,1
138,657,1
160,1115,1
888,1136,1
3151,2850,1
3746,6195,1
305,1437,1
1471,1575,1
5029,5125,1
2657,2381,1
5465,5151,1
6426,3644,1
3248,3488,1
285,2046,1
289,910,1
2172,3627,1
112,1578,1
3678,2818,1
5695,5706,1
4618,2064,1
290,278,1
3551,5247,1
3853,4097,1
10,1635,1
5602,5916,1
422,3487,1
4915,6809,1
1131,1244,1
1056,936,1
68,1670,1
910,1805,1
1566,2046,1
4892,6776,1
3144,1960,1
4223,3885,1
77,2190,1
3058,3055,1
2427,4052,1
5769,5736,1
1088,2127,1
1002,6537,1
2204,891,1
4417,3679,1
2064,3169,1
1235,1297,1
93,279,1
5556,5420,1
1370,1594,1
4277,6789,1
4283,6429,1
3596,3661,1
1835,855,1
2761,3301,1
2071,3059,1
6193,3392,1
6454,5612,1
2600,669,1
1553,1551,1
294,1060,1
105,6585,1
2272,3521,1
5534,4627,1
111,1830,1
3594,6752,1
2290,2122,1
270,1184,1
2607,1176,1
5513,4628,1
398,1937,1
4412,3644,1
910,1358,1
6702,6798,1
2348,3109,1
3598,3475,1
911,933,1
2348,3997,1
2421,1830,1
2607,4052,1
1366,2427,1
5126,4287,1
2548,2471,1
1928,3901,1
2366,3138,1
5,167,1
3678,5065,1
5127,2540,1
1951,1141,1
3911,2370,1
718,285,1
3261,5058,1
1669,4828,1
3303,3287,1
3169,2430,1
743,1205,1
99,5628,1
3495,3059,1
270,1814,1
4430,1285,1
5488,5092,1
1949,910,1
4118,4272,1
1818,1486,1
1917,1937,1
99,6195,1
1629,2138,1
968,718,1
6214,5929,1
4506,3320,1
270,1276,1
6218,884,1
697,2127,1
3273,3045,1
2126,1892,1
6050,6420,1
2287,3452,1
1106,1651,1
4607,4801,1
5058,1351,1
5569,2315,1
1420,1208,1
1937,187,1
2506,4031,1
10,1089,1
279,394,1
5745,4195,1
2469,1950,1
6844,6123,1
2705,3661,1
2705,3203,1
340,719,1
157,2127,1
2705,2732,1
723,3644,1
2062,962,1
135,1493,1
4421,4431,1
4607,3286,1
54,1332,1
50,668,1
3990,4482,1
10,4031,1
4149,5641,1
5307,5590,1
169,277,1
1485,1734,1
1192,270,1
1034,751,1
3027,2270,1
4310,4518,1
1420,1915,1
3058,3059,1
294,3315,1
11,1136,1
1056,1135,1
5132,6123,1
1900,2555,1
4676,5731,1
6154,5161,1
3313,5514,1
1306,1637,1
128,24,1
6028,6227,1
2913,2604,1
697,321,1
157,5511,1
2431,3594,1
2123,2366,1
912,270,1
546,805,1
2752,2377,1
751,3691,1
6151,3984,1
5769,3020,1
76,2183,1
3085,2090,1
6712,6755,1
1876,2138,1
4033,3585,1
4502,4477,1
3027,4108,1
5129,5688,1
4164,4032,1
2549,1664,1
4608,1838,1
2044,4177,1
2463,4828,1
4607,5479,1
41,163,1
1205,1795,1
937,656,1
6943,5146,1
6152,6650,1
5989,5286,1
2101,2397,1
3145,2867,1
740,874,1
2997,3661,1
3759,5784,1
2164,4561,1
99,64,1
4778,3956,1
951,781,1
270,1142,1
2882,2575,1
755,3195,1
1940,2208,1
755,2032,1
534,1318,1
2973,2997,1
2841,5376,1
2477,1892,1
2127,2289,1
5141,5586,1
5548,5586,1
1818,2343,1
2833,2571,1
3248,553,1
2301,5153,1
2463,1156,1
35,26,1
62,3644,1
3307,3287,1
2457,2294,1
6152,6591,1
6377,5966,1
6146,6456,1
2099,3059,1
1951,2315,1
6149,5209,1
4601,4617,1
2463,4283,1
1137,1208,1
4522,4930,1
112,2587,1
5,357,1
2703,3703,1
1471,1562,1
4606,3997,1
28,5050,1
2425,2062,1
4244,3719,1
2467,2976,1
422,3644,1
4417,7080,1
78,880,1
2705,3972,1
3302,2048,1
743,1064,1
78,5117,1
4616,6020,1
3261,4226,1
2126,4233,1
2169,2378,1
3143,14,1
2944,3195,1
1366,2371,1
2071,3563,1
57,3150,1
5470,5734,1
2270,6084,1
3622,2607,1
57,205,1
490,1060,1
3449,3147,1
2533,4444,1
3650,2177,1
1803,2522,1
3330,3280,1
5176,5131,1
3336,4875,1
5145,6000,1
1594,1493,1
2337,1649,1
1079,2665,1
2705,1192,1
4482,5827,1
669,6195,1
1277,1471,1
4522,4061,1
1686,1450,1
2697,1892,1
2836,2761,1
279,1803,1
2707,4459,1
4961,6776,1
3307,3138,1
5514,6650,1
2465,3410,1
2764,1244,1
6156,5161,1
391,2038,1
99,1372,1
902,1056,1
2997,2428,1
6780,6926,1
5002,2295,1
3745,4063,1
1938,2657,1
2705,3633,1
2374,2405,1
5786,6173,1
3087,6510,1
3173,2397,1
4863,1838,1
35,278,1
912,1275,1
525,4213,1
4552,6876,1
2063,2566,1
1184,2123,1
3453,4079,1
1040,2127,1
1105,1003,1
2348,1156,1
4607,4479,1
5129,1811,1
5149,6619,1
38,827,1
2658,1761,1
1420,5043,1
1416,962,1
316,239,1
2617,3691,1
3318,2018,1
5212,4910,1
4616,5129,1
1220,916,1
3565,3563,1
1979,1814,1
5534,5932,1
5420,5624,1
718,880,1
1032,4097,1
3151,3141,1
641,1184,1
5672,5966,1
4892,6405,1
4897,4979,1
2270,7021,1
3722,4297,1
2676,2617,1
910,1353,1
1172,780,1
2310,1064,1
4149,5480,1
4477,5268,1
117,76,1
860,239,1
4479,2572,1
3217,2427,1
697,3848,1
2261,2570,1
3280,5864,1
1178,2731,1
1938,1418,1
4324,2044,1
1002,1431,1
2767,2980,1
106,815,1
2044,2191,1
3672,3475,1
3873,5222,1
2506,3301,1
1244,888,1
2348,5687,1
7071,5800,1
5469,5668,1
2062,2516,1
4629,6123,1
1471,1555,1
6625,6151,1
3313,6180,1
2045,1915,1
5233,6993,1
78,963,1
946,963,1
3287,3150,1
776,14,1
1566,2731,1
3143,4602,1
838,751,1
277,1173,1
274,718,1
5138,6065,1
644,1184,1
1424,373,1
4705,6403,1
129,228,1
683,239,1
4149,5132,1
2032,2123,1
4315,4872,1
5161,4831,1
718,2356,1
945,5967,1
5222,6585,1
1811,3591,1
5141,5474,1
1890,1793,1
1116,1271,1
3148,4059,1
6084,6026,1
1050,1124,1
2090,2465,1
563,768,1
1909,1681,1
6151,5782,1
1301,1299,1
2227,4193,1
3314,1593,1
2191,4233,1
335,342,1
3059,2124,1
3307,3939,1
4150,3624,1
967,832,1
1214,1839,1
5226,5925,1
279,1176,1
4618,3825,1
4561,4610,1
3446,5194,1
3148,2348,1
299,69,1
3444,6437,1
5102,6782,1
3095,2294,1
746,1088,1
718,891,1
2062,3444,1
2099,6565,1
4552,4177,1
1062,2169,1
1478,1023,1
769,154,1
1348,3189,1
2330,4403,1
3150,5668,1
232,614,1
746,695,1
577,6776,1
2270,3508,1
3145,3661,1
5102,6776,1
756,3248,1
1033,1184,1
2123,1933,1
2866,5782,1
1032,3967,1
4548,5194,1
898,2658,1
6147,6335,1
609,1096,1
1062,1275,1
2044,4808,1
6156,6001,1
1844,2425,1
2464,1156,1
3267,3644,1
6307,5782,1
1095,2968,1
2767,3097,1
118,2842,1
6293,5734,1
3096,3904,1
3313,4522,1
4439,5194,1
674,6281,1
1039,1088,1
4598,4272,1
792,807,1
982,1115,1
1050,2048,1
3990,3147,1
1759,1106,1
5988,5107,1
6176,5493,1
5127,7021,1
4603,5061,1
16,568,1
2465,3097,1
1002,1003,1
2126,3129,1
3330,3415,1
1615,1486,1
1961,5630,1
292,1306,1
954,4108,1
2912,2584,1
4477,5768,1
2705,2893,1
778,756,1
2548,2357,1
2292,1266,1
6810,5146,1
1447,2226,1
157,5329,1
2127,3168,1
2687,2477,1
1408,2756,1
3921,4420,1
1320,288,1
2470,1275,1
6034,7027,1
1376,1267,1
1889,694,1
1616,1956,1
2761,4525,1
5933,767,1
1578,5590,1
3189,4988,1
1523,778,1
112,4477,1
4604,4287,1
2980,2357,1
1069,2291,1
5534,5929,1
1256,3009,1
2062,2548,1
422,2066,1
4606,4335,1
902,2122,1
762,2381,1
1664,1578,1
422,4427,1
5138,5878,1
4180,3002,1
2357,6454,1
4672,1972,1
1519,5772,1
7,510,1
862,1901,1
307,1089,1
1062,2208,1
5539,1420,1
697,4817,1
2427,3465,1
117,903,1
656,906,1
422,1056,1
5037,5405,1
1322,1205,1
1363,1810,1
6496,4482,1
1192,1467,1
6146,6178,1
697,6653,1
2890,2127,1
3622,3645,1
1233,2171,1
3143,2831,1
3807,4217,1
3146,3581,1
3189,2273,1
2377,5563,1
5664,5768,1
3475,2048,1
1792,4456,1
1062,807,1
560,591,1
4617,4836,1
3653,2044,1
4613,4261,1
3412,2430,1
1173,1579,1
340,1151,1
286,1089,1
2366,1892,1
5898,5293,1
5139,5401,1
2707,3531,1
6026,6085,1
2463,5050,1
35,618,1
3680,4097,1
578,2555,1
1471,1590,1
5317,6180,1
5539,5420,1
2463,3508,1
3446,4171,1
872,51,1
2706,5050,1
3328,3334,1
2330,2377,1
3059,2163,1
48,774,1
1256,6820,1
1348,1450,1
6176,7048,1
1763,2169,1
1018,888,1
697,2191,1
251,2291,1
4147,4787,1
4149,5395,1
22,545,1
3293,2758,1
3059,2572,1
112,4854,1
1530,5070,1
28,1294,1
1420,2064,1
735,875,1
4776,2829,1
78,5527,1
3513,6180,1
294,254,1
1366,1759,1
2465,5065,1
1535,1960,1
152,139,1
3444,4265,1
3155,5026,1
4756,2760,1
4463,6026,1
57,294,1
917,1278,1
111,1589,1
1192,751,1
4536,4535,1
1669,6650,1
251,262,1
2995,4477,1
1277,1937,1
1174,1192,1
391,6190,1
5870,6545,1
1136,1386,1
3313,4172,1
6173,4149,1
3286,2829,1
3059,3320,1
1050,3972,1
6548,4961,1
3173,2018,1
3874,4312,1
683,682,1
5548,1811,1
4830,4587,1
5043,5167,1
3148,4499,1
1506,4118,1
5512,5073,1
3138,2673,1
2763,4052,1
801,1062,1
2465,2124,1
5783,6190,1
2786,4108,1
3306,2079,1
3124,2864,1
755,1143,1
2706,3150,1
3261,6565,1
106,606,1
4892,3701,1
1655,5768,1
1829,1509,1
4944,2521,1
4482,4672,1
910,1098,1
2425,3848,1
2676,3146,1
62,683,1
1192,2323,1
1664,3195,1
1900,1795,1
6709,6993,1
5449,5736,1
3084,4233,1
157,1574,1
902,1332,1
1168,1344,1
5181,5194,1
3148,3702,1
3314,4463,1
1496,1493,1
762,695,1
2463,5395,1
656,2582,1
2126,3238,1
2348,4304,1
4108,3997,1
6176,5431,1
2425,4064,1
718,2697,1
776,3598,1
638,864,1
576,871,1
1420,5102,1
6059,5736,1
3313,4131,1
2767,1062,1
1351,1509,1
5672,6084,1
4717,3315,1
999,1415,1
5354,6293,1
4606,3912,1
2062,5527,1
2270,2063,1
2477,2740,1
5870,4720,1
1420,2375,1
1256,2575,1
1056,1770,1
4451,669,1
3146,1197,1
216,253,1
2707,3189,1
4522,4559,1
1166,1106,1
6710,6864,1
28,587,1
2099,3816,1
1824,3154,1
1097,2765,1
5297,5668,1
4,150,1
2897,1493,1
4476,2533,1
6028,5742,1
6594,4835,1
2765,1238,1
5229,5224,1
4463,6399,1
2707,2607,1
10,1585,1
1032,4312,1
6763,4522,1
6669,3585,1
1811,3452,1
946,872,1
4091,4129,1
6674,2431,1
3147,4217,1
638,2465,1
2763,2063,1
912,1501,1
64,51,1
1272,2071,1
2343,1464,1
2785,2975,1
1506,1184,1
1142,846,1
138,208,1
3394,3907,1
10,3157,1
133,168,1
2366,2059,1
4223,4822,1
6335,3679,1
4226,3315,1
1319,794,1
99,3672,1
6176,5889,1
284,1937,1
2395,1940,1
289,2138,1
697,3645,1
222,2580,1
2202,6819,1
398,1892,1
6778,4444,1
4430,5073,1
1432,2908,1
2680,1464,1
36,1027,1
279,680,1
4607,5497,1
2548,2435,1
4855,2956,1
3152,817,1
3059,3529,1
1464,1463,1
3849,3848,1
3059,756,1
2348,7021,1
6009,5633,1
738,956,1
10,49,1
4470,4522,1
888,719,1
5129,4892,1
591,2438,1
743,2226,1
4033,5426,1
3143,3480,1
3150,4226,1
29,1353,1
5,130,1
3990,5573,1
1097,1237,1
2348,7063,1
40,774,1
5043,2810,1
1370,695,1
1900,1256,1
4857,4444,1
2099,2752,1
1659,891,1
1471,1936,1
3901,1838,1
1420,1956,1
2055,4819,1
1695,1106,1
1102,1106,1
6021,4696,1
3480,4828,1
3150,4867,1
3921,3997,1
1105,5282,1
683,76,1
822,2083,1
822,1183,1
718,778,1
5514,5237,1
4817,4561,1
4477,5864,1
1032,3316,1
5138,5612,1
2767,2425,1
1420,5633,1
1415,656,1
1267,1264,1
1205,826,1
5782,5134,1
4377,4627,1
1062,4444,1
6229,6227,1
1256,1254,1
3654,3128,1
1027,1493,1
392,163,1
525,6884,1
4288,4287,1
1605,1602,1
698,628,1
1664,2382,1
4477,4672,1
1520,1519,1
3143,2420,1
6050,4366,1
1420,2975,1
3360,6151,1
4469,5167,1
2099,2377,1
2287,2127,1
1370,2127,1
910,1003,1
6154,4447,1
4606,6591,1
697,2556,1
4510,3320,1
6156,6302,1
6922,4773,1
1263,5563,1
422,2460,1
221,531,1
3548,2366,1
1551,341,1
2816,2166,1
1256,4149,1
2548,2604,1
3009,6946,1
1578,2867,1
2707,4535,1
2377,2665,1
3029,2191,1
4616,6180,1
4915,3644,1
576,1264,1
4720,4854,1
3237,4621,1
34,359,1
2088,2706,1
1829,1830,1
2037,2847,1
3314,5430,1
5792,3153,1
1890,1616,1
1408,1386,1
5488,3508,1
4522,2074,1
910,1376,1
3109,2842,1
1080,3019,1
4663,4310,1
4677,5061,1
904,3056,1
945,3059,1
3938,3330,1
2122,2564,1
2126,1493,1
3680,4431,1
5,0,1
1035,3287,1
60,5,1
1150,2396,1
3917,3387,1
4430,4449,1
801,3059,1
3330,3059,1
4091,3680,1
6151,6413,1
6914,6001,1
2463,4687,1
2071,3555,1
2693,2270,1
246,2867,1
2760,2250,1
5512,5376,1
3701,2301,1
1307,1098,1
1477,762,1
1050,3347,1
2371,2204,1
972,2673,1
2742,2810,1
5005,5324,1
2048,5141,1
4838,3150,1
1032,4007,1
281,972,1
1736,1830,1
4892,5706,1
5139,3168,1
1259,1143,1
277,896,1
794,1364,1
912,696,1
3433,3971,1
1370,1060,1
221,372,1
3287,1627,1
369,891,1
3927,3956,1
2459,2357,1
1900,2018,1
2348,2540,1
576,3150,1
1319,1096,1
5038,5586,1
4222,5735,1
1303,755,1
2,340,1
4618,4828,1
3678,1838,1
410,6884,1
3894,3971,1
3097,3148,1
1096,1579,1
23,1790,1
2044,2371,1
4599,3644,1
5827,4482,1
2673,1507,1
3654,2522,1
57,3956,1
2043,2435,1
1050,1609,1
2463,5198,1
2164,6202,1
1734,2123,1
885,7029,1
2396,2467,1
3687,2191,1
294,1437,1
99,4823,1
2476,2270,1
6126,5921,1
3394,4233,1
766,2301,1
5792,4835,1
897,1021,1
904,3169,1
947,4552,1
3914,3585,1
1420,1503,1
3287,1960,1
3692,3691,1
2342,2607,1
5792,5534,1
3812,6650,1
2473,2375,1
2048,1972,1
3143,5247,1
1555,3854,1
286,520,1
2707,4576,1
1951,4587,1
972,2122,1
830,950,1
3513,669,1
87,6598,1
3289,2871,1
4222,4287,1
1464,1095,1
1446,1106,1
2506,1176,1
972,2294,1
840,489,1
576,2356,1
1184,2702,1
3990,1141,1
1106,3733,1
862,781,1
3812,3729,1
2462,2753,1
4451,2370,1
3212,6281,1
791,917,1
422,1703,1
3059,2975,1
2705,2471,1
4624,5688,1
333,1156,1
3836,2673,1
3453,4424,1
4664,5770,1
1408,1106,1
1629,1734,1
5571,5129,1
6412,4773,1
222,339,1
2348,2090,1
3444,3465,1
719,3997,1
4624,4605,1
3387,2867,1
5043,1420,1
4616,5153,1
2099,2372,1
6709,7063,1
4213,5742,1
2767,2506,1
5002,5966,1
3767,3763,1
5571,5514,1
778,2127,1
2463,4216,1
3731,4705,1
1593,1358,1
1890,2010,1
3147,3580,1
1682,1471,1
2728,2759,1
1056,898,1
719,2799,1
5176,5641,1
4842,3410,1
1951,5256,1
4437,5827,1
1478,1486,1
5586,1285,1
2282,1062,1
1594,2975,1
10,4541,1
3314,6733,1
4598,3150,1
2204,3287,1
10,3647,1
6084,5687,1
904,930,1
4038,3134,1
4272,5490,1
3087,2099,1
680,4233,1
4226,4033,1
5870,6149,1
5,1063,1
4608,5117,1
2126,3138,1
1640,1759,1
3207,4079,1
5129,3286,1
5127,2348,1
2771,1372,1
4222,5514,1
1374,3169,1
2044,1933,1
2463,4817,1
912,4286,1
4607,5286,1
10,1323,1
576,1205,1
3156,5685,1
5138,5967,1
3529,2348,1
2767,428,1
3287,428,1
3143,3148,1
2458,3046,1
888,1151,1
862,2046,1
2270,1933,1
3150,2389,1
2456,2831,1
57,359,1
4776,4875,1
2246,3926,1
3654,3316,1
5197,5194,1
7033,7029,1
5617,5161,1
1900,1501,1
3143,2290,1
3833,3004,1
5043,4061,1
5138,4038,1
1655,3189,1
4305,1192,1
294,371,1
5769,6752,1
801,2430,1
4377,5087,1
5713,5734,1
910,1423,1
546,1699,1
1737,1730,1
3360,5539,1
1594,1330,1
1318,1131,1
713,891,1
680,2164,1
3803,3248,1
725,1575,1
4892,6770,1
1431,743,1
2397,1420,1
1050,5431,1
1116,2746,1
2025,3248,1
279,1366,1
5591,5590,1
808,785,1
122,1050,1
1458,1919,1
1978,1977,1
5736,5127,1
1629,1658,1
5139,5736,1
3097,428,1
398,2004,1
1756,2044,1
1471,1919,1
165,262,1
2790,1933,1
1627,2166,1
20,405,1
3189,4832,1
4430,5029,1
197,2287,1
641,270,1
422,2815,1
2746,3320,1
3313,2507,1
5918,4892,1
4604,4219,1
2792,2604,1
966,1267,1
3033,4517,1
697,5921,1
169,874,1
967,683,1
6709,6926,1
4556,2191,1
5146,5735,1
3306,4875,1
4412,4424,1
1256,6181,1
5107,5537,1
2044,4528,1
1035,3861,1
1664,1892,1
5376,5966,1
5,207,1
2756,3108,1
2707,3548,1
4604,2912,1
6026,5127,1
54,2226,1
2126,3703,1
2746,2420,1
1192,2492,1
5792,6619,1
490,1897,1
525,167,1
1032,6180,1
1458,1730,1
5185,4773,1
422,2191,1
1097,2855,1
4149,142,1
285,4226,1
3747,2420,1
910,1106,1
4617,3486,1
2823,2604,1
5222,817,1
1829,1924,1
1900,1562,1
1099,3152,1
2348,6307,1
2282,2972,1
4738,5329,1
142,6096,1
6674,6735,1
1629,1631,1
141,48,1
61,718,1
19,316,1
5140,3529,1
2762,2323,1
1050,2756,1
937,1063,1
3536,2566,1
4377,3873,1
1951,2091,1
3059,1464,1
3444,3019,1
1945,3109,1
5043,6809,1
2132,1681,1
6147,6686,1
6300,6151,1
1960,4694,1
34,381,1
11,588,1
3649,3446,1
1415,5493,1
719,4193,1
2463,2732,1
1348,3529,1
3672,3581,1
116,405,1
719,3124,1
814,553,1
1106,827,1
128,789,1
1471,1486,1
6636,5488,1
1256,1669,1
398,4079,1
2823,575,1
917,1271,1
2463,3138,1
1277,1816,1
320,1681,1
5181,5514,1
1838,696,1
697,2863,1
428,2897,1
3087,2540,1
5673,5129,1
2159,778,1
1615,2183,1
4506,6227,1
577,2477,1
2467,3649,1
1458,695,1
692,3160,1
2462,187,1
2390,2563,1
270,1344,1
2166,3446,1
6548,6591,1
1180,1704,1
4417,6107,1
2697,2062,1
159,277,1
578,587,1
10,1518,1
2463,2544,1
5945,5916,1
6683,7102,1
5917,5222,1
3033,4850,1
4607,5414,1
1655,4924,1
2420,3160,1
2742,2477,1
306,529,1
3587,2427,1
1131,1940,1
4645,4641,1
154,489,1
6028,1285,1
10,1555,1
2046,1366,1
1131,1392,1
4576,3644,1
2395,2366,1
2396,2017,1
1363,1579,1
3328,4730,1
872,718,1
5921,6123,1
902,2062,1
2762,3108,1
3248,4459,1
5149,6351,1
1238,5505,1
3148,3146,1
920,1205,1
270,1631,1
1740,2819,1
1640,3040,1
5356,5228,1
4613,5029,1
5539,6230,1
697,1803,1
4073,5292,1
4417,3096,1
1420,4892,1
2764,2427,1
1046,3169,1
2127,2063,1
5292,4477,1
4617,5864,1
4194,4431,1
3997,2863,1
566,76,1
5769,5488,1
2763,1267,1
6021,5185,1
857,1365,1
3204,2584,1
755,910,1
3990,3020,1
604,2315,1
1420,2697,1
4919,2064,1
5547,6733,1
697,6180,1
2971,2444,1
520,139,1
10,614,1
5116,4272,1
126,5073,1
1664,2378,1
3997,1961,1
1415,5395,1
904,2759,1
1095,2580,1
2732,4541,1
133,359,1
644,1124,1
1682,1050,1
3153,4979,1
6151,6614,1
2099,2738,1
1398,1658,1
10,1271,1
2463,4628,1
154,520,1
6300,5131,1
3596,1950,1
2585,3972,1
4377,4617,1
1773,2617,1
1062,2032,1
502,1014,1
959,1271,1
1277,1095,1
5886,5129,1
1420,3521,1
285,5864,1
1714,2058,1
2762,1613,1
697,1260,1
1664,2546,1
4463,6619,1
697,6789,1
5149,4696,1
2442,1256,1
1420,4827,1
692,1254,1
1056,832,1
2457,2444,1
2420,2062,1
776,2970,1
2427,2697,1
4524,3002,1
1432,1937,1
4992,4819,1
866,1838,1
3632,2908,1
4482,4444,1
2620,3685,1
4417,2382,1
4738,3261,1
5792,3410,1
2447,5554,1
674,298,1
3799,3138,1
3097,4558,1
1922,1793,1
10,603,1
4256,3002,1
2338,1566,1
6050,6056,1
1656,2053,1
4477,4048,1
4502,7029,1
5181,5179,1
422,1208,1
2348,1664,1
3137,3624,1
680,645,1
6012,4700,1
6415,4447,1
2123,2465,1
7017,7048,1
3106,2735,1
2132,2968,1
4190,4079,1
3840,3842,1
3490,4310,1
289,1027,1
3248,5179,1
19,1631,1
4618,2521,1
2477,1184,1
4463,6195,1
3331,3248,1
2033,5800,1
713,187,1
2315,2533,1
4599,6190,1
1950,2127,1
756,2291,1
1062,2583,1
649,29,1
1415,4576,1
1235,888,1
6096,6794,1
4664,4782,1
1050,14,1
3143,2164,1
1761,2226,1
4561,3541,1
5222,4672,1
1124,1060,1
5660,5933,1
1348,1520,1
1900,1178,1
2680,2427,1
1578,2759,1
1002,5932,1
61,1937,1
4430,5292,1
5143,3486,1
4677,2815,1
4801,6608,1
2760,5747,1
2690,2518,1
62,3189,1
78,4782,1
133,588,1
5781,6195,1
4779,3956,1
5058,5050,1
41,130,1
1124,1562,1
1348,862,1
624,1264,1
3313,3148,1
93,1529,1
263,2765,1
2037,2397,1
4607,5050,1
238,812,1
2652,2204,1
2707,4256,1
1393,1205,1
755,2764,1
4606,4479,1
157,4213,1
3410,6946,1
2372,2397,1
1277,1584,1
93,332,1
2742,1567,1
604,1238,1
1890,1640,1
1235,1500,1
3150,5092,1
172,603,1
5743,6722,1
4794,6351,1
719,4061,1
735,910,1
153,774,1
591,736,1
28,1420,1
2064,5198,1
7014,6302,1
5708,2223,1
1811,2746,1
3681,3495,1
1836,2032,1
1615,1095,1
5376,3189,1
3970,5058,1
62,2315,1
1471,2970,1
3143,2747,1
1982,795,1
281,780,1
3238,2810,1
1034,1562,1
28,1704,1
917,933,1
241,3255,1
23,1952,1
5132,5222,1
6107,5800,1
279,600,1
1370,3521,1
4441,1197,1
2506,2294,1
6390,5966,1
3623,4854,1
863,2740,1
1555,2127,1
6193,2600,1
4347,3045,1
3140,6403,1
1351,1761,1
983,1254,1
3059,3939,1
2548,4350,1
2179,5405,1
5750,5073,1
5551,2531,1
2656,6585,1
10,1421,1
6154,6693,1
1106,1519,1
768,521,1
5222,4676,1
6811,6809,1
1600,1094,1
23,1805,1
3265,2544,1
1602,1605,1
3153,2815,1
4194,4275,1
20,880,1
1982,3529,1
1984,2555,1
4444,2233,1
1900,2560,1
1721,1014,1
6698,6693,1
2463,4617,1
665,29,1
5317,4213,1
3048,2372,1
2476,3059,1
5814,4672,1
2389,2301,1
3921,2572,1
2652,1295,1
641,889,1
2348,4097,1
6151,6991,1
2431,1080,1
680,2208,1
3087,6598,1
4149,5092,1
3247,3347,1
3360,3306,1
669,4924,1
47,3059,1
4672,4720,1
160,1128,1
4472,2521,1
7,332,1
3812,6510,1
4719,4482,1
2763,5420,1
2492,2091,1
1532,1272,1
3350,2459,1
10,2018,1
5043,4256,1
3722,4063,1
2814,2289,1
3151,1567,1
4190,4420,1
1615,855,1
4221,5916,1
2468,2838,1
3594,3146,1
2382,1960,1
576,624,1
2270,4226,1
6622,6619,1
2767,2090,1
6146,5827,1
3432,6085,1
3207,2127,1
4617,4782,1
3319,428,1
1370,1473,1
3940,3045,1
197,1254,1
5123,5770,1
111,2691,1
841,1355,1
1420,2908,1
5783,4892,1
2334,2564,1
2177,3124,1
3360,2956,1
4828,3781,1
373,1940,1
4613,4213,1
891,3685,1
2060,2287,1
93,232,1
904,3487,1
642,897,1
3106,2518,1
2758,2476,1
1664,1060,1
4619,3446,1
2224,1493,1
725,292,1
2233,3845,1
4078,5496,1
3719,3320,1
1363,1142,1
3157,3059,1
286,1457,1
3495,3647,1
1394,1611,1
2127,1509,1
4417,6920,1
3140,4850,1
1192,2166,1
5867,6632,1
2323,2099,1
55,1256,1
2428,4822,1
5127,1285,1
422,3701,1
1224,1450,1
1613,1611,1
4602,4522,1
1594,2270,1
310,785,1
3919,4687,1
2456,4233,1
6587,4607,1
4427,3334,1
4180,4628,1
2531,4522,1
3138,3247,1
6180,6565,1
6415,4634,1
3390,2867,1
4606,3956,1
4272,14,1
3087,4943,1
2261,1664,1
5989,5612,1
3546,1589,1
4463,5185,1
422,5641,1
1949,1890,1
2705,2158,1
5555,5554,1
78,553,1
3997,3722,1
3236,2124,1
4171,3446,1
142,6420,1
2572,1984,1
6300,6789,1
1001,1501,1
972,2190,1
4597,3315,1
2127,1681,1
3004,2460,1
422,1629,1
18,116,1
4617,2064,1
3605,3059,1
3061,2348,1
5113,4605,1
1471,1745,1
547,546,1
4477,6049,1
5356,4979,1
4892,6998,1
4897,4801,1
683,933,1
422,4064,1
3643,4449,1
105,6024,1
1193,1128,1
2348,6545,1
1917,1649,1
2946,3781,1
3990,3149,1
5043,5236,1
6146,4463,1
2204,2970,1
756,4312,1
4427,4528,1
5127,5237,1
5534,5792,1
5222,4867,1
1629,1421,1
1704,3108,1
398,1903,1
3146,3128,1
1124,1805,1
1166,1664,1
105,6686,1
5782,4472,1
2164,3719,1
2270,6479,1
1344,3316,1
2348,6733,1
528,2799,1
1192,1649,1
4149,5682,1
1982,4443,1
6421,5742,1
87,7080,1
2486,694,1
6535,6405,1
7,395,1
6324,5734,1
41,2855,1
3109,2760,1
4548,4569,1
4892,5496,1
3222,2467,1
2166,2787,1
2041,1761,1
2373,1244,1
2204,2018,1
77,69,1
3185,4063,1
4603,5070,1
2975,2444,1
2463,2790,1
2476,2752,1
211,51,1
1168,1473,1
6513,6598,1
5786,1420,1
680,724,1
1424,1742,1
2079,6496,1
2169,2287,1
4522,5058,1
888,4827,1
6752,6798,1
3033,4787,1
632,1816,1
1447,2691,1
5921,2810,1
1306,2371,1
735,1330,1
5918,6084,1
167,2476,1
28,2872,1
4116,4482,1
10,3861,1
3751,1950,1
2323,2378,1
4677,3901,1
251,2580,1
2916,2604,1
560,620,1
4602,6169,1
4332,2172,1
2705,3685,1
3111,3541,1
111,14,1
23,284,1
2159,2607,1
2044,2563,1
4597,4676,1
5038,6024,1
3581,4961,1
576,1096,1
4694,4587,1
1105,1613,1
4552,3508,1
656,676,1
2064,2348,1
967,1923,1
1416,1594,1
1062,756,1
2742,4641,1
743,3160,1
78,1355,1
76,373,1
4616,5430,1
2466,669,1
3746,1960,1
2634,2956,1
502,1704,1
4477,2315,1
5286,6026,1
4228,4079,1
292,735,1
2044,4552,1
2372,2202,1
662,3781,1
3733,2908,1
4828,3581,1
1272,1184,1
2867,3108,1
3315,3124,1
718,2250,1
1912,1909,1
2062,2343,1
803,239,1
3882,3316,1
6029,5105,1
1609,1900,1
5769,6993,1
1105,1205,1
1900,1759,1
6055,6405,1
1346,4573,1
576,1802,1
2463,3242,1
3617,2507,1
2359,2202,1
3144,4129,1
2328,1315,1
2925,2177,1
4226,2956,1
5732,6307,1
6112,5921,1
3554,1330,1
5105,3453,1
2707,4573,1
2260,2665,1
3313,5375,1
5469,5735,1
40,681,1
1168,743,1
4502,6798,1
28,874,1
2925,4118,1
2301,3334,1
4601,4427,1
3097,3971,1
2740,2366,1
1129,1088,1
2444,4808,1
6388,6591,1
1035,1509,1
3682,3873,1
54,947,1
1346,4427,1
3643,4518,1
1432,2683,1
3059,2471,1
2810,6332,1
746,2133,1
1059,896,1
1477,2144,1
398,1664,1
5099,4676,1
6179,4463,1
6148,6413,1
6369,5782,1
4892,5573,1
1370,2382,1
2164,3150,1
4427,5050,1
827,1184,1
4508,3320,1
1415,2301,1
1063,822,1
3751,5668,1
2908,2584,1
1458,2706,1
4612,2064,1
1105,1290,1
575,239,1
24,237,1
3446,4499,1
902,1611,1
4149,5496,1
4300,4256,1
1056,1810,1
3618,3781,1
632,1961,1
12,1,1
1761,2046,1
3261,6389,1
2697,2381,1
1880,1064,1
3427,6281,1
10,2867,1
4972,5065,1
3287,2397,1
3982,1080,1
4503,4499,1
1032,5224,1
1485,1562,1
1740,3519,1
2270,3591,1
398,563,1
5149,6161,1
2428,4226,1
2463,4403,1
1890,971,1
232,719,1
3387,2018,1
1450,1168,1
2044,5050,1
3884,3248,1
2335,2122,1
759,797,1
6369,4463,1
2063,4312,1
3143,4312,1
2463,4068,1
3189,3146,1
3394,3150,1
3207,4310,1
4417,3541,1
3799,2476,1
2126,3867,1
251,1830,1
5139,5641,1
4376,4459,1
3643,5868,1
1562,1988,1
23,44,1
3574,3464,1
1420,1386,1
981,910,1
3273,5026,1
2169,2226,1
2705,2799,1
62,1404,1
576,1258,1
117,668,1
4788,6608,1
3990,1811,1
1062,2563,1
3990,5867,1
2705,1892,1
5309,3168,1
3181,3033,1
5129,6619,1
3207,2697,1
18,239,1
19,857,1
24,570,1
47,1605,1
1032,3045,1
40,1299,1
3651,14,1
2841,2430,1
2763,3733,1
591,679,1
718,2511,1
4919,4892,1
2126,1634,1
1563,1795,1
1566,2665,1
1056,698,1
4253,2191,1
502,203,1
4099,4097,1
3286,2521,1
725,3873,1
701,956,1
1050,1566,1
6152,6332,1
5925,5019,1
3812,5145,1
6173,4366,1
3306,4482,1
197,872,1
4427,4535,1
3990,3146,1
3914,6986,1
1471,1476,1
53,5330,1
641,915,1
753,1028,1
4164,4588,1
3733,2867,1
656,2570,1
3248,3168,1
1787,3242,1
3809,4052,1
5539,6334,1
902,1172,1
864,1579,1
2348,2492,1
4149,6733,1
407,163,1
41,1584,1
1156,1386,1
6156,4696,1
4910,4628,1
4606,6565,1
4374,3997,1
866,6876,1
30,153,1
1246,983,1
4149,1655,1
2290,2790,1
5713,2233,1
4228,4077,1
5968,3644,1
1029,1450,1
2705,2465,1
1116,2018,1
1699,5153,1
4918,4854,1
1448,3685,1
6156,6149,1
1420,2382,1
3150,4118,1
1150,1116,1
4617,5426,1
7,371,1
1640,2381,1
1416,1730,1
4616,4823,1
2048,1898,1
2343,3331,1
58,5,1
422,1823,1
2126,4297,1
398,2438,1
779,910,1
904,1669,1
1591,2970,1
3111,2158,1
1940,3169,1
185,125,1
4606,2382,1
4445,2818,1
4430,5324,1
632,2366,1
1277,1988,1
2087,6479,1
3731,3444,1
5331,4606,1
26,1136,1
3845,2250,1
3124,3140,1
5928,4952,1
5786,5222,1
3147,2382,1
5769,6001,1
2037,383,1
4790,4787,1
285,944,1
2680,6351,1
781,1682,1
4543,6889,1
2717,1820,1
912,3446,1
1761,1393,1
392,498,1
1753,2787,1
1675,6085,1
5,1330,1
13,330,1
2396,5537,1
656,2706,1
10,789,1
3137,5247,1
111,2420,1
10,1330,1
3336,4730,1
2427,3134,1
2071,962,1
6148,4773,1
2348,3703,1
3747,4031,1
6026,4961,1
4690,3956,1
1131,1810,1
1116,2665,1
76,29,1
23,2138,1
5411,5132,1
253,903,1
6026,5613,1
695,739,1
2391,3347,1
1938,2366,1
2173,3825,1
2549,2698,1
768,1344,1
2705,4233,1
2781,2467,1
2071,5868,1
2531,1933,1
1608,1393,1
1870,3901,1
1415,2079,1
1374,875,1
822,1415,1
2127,2560,1
4472,3124,1
669,6389,1
4433,2572,1
587,612,1
3598,318,1
5263,5132,1
2758,3907,1
5539,5043,1
5146,2079,1
3701,5127,1
3587,6598,1
277,933,1
3143,5075,1
266,262,1
5713,4429,1
1674,1745,1
1178,2057,1
4599,4607,1
2343,6332,1
1806,2863,1
624,972,1
1359,1408,1
1454,1453,1
6587,1086,1
1891,1064,1
1041,1890,1
2648,1184,1
2048,2690,1
951,1184,1
904,2057,1
576,3453,1
640,739,1
6683,6307,1
281,1699,1
3781,2850,1
4613,6429,1
292,410,1
6156,6307,1
3097,2465,1
10,3287,1
2041,1578,1
284,1814,1
6223,3644,1
718,215,1
5533,5527,1
5127,6202,1
5,531,1
1363,3176,1
840,76,1
1806,1295,1
6388,5493,1
2444,2471,1
3140,2087,1
1002,5555,1
2680,2074,1
285,1168,1
23,2731,1
5616,5916,1
5185,7029,1
5720,6202,1
1669,1244,1
5678,5668,1
945,4641,1
1319,862,1
6300,6056,1
2290,2604,1
1664,1629,1
3242,2507,1
5129,6993,1
281,676,1
6969,3644,1
1450,1805,1
4897,4700,1
4602,4867,1
1609,3195,1
362,6429,1
4627,6405,1
743,3287,1
1555,3152,1
743,5395,1
3959,3956,1
2378,6598,1
48,272,1
1669,7070,1
2099,5058,1
1366,1761,1
4477,5497,1
3314,5109,1
165,1062,1
4098,4335,1
2427,3316,1
5939,5058,1
2693,2166,1
576,852,1
3643,3059,1
1131,2381,1
2043,2074,1
546,983,1
1945,3316,1
3724,2127,1
3178,3176,1
1062,1937,1
1664,2176,1
3154,6809,1
4116,3059,1
3599,2191,1
105,4256,1
2461,3108,1
1314,1664,1
2786,4499,1
4892,2600,1
5127,6056,1
4228,4350,1
1938,2580,1
4617,2829,1
3208,2430,1
3189,5109,1
4474,4535,1
4430,2233,1
4031,4226,1
910,1124,1
2548,2366,1
2571,4068,1
1256,2053,1
1416,1747,1
398,2128,1
1743,1892,1
1244,1205,1
2585,3971,1
119,2525,1
3152,3140,1
294,1003,1
1609,2893,1
2742,1655,1
4310,5075,1
3143,3033,1
4082,4518,1
3137,3825,1
3106,4787,1
2099,391,1
3587,7027,1
2765,2815,1
1578,1892,1
2204,2546,1
422,2540,1
725,1457,1
2431,2124,1
3969,698,1
1478,1320,1
5924,5293,1
1949,2546,1
2463,1235,1
2395,3007,1
1731,2258,1
4892,5153,1
3150,5152,1
2348,2975,1
1415,2680,1
4310,5157,1
4677,4996,1
697,1734,1
422,3926,1
3719,3140,1
2053,5058,1
5406,5405,1
1370,910,1
2463,3999,1
128,1459,1
3143,4996,1
2127,2908,1
1659,1793,1
904,3034,1
3541,3150,1
3173,2396,1
216,6047,1
743,2258,1
157,1534,1
1602,1260,1
2462,3108,1
904,3108,1
2127,2132,1
1612,1611,1
3329,2091,1
1567,2691,1
310,608,1
1002,2431,1
3059,4424,1
4477,5136,1
3140,6645,1
1951,3096,1
4901,4164,1
7064,6307,1
78,3141,1
3314,5232,1
1420,2366,1
6420,6598,1
4103,3873,1
4091,1961,1
38,2405,1
1106,2666,1
624,1254,1
575,76,1
6220,5329,1
1233,1640,1
4612,4822,1
2431,6114,1
2463,3331,1
5586,5236,1
4292,4291,1
2373,2343,1
2474,3150,1
4609,5165,1
912,5282,1
1306,379,1
2810,428,1
388,3765,1
2870,1892,1
2533,2617,1
1131,3287,1
2099,4787,1
4567,4108,1
1262,1937,1
4606,5996,1
1227,1088,1
3990,884,1
4082,4648,1
2270,1851,1
2044,2296,1
5123,5633,1
1458,1370,1
1446,1143,1
3111,3719,1
2818,4656,1
11,680,1
3009,3939,1
2608,2323,1
2463,2425,1
3719,1950,1
169,383,1
362,5480,1
2473,3320,1
5155,5490,1
312,395,1
4430,4310,1
54,1676,1
2064,2518,1
1062,1432,1
5227,5224,1
4984,4272,1
2071,5929,1
2434,2122,1
4430,4605,1
4717,6123,1
6638,6637,1
279,579,1
53,141,1
2389,2864,1
6621,6619,1
169,2191,1
5,4722,1
5512,6020,1
1907,1915,1
1961,5612,1
1088,1184,1
3152,2430,1
896,2224,1
719,3154,1
453,571,1
4616,5165,1
4332,4499,1
5780,5153,1
3722,2048,1
1487,1363,1
78,580,1
2348,5868,1
4606,6456,1
3465,2584,1
3314,1419,1
1110,1613,1
910,1424,1
3248,3751,1
3009,2790,1
5127,5474,1
22,229,1
4892,6349,1
4149,4654,1
888,917,1
285,1018,1
3672,4480,1
1900,781,1
6096,2810,1
4628,4621,1
2344,2560,1
69,614,1
5470,3585,1
2758,3146,1
2431,2444,1
3328,2398,1
373,1805,1
972,1080,1
4427,3303,1
640,1529,1
3017,3129,1
4245,2735,1
7061,6302,1
697,3627,1
4207,3845,1
1233,521,1
4237,4233,1
5149,3508,1
2465,2059,1
1244,1441,1
1415,4157,1
3242,2397,1
3058,3581,1
155,2357,1
3293,2366,1
3059,2571,1
1363,1730,1
284,852,1
5,1381,1
4823,5247,1
2470,3046,1
1714,892,1
2382,2617,1
10,698,1
4607,142,1
167,910,1
967,1353,1
1547,369,1
2347,14,1
3446,3647,1
2270,5145,1
4543,5228,1
6151,5800,1
4051,3320,1
10,1892,1
1002,2398,1
6732,5161,1
3222,2428,1
1002,6389,1
1566,215,1
1650,3108,1
912,3465,1
4300,5292,1
6024,5149,1
1031,3971,1
2343,2756,1
1233,1658,1
546,1290,1
2463,270,1
4945,5420,1
4962,4098,1
2465,2760,1
154,1551,1
1629,2125,1
1374,1404,1
4539,2584,1
1471,2371,1
64,495,1
3668,4195,1
1731,1924,1
62,729,1
9,273,1
4479,4164,1
1141,2398,1
726,3967,1
1050,1173,1
6923,5890,1
207,1371,1
1982,2208,1
1205,743,1
2469,3004,1
1032,5109,1
4000,4052,1
604,3971,1
3575,1130,1
111,3701,1
2048,1431,1
4548,4561,1
6055,6735,1
157,2956,1
28,892,1
726,2091,1
6514,4447,1
2818,2164,1
898,2455,1
78,4482,1
3804,2863,1
1170,2516,1
773,765,1
591,698,1
10,3316,1
2431,4447,1
4552,4261,1
1096,1441,1
2395,2017,1
4831,4606,1
2348,7029,1
1699,2506,1
3643,3912,1
3143,3316,1
525,4573,1
1366,1579,1
966,1297,1
955,2062,1
1420,2492,1
2396,2375,1
4848,4403,1
3990,4621,1
1218,1014,1
1933,1637,1
5161,4819,1
1936,694,1
2166,1937,1
2548,2038,1
1141,4822,1
3643,4064,1
5769,6705,1
5376,5185,1
3807,4131,1
1625,1699,1
5782,6181,1
4606,2079,1
78,684,1
4613,6015,1
964,2968,1
20,153,1
4477,4852,1
285,2976,1
6253,5146,1
5918,3518,1
910,1297,1
1415,5800,1
134,933,1
286,800,1
4417,4164,1
5073,5996,1
1949,2371,1
422,1704,1
3148,2617,1
3668,3248,1
1404,1623,1
4361,6565,1
1272,698,1
373,1745,1
6587,6722,1
1615,1897,1
2290,1235,1
1835,2010,1
4377,5256,1
3654,4910,1
197,822,1
3632,3651,1
3106,3956,1
5037,5087,1
3387,3555,1
2575,2507,1
5870,6608,1
3643,4283,1
352,24,1
281,783,1
3157,4299,1
10,406,1
7084,7109,1
1105,1418,1
1519,2658,1
289,3644,1
2772,14,1
5002,4696,1
2328,1664,1
2385,2226,1
3298,2492,1
4602,2295,1
4606,3644,1
284,674,1
1627,6479,1
3575,3452,1
2017,2571,1
3464,4233,1
2059,2506,1
3459,2533,1
155,2204,1
1894,2397,1
281,665,1
2331,1244,1
5680,6591,1
178,1237,1
697,3912,1
2584,6819,1
5782,6334,1
1763,2758,1
4164,3360,1
5867,5864,1
1002,2032,1
2833,1613,1
284,2968,1
1961,5733,1
897,1453,1
4676,4705,1
450,474,1
5766,4522,1
4116,14,1
6707,7063,1
986,239,1
1818,1670,1
2127,2190,1
2267,142,1
6150,6151,1
2617,1637,1
5783,6230,1
1050,2451,1
2824,2582,1
1787,1061,1
4617,3453,1
1002,6479,1
2164,6512,1
1370,3242,1
575,232,1
3360,6059,1
5859,6403,1
340,1184,1
6426,6591,1
3672,3651,1
3475,4517,1
2721,1853,1
638,795,1
6743,6614,1
755,2658,1
1460,1205,1
884,674,1
3596,3097,1
2463,2864,1
1233,1174,1
6646,6876,1
1050,5050,1
1127,1892,1
1801,2855,1
2673,2697,1
2476,3331,1
3247,2575,1
2270,1961,1
80,1960,1
4606,4061,1
4463,5767,1
938,2738,1
3207,3140,1
3682,2607,1
525,3334,1
5222,3045,1
3812,4628,1
3111,3129,1
2287,2465,1
4897,4038,1
1519,3108,1
5219,5247,1
5634,6351,1
4412,6161,1
2506,3138,1
862,2758,1
6377,5534,1
4463,669,1
632,1050,1
1027,1567,1
279,1892,1
749,1021,1
743,2190,1
1056,1014,1
2348,6619,1
4556,2818,1
5127,6139,1
1829,1940,1
699,546,1
281,2004,1
3143,2064,1
5680,3445,1
5218,5414,1
3248,2289,1
1672,1515,1
3095,6585,1
6074,5043,1
28,2208,1
5783,6349,1
1951,1589,1
1106,1923,1
725,1375,1
1844,2287,1
5354,6752,1
3303,4477,1
76,3701,1
3854,3261,1
644,3150,1
917,1651,1
490,1796,1
4630,4621,1
5706,5966,1
4035,3150,1
697,2396,1
6405,2348,1
5750,5141,1
3449,3873,1
1766,1682,1
10,1897,1
2459,2044,1
285,2706,1
3153,3315,1
11,640,1
155,3252,1
2850,2506,1
3199,2127,1
7,599,1
4315,2829,1
2680,6015,1
5552,4033,1
1664,2343,1
912,2546,1
111,2864,1
1141,888,1
2522,2607,1
5043,4226,1
3278,891,1
292,1519,1
167,2531,1
2348,2829,1
5641,1235,1
2750,3108,1
2204,3316,1
77,229,1
2758,2465,1
910,1115,1
6189,4813,1
912,1890,1
1553,2127,1
972,1024,1
4801,4945,1
6029,3679,1
4616,5554,1
5200,5198,1
2997,2758,1
5792,6991,1
36,1343,1
4445,3446,1
277,674,1
294,4456,1
1811,3787,1
2330,3464,1
285,963,1
286,605,1
3286,3719,1
776,5668,1
1418,1437,1
5317,5612,1
4430,3873,1
141,1168,1
4683,3885,1
3446,4518,1
3236,2738,1
5571,5911,1
3150,5102,1
1263,1952,1
5989,6261,1
2261,1761,1
6801,6798,1
3087,2680,1
1478,1392,1
591,2133,1
6411,3585,1
6176,4664,1
1056,1424,1
1625,3867,1
3286,4310,1
3669,3320,1
5436,4945,1
1366,1562,1
4543,4123,1
2760,5222,1
281,1839,1
891,2740,1
4910,3445,1
604,1924,1
2357,2444,1
2756,1062,1
4605,6819,1
853,3446,1
743,1681,1
2059,2366,1
5921,1820,1
6291,1285,1
3654,4518,1
263,2563,1
5376,6281,1
3287,3488,1
2397,4924,1
3140,3672,1
1668,1960,1
2833,3054,1
3444,2427,1
3647,4788,1
5672,6306,1
6180,6146,1
2713,2582,1
368,363,1
1506,2425,1
1365,1128,1
1625,1761,1
286,1555,1
1471,1023,1
1220,1681,1
24,679,1
4962,4508,1
1450,1745,1
1277,1492,1
2085,1415,1
5037,4561,1
695,4226,1
857,1940,1
2421,51,1
5534,4892,1
33,229,1
4965,5152,1
5,208,1
3305,1420,1
118,2731,1
2466,3002,1
1801,1707,1
2468,2381,1
3746,4007,1
5232,6585,1
2956,5141,1
3422,2430,1
1763,3059,1
3726,2127,1
3410,7048,1
5769,6619,1
4382,3644,1
2707,2420,1
1322,1321,1
6223,6565,1
2705,2697,1
6114,6123,1
1629,1562,1
4515,6403,1
99,1761,1
1366,1483,1
1256,669,1
4612,3154,1
305,3644,1
4943,2531,1
2575,756,1
3140,3529,1
1675,5132,1
967,5117,1
4100,14,1
3173,2204,1
1949,2138,1
111,3685,1
157,1415,1
2490,962,1
6322,3594,1
999,1676,1
4897,1838,1
5129,5431,1
2463,3360,1
1342,2366,1
695,3410,1
1425,4910,1
3654,5165,1
3990,2158,1
912,2371,1
2342,3195,1
3124,2657,1
644,1566,1
4677,2064,1
3091,2099,1
10,1363,1
1811,891,1
284,3160,1
1306,1432,1
4616,2233,1
2756,575,1
48,372,1
1143,910,1
4892,5058,1
2079,5293,1
3446,2518,1
6096,6830,1
78,2555,1
697,1951,1
391,5125,1
1096,1115,1
857,1205,1
5138,6059,1
6188,4943,1
4809,4895,1
133,1168,1
1235,1023,1
756,1627,1
4522,5165,1
36,892,1
1591,2123,1
2158,948,1
5679,5668,1
3990,4287,1
2254,2044,1
2444,2477,1
5330,4854,1
4892,5247,1
4471,3701,1
1097,1699,1
5980,5996,1
3360,4414,1
4188,2476,1
287,774,1
641,1353,1
2738,4059,1
2912,2735,1
696,1594,1
3895,5058,1
920,774,1
934,6293,1
1450,1366,1
3981,5224,1
2064,1507,1
3580,1892,1
6029,3585,1
165,1112,1
277,880,1
2357,1761,1
1178,1924,1
5989,1820,1
1471,2567,1
398,2169,1
3222,3967,1
372,1507,1
1415,1835,1
6050,6585,1
1256,3410,1
628,645,1
2431,1851,1
294,4149,1
5512,1820,1
6151,6619,1
2204,2560,1
2287,2328,1
3077,4606,1
3746,1080,1
2159,2761,1
3097,1192,1
912,3150,1
47,4522,1
2506,2976,1
3746,1585,1
134,1589,1
10,1420,1
1370,1095,1
1477,4734,1
3169,2492,1
6462,6876,1
319,556,1
2126,2673,1
5325,5324,1
4033,5921,1
2767,3651,1
1363,1706,1
5141,6202,1
4790,5058,1
904,4970,1
2463,4910,1
3406,2270,1
3313,4961,1
4430,4504,1
891,187,1
2503,3453,1
1961,2584,1
3153,3701,1
1495,1066,1
6928,4773,1
5043,5514,1
4283,4581,1
2463,318,1
755,2711,1
6300,6146,1
4677,2191,1
6918,6585,1
3618,4172,1
3336,3248,1
67,680,1
846,1156,1
2463,3653,1
5147,6733,1
1415,1704,1
1034,694,1
5161,5742,1
2463,1080,1
2617,1627,1
1172,2691,1
2763,6479,1
4543,5317,1
1979,1676,1
1366,945,1
2270,694,1
2548,3295,1
1763,2323,1
5316,3649,1
5392,4979,1
5149,2680,1
3059,2544,1
5921,5782,1
578,2258,1
1420,1173,1
801,1960,1
5002,4164,1
422,1267,1
2471,2697,1
1235,1363,1
3618,3647,1
904,1295,1
3147,5132,1
6347,6351,1
2707,4788,1
5474,4961,1
5786,6456,1
3199,2017,1
2064,3508,1
2831,5641,1
680,815,1
499,6819,1
23,580,1
1180,1259,1
1034,1924,1
638,1493,1
755,1404,1
3920,1828,1
1393,2377,1
6923,5904,1
3672,2427,1
2741,2731,1
2366,1940,1
1244,1128,1
863,669,1
3302,3464,1
422,4449,1
882,292,1
232,381,1
756,2548,1
2343,6647,1
294,14,1
2457,428,1
6703,6798,1
701,644,1
2525,1584,1
42,739,1
4626,3150,1
1032,2476,1
1880,1937,1
4067,4097,1
6029,3303,1
1761,1609,1
3465,2867,1
1471,4064,1
983,3997,1
1917,2379,1
1235,1578,1
755,2372,1
23,4213,1
2343,2731,1
2469,2697,1
5989,4854,1
2742,756,1
2912,4310,1
1578,1244,1
2758,3109,1
4616,6161,1
1105,1450,1
6922,3981,1
3314,2273,1
1471,2343,1
2465,2790,1
6168,6165,1
19,579,1
1835,2053,1
2372,3719,1
61,2381,1
2761,2381,1
1363,2163,1
1951,2970,1
1835,1050,1
286,681,1
5138,6050,1
5792,6146,1
1105,1299,1
1180,826,1
99,428,1
10,916,1
4597,4098,1
3077,3150,1
1811,3649,1
3746,2476,1
3097,3778,1
2348,3464,1
4325,2044,1
4897,3729,1
5734,3153,1
546,1064,1
2048,1892,1
4775,3956,1
6405,6537,1
6265,5966,1
591,598,1
23,5996,1
1097,505,1
1263,2477,1
4701,2815,1
1184,428,1
3138,5153,1
1989,4447,1
2132,575,1
5771,6770,1
6056,5330,1
41,3685,1
3111,2357,1
4417,1820,1
4824,6151,1
2330,2357,1
6674,1820,1
1471,694,1
3056,3644,1
5149,4867,1
2767,3685,1
2377,2328,1
4222,6591,1
1468,1392,1
756,2357,1
2525,2487,1
747,2166,1
1032,3661,1
4984,4676,1
3794,3701,1
10,1937,1
1220,1988,1
3097,1828,1
128,332,1
917,1323,1
5317,3649,1
1050,4164,1
502,207,1
1822,3519,1
5,816,1
5218,6794,1
2550,2546,1
1050,1759,1
2463,2531,1
972,3007,1
1306,1208,1
3441,3150,1
2890,3702,1
1205,1343,1
3649,1811,1
10,844,1
3654,5324,1
5989,4414,1
5,906,1
2463,1464,1
4892,6526,1
5672,6227,1
23,3901,1
2463,2204,1
1900,2381,1
333,922,1
525,5573,1
6928,6415,1
3143,4129,1
2444,2571,1
2767,4007,1
1655,5034,1
3261,4522,1
546,726,1
112,1142,1
286,277,1
3265,4097,1
1478,1363,1
237,1258,1
10,983,1
3896,2348,1
133,273,1
3140,4628,1
850,848,1
638,719,1
967,2855,1
5474,5784,1
1383,1319,1
2063,4999,1
2617,4403,1
2425,4286,1
4831,4988,1
6029,6537,1
6328,5929,1
5127,5706,1
3261,1972,1
5142,3529,1
6683,4607,1
4819,5420,1
1594,6598,1
2191,2190,1
4091,3134,1
5750,4068,1
2126,2389,1
2397,5929,1
576,853,1
743,1853,1
3086,4602,1
6415,5616,1
2427,1585,1
1924,2123,1
1183,2758,1
66,51,1
1363,1143,1
1545,1657,1
1050,3904,1
1141,187,1
2533,3150,1
531,2740,1
1811,2467,1
6146,5131,1
3653,2563,1
2101,2191,1
4184,2250,1
5037,2533,1
4098,5050,1
10,3589,1
5534,5207,1
3441,756,1
674,4517,1
4690,4687,1
2347,5590,1
4824,4720,1
22,816,1
3351,4664,1
2338,2997,1
5608,4193,1
5354,6884,1
4542,5868,1
5100,5800,1
279,292,1
2476,1960,1
3465,4895,1
422,3873,1
5827,5864,1
2465,1613,1
2568,2570,1
4149,5537,1
1050,1602,1
2456,2738,1
718,2838,1
1341,1892,1
2087,1541,1
972,1432,1
3959,5904,1
163,815,1
2270,1285,1
5734,5736,1
48,653,1
1478,1804,1
4613,5537,1
62,903,1
2357,4867,1
3654,4079,1
2758,2764,1
23,915,1
3248,3541,1
4479,2172,1
846,1318,1
6426,4482,1
1792,2348,1
2152,1803,1
697,2829,1
3328,3781,1
4506,6173,1
2172,6861,1
3444,3647,1
4430,5514,1
3150,2127,1
3143,3307,1
2459,3176,1
4543,3303,1
25,24,1
1761,874,1
3205,3203,1
3106,3128,1
10,29,1
1519,3848,1
2348,5141,1
4607,3445,1
1269,1264,1
788,2323,1
2427,2063,1
306,163,1
5145,3189,1
578,1088,1
2260,1501,1
1002,2706,1
701,656,1
875,287,1
2164,3465,1
1655,5864,1
3087,5107,1
310,1064,1
896,1450,1
765,3195,1
1664,2202,1
2348,3904,1
133,2125,1
2834,1156,1
792,239,1
4616,7048,1
533,1056,1
4077,1851,1
1032,4424,1
2126,1950,1
1432,3320,1
2707,1961,1
2030,6537,1
568,570,1
6206,6733,1
1131,1143,1
1230,1088,1
294,394,1
4417,1542,1
2486,2566,1
1102,972,1
6207,5870,1
3990,5132,1
665,262,1
28,656,1
1099,3495,1
2348,2725,1
2323,3627,1
99,1838,1
6029,6114,1
1192,778,1
4349,2799,1
2703,2435,1
2752,2976,1
2348,6180,1
5889,5401,1
253,262,1
1960,6598,1
422,4664,1
716,612,1
2867,1062,1
5210,6705,1
2396,3002,1
2334,2560,1
1553,341,1
3334,3059,1
81,210,1
5245,6598,1
2427,2492,1
274,1507,1
1097,1761,1
22,495,1
756,2427,1
1306,1892,1
3111,5065,1
3992,5126,1
2996,3124,1
697,3195,1
855,2691,1
2705,2864,1
6649,6693,1
5351,4892,1
353,2099,1
3608,3644,1
1469,783,1
904,2444,1
3306,3059,1
584,254,1
284,2438,1
719,3885,1
6096,5237,1
2500,270,1
2270,2657,1
4897,5065,1
4477,5630,1
1256,3585,1
6152,6161,1
1002,2190,1
3807,4477,1
1383,1395,1
144,1423,1
1811,4123,1
155,1493,1
4617,5165,1
638,933,1
5612,5736,1
1424,1550,1
6736,6614,1
4698,4310,1
13,64,1
3303,4867,1
2099,2980,1
2382,5685,1
422,4581,1
3087,6203,1
2721,4528,1
1050,3679,1
3459,3967,1
3811,3849,1
2476,2127,1
656,1699,1
99,4561,1
2689,2343,1
1256,1593,1
287,2740,1
1502,2044,1
5144,4443,1
281,410,1
5586,5401,1
2127,2048,1
3097,2063,1
1062,5131,1
3314,5070,1
1277,2582,1
4819,5401,1
1050,6830,1
1095,1649,1
3286,3154,1
118,4459,1
3500,2787,1
2270,2995,1
24,440,1
2126,3331,1
4897,4256,1
674,963,1
1951,3033,1
2191,1464,1
910,1802,1
4261,4561,1
2044,4424,1
2202,1562,1
4430,5628,1
159,43,1
4739,3261,1
4892,3410,1
6096,5161,1
6780,6916,1
5792,6916,1
2465,1275,1
5259,4730,1
345,719,1
1828,4213,1
3143,1197,1
5995,6399,1
5769,1372,1
186,3531,1
4214,4656,1
6096,6614,1
917,1701,1
2285,6195,1
5766,3153,1
1485,3867,1
1297,1208,1
4194,3307,1
3747,3059,1
1627,1050,1
129,729,1
5129,6776,1
3106,3488,1
10,2349,1
5123,4892,1
1559,1555,1
4624,4696,1
1105,4287,1
2566,3059,1
23,373,1
4038,698,1
1034,1802,1
14,43,1
294,1064,1
892,1835,1
801,4171,1
5176,6060,1
904,898,1
2457,3252,1
422,3059,1
1471,2125,1
2202,3585,1
4608,1351,1
6084,5149,1
5565,2531,1
422,5050,1
4427,3096,1
1069,2690,1
5958,5563,1
1924,5247,1
5143,3004,1
2348,5222,1
5132,4226,1
2328,2017,1
1277,1589,1
3600,3452,1
78,277,1
285,719,1
3267,4788,1
5245,7048,1
1917,1830,1
160,239,1
3390,2127,1
5127,7048,1
286,1150,1
1116,2732,1
6029,7068,1
5176,5747,1
1420,1519,1
3914,5237,1
2127,2570,1
1996,2169,1
3097,2740,1
982,5666,1
1830,2970,1
1477,1631,1
2742,2731,1
638,1463,1
2261,2062,1
10,1627,1
6300,6613,1
41,1804,1
4477,5586,1
5356,6001,1
1949,2583,1
2762,187,1
912,2746,1
2533,2127,1
6146,6608,1
2057,2381,1
1063,1944,1
4522,2829,1
2763,6585,1
3807,3307,1
5701,5286,1
111,2177,1
4606,4118,1
4617,5330,1
1056,1371,1
4116,4559,1
3553,1330,1
157,1143,1
5123,5145,1
4430,5102,1
10,284,1
3153,4098,1
285,1500,1
2032,1961,1
5058,6195,1
1506,2531,1
2055,5613,1
2270,2328,1
3654,4171,1
546,1353,1
6051,4892,1
1235,1174,1
3672,5293,1
4964,2301,1
3237,1933,1
1365,1887,1
5634,5534,1
1141,1096,1
5129,6248,1
2164,5612,1
23,983,1
1002,1393,1
1341,1695,1
4568,4573,1
911,644,1
1363,1682,1
769,1173,1
490,4097,1
2100,3967,1
2703,2690,1
945,1135,1
1306,2128,1
8,49,1
1062,2732,1
5129,3984,1
165,161,1
1811,1933,1
4607,6024,1
1446,1306,1
697,4573,1
169,1566,1
2420,2371,1
3654,2233,1
5292,5139,1
4617,4725,1
4972,6281,1
4597,3306,1
827,405,1
2463,1649,1
2348,4569,1
3140,6146,1
422,4108,1
3261,6351,1
6928,7068,1
3056,4813,1
1066,1064,1
755,1467,1
3655,4177,1
2463,2863,1
181,1284,1
2270,4097,1
2656,5496,1
6019,6218,1
2071,1420,1
2099,1584,1
1319,822,1
4603,2290,1
6308,4366,1
1050,1853,1
983,1215,1
4033,6798,1
5794,6545,1
2164,3235,1
3655,3800,1
896,1386,1
5317,3644,1
3318,3685,1
10,498,1
5045,5207,1
966,1491,1
1567,215,1
1811,2732,1
5073,5127,1
1306,1272,1
5301,5668,1
99,474,1
23,640,1
1097,1424,1
751,1098,1
1141,2349,1
2816,2765,1
4031,3148,1
641,1485,1
1851,1951,1
1938,2850,1
1404,1365,1
23,4489,1
3522,3521,1
974,2765,1
1192,4587,1
2561,2315,1
2290,1509,1
4522,4256,1
649,580,1
369,1393,1
2233,4552,1
28,1384,1
1824,2970,1
3594,669,1
3227,6798,1
2890,3459,1
3222,3504,1
1137,901,1
2471,3465,1
4970,5925,1
2746,3644,1
4984,4672,1
4943,3303,1
28,287,1
28,2127,1
4910,4924,1
1607,3169,1
4616,5179,1
2348,1795,1
1835,2018,1
2348,5800,1
2705,3459,1
294,7021,1
1982,3286,1
4223,1838,1
1951,910,1
4430,2191,1
1761,2190,1
697,6307,1
2173,3627,1
286,572,1
1063,1519,1
6096,5921,1
5301,6026,1
4222,5474,1
6632,4537,1
1244,2976,1
2758,3997,1
6028,4813,1
286,718,1
2164,3045,1
6083,5929,1
3153,6202,1
3087,5770,1
697,4981,1
1174,14,1
1233,1937,1
2348,2880,1
4377,4541,1
1050,5149,1
3990,5317,1
4444,6380,1
1298,321,1
1002,1928,1
1597,5375,1
1761,1095,1
6814,6830,1
2142,2293,1
292,945,1
1376,2287,1
2062,885,1
2463,2455,1
2548,3589,1
1681,1290,1
76,1853,1
2462,2465,1
638,1276,1
1456,3763,1
1376,1534,1
6176,6038,1
1905,1568,1
2781,1761,1
6370,4627,1
4618,4787,1
697,6146,1
5680,6647,1
241,3672,1
5123,4687,1
285,680,1
3248,3870,1
1811,1567,1
4910,3150,1
1105,1928,1
5534,5864,1
2457,3176,1
40,592,1
207,24,1
4809,4730,1
286,1392,1
118,2738,1
1583,1260,1
284,292,1
3669,4822,1
1105,2968,1
197,860,1
4310,2382,1
1068,4007,1
1640,863,1
1655,3475,1
3124,3541,1
3580,4007,1
2709,2761,1
1949,2580,1
4604,6598,1
1471,1135,1
1363,1699,1
3163,5165,1
5813,4924,1
5181,5420,1
3314,2531,1
4364,3644,1
831,963,1
1348,4558,1
3261,4892,1
2464,4098,1
10,26,1
233,571,1
5468,5666,1
3441,5061,1
6937,7048,1
3681,5688,1
1063,910,1
2463,5153,1
106,848,1
3738,2127,1
2463,3055,1
2064,5152,1
6180,3054,1
122,284,1
6034,6686,1
1949,2746,1
4548,4722,1
1801,1486,1
2090,1605,1
6372,6722,1
5043,5497,1
966,14,1
4607,5706,1
2270,756,1
164,612,1
4315,6000,1
116,592,1
1110,1064,1
2204,2294,1
4149,7029,1
1263,2758,1
697,5161,1
4300,3150,1
697,2166,1
4906,5682,1
5933,5149,1
28,2226,1
3082,2980,1
6149,6613,1
1699,2847,1
5929,2431,1
2348,4805,1
2222,2226,1
3541,4561,1
1002,5534,1
2680,2457,1
1172,3148,1
4482,6151,1
157,701,1
1105,3320,1
982,5887,1
1811,2790,1
246,1804,1
279,852,1
2044,1493,1
5147,6335,1
1681,2381,1
133,2138,1
3387,3848,1
4226,6230,1
1116,1395,1
54,4979,1
5828,5864,1
5185,7021,1
2450,1901,1
2733,3108,1
3087,4924,1
2648,2665,1
422,2223,1
57,254,1
2348,3518,1
4477,5682,1
6034,6334,1
6151,6861,1
1420,1050,1
5129,5767,1
3580,669,1
3150,5073,1
4141,3134,1
2388,2123,1
6244,5929,1
4522,5706,1
967,1968,1
4801,4628,1
6780,5782,1
767,4463,1
697,4569,1
6683,6861,1
292,1370,1
3914,6884,1
38,5628,1
3026,2980,1
2867,2430,1
3109,4366,1
1062,2172,1
3261,4602,1
5270,5207,1
1192,2455,1
1508,5194,1
4543,6146,1
1106,1143,1
50,445,1
4601,669,1
1106,2621,1
3286,2544,1
2425,1567,1
3106,2373,1
3508,4226,1
588,936,1
1658,1493,1
2331,1795,1
6255,5105,1
1314,187,1
1420,1937,1
4541,3956,1
3306,6084,1
2463,4097,1
1050,1839,1
3148,3781,1
4897,5588,1
2127,2742,1
2038,5496,1
2127,2356,1
780,604,1
5133,14,1
4831,5043,1
3653,4063,1
4261,2810,1
28,2583,1
1056,1724,1
718,1115,1
2742,3034,1
6786,3679,1
3845,3647,1
1684,2371,1
4843,4587,1
294,1258,1
3314,3672,1
4377,5224,1
5989,4788,1
5769,884,1
1420,1555,1
4196,3845,1
2267,4068,1
6562,4366,1
697,5630,1
1102,2191,1
106,279,1
1001,3861,1
604,747,1
80,284,1
5127,6024,1
2783,2377,1
157,853,1
23,3160,1
2071,5767,1
6042,4696,1
134,871,1
862,2575,1
6029,5330,1
133,227,1
4194,2044,1
4701,5065,1
1192,3055,1
955,2287,1
4607,4335,1
1050,2405,1
1829,2698,1
2798,1295,1
2833,2099,1
3150,14,1
4612,2301,1
4967,2191,1
279,3247,1
2397,2810,1
697,6281,1
4150,3653,1
2455,2425,1
4142,2829,1
697,3904,1
3247,3645,1
6176,5925,1
5469,5767,1
2705,4297,1
1256,2063,1
4612,4787,1
4543,6776,1
3809,4097,1
719,812,1
1095,2465,1
3140,2044,1
765,2738,1
48,248,1
3342,4077,1
4374,3508,1
2457,3781,1
4098,6598,1
7,203,1
1801,1358,1
4607,6180,1
2705,3800,1
3306,4477,1
1002,5134,1
1945,2348,1
2290,2169,1
4603,3153,1
2057,533,1
5623,5682,1
2467,4602,1
5769,3984,1
5732,6830,1
4897,3508,1
841,693,1
1366,215,1
5136,5395,1
2272,3787,1
4430,3672,1
4098,2301,1
165,2405,1
1242,5916,1
2127,3295,1
2167,1681,1
1277,2224,1
3174,5155,1
3809,1961,1
502,572,1
2707,4499,1
697,6637,1
1256,1566,1
2425,4031,1
3314,3261,1
1131,1956,1
6056,5554,1
3654,3307,1
1244,1703,1
2294,2997,1
1578,2511,1
3739,3672,1
1506,4787,1
3140,4427,1
1348,822,1
1432,743,1
2707,4676,1
3445,4700,1
2471,2544,1
6302,6777,1
644,1613,1
2908,2787,1
3330,3787,1
2722,4459,1
638,1062,1
2705,3140,1
4543,7021,1
2233,3033,1
3807,4528,1
4552,5590,1
604,285,1
392,532,1
1471,1972,1
2490,3487,1
4910,5125,1
3406,3680,1
2348,5706,1
1471,1920,1
2048,2315,1
1502,5034,1
4430,4558,1
4666,2831,1
2044,4031,1
2245,4193,1
1420,1900,1
1131,1594,1
6735,5890,1
1348,3719,1
2463,4377,1
2127,1803,1
23,316,1
4892,7029,1
2100,3330,1
6669,6755,1
6415,7029,1
743,1594,1
3316,4007,1
1859,2226,1
5495,4605,1
20,657,1
2833,3733,1
2850,2976,1
4068,4283,1
2329,3316,1
7064,7080,1
23,1770,1
155,2144,1
3143,4817,1
5534,4479,1
3273,5420,1
2818,4787,1
4192,4822,1
24,649,1
1969,1237,1
1244,1483,1
3449,3904,1
5127,3020,1
67,869,1
3956,3647,1
1366,1290,1
6155,6645,1
4164,2584,1
6024,6186,1
5792,6029,1
2469,2658,1
6390,4581,1
4194,2544,1
640,679,1
40,618,1
4463,5772,1
2892,2166,1
2471,817,1
1972,1892,1
1034,1244,1
2348,4275,1
281,660,1
3465,3316,1
4222,4217,1
4300,1197,1
5493,4033,1
1351,1919,1
5750,1367,1
2732,428,1
743,321,1
1039,489,1
4952,5222,1
4602,4634,1
692,1795,1
24,618,1
4914,4854,1
3109,2506,1
5989,2540,1
1174,1804,1
2471,3729,1
279,2747,1
6152,6420,1
3655,2544,1
422,972,1
28,1795,1
3173,3193,1
112,1555,1
78,3529,1
1069,1937,1
2666,3004,1
398,4836,1
2926,4504,1
2338,168,1
5948,5401,1
3807,4621,1
2044,3019,1
817,5925,1
5107,5505,1
1062,3672,1
2471,3150,1
2470,1951,1
4444,6537,1
3716,5132,1
2338,1509,1
4601,3446,1
4098,4705,1
756,14,1
1095,2032,1
3465,3661,1
2770,2465,1
857,1124,1
983,1730,1
1681,5967,1
2465,5152,1
1080,5933,1
1938,2356,1
801,3598,1
3150,1267,1
4943,2747,1
1349,875,1
2762,891,1
4261,6302,1
10,228,1
238,4641,1
3336,1057,1
1358,1370,1
2172,3644,1
4606,5734,1
54,383,1
1568,1935,1
5129,5329,1
6156,5330,1
912,321,1
2343,2371,1
2348,2665,1
5867,6454,1
1811,3488,1
911,4420,1
1348,1802,1
697,369,1
2431,4588,1
10,25,1
78,3644,1
69,660,1
330,2044,1
2099,2546,1
5346,4910,1
6029,6038,1
3672,3138,1
157,14,1
157,1890,1
6019,3045,1
1555,2381,1
755,1676,1
1415,4573,1
3261,6085,1
7,482,1
188,254,1
1032,4504,1
69,153,1
1277,2872,1
3286,2290,1
23,1613,1
1088,944,1
1486,1830,1
4460,4108,1
10,1294,1
2122,2208,1
715,1956,1
2064,2492,1
4672,2466,1
5,332,1
1416,2372,1
1366,1707,1
6152,1372,1
2468,1541,1
4607,3168,1
1684,270,1
1949,2434,1
2548,3591,1
1260,1814,1
3053,4610,1
1550,944,1
187,684,1
4283,5073,1
3713,2697,1
286,1500,1
3807,4283,1
4498,4892,1
4283,5222,1
105,4522,1
2775,2062,1
3314,5151,1
6405,7053,1
1471,1898,1
490,2980,1
5137,3644,1
4582,5050,1
4599,6413,1
3286,2079,1
724,373,1
4033,6645,1
4618,4561,1
3357,2091,1
4098,4610,1
967,755,1
1032,3861,1
1393,1363,1
579,254,1
4417,6429,1
34,535,1
2385,1984,1
1256,5065,1
1383,703,1
2767,2893,1
398,962,1
10,826,1
5037,4867,1
6811,5330,1
3672,3870,1
2425,2864,1
5042,4456,1
111,2048,1
4943,5107,1
5672,6537,1
1314,1793,1
2703,3287,1
3138,1853,1
3800,3146,1
725,1937,1
587,937,1
4175,2348,1
917,937,1
3873,3781,1
1359,1371,1
3747,2348,1
2172,4077,1
2548,1933,1
910,855,1
5139,5490,1
19,388,1
1095,4275,1
4477,4605,1
1933,1613,1
1487,1431,1
1568,6598,1
2456,3807,1
5792,6454,1
2463,2459,1
2492,2371,1
2126,3892,1
2348,3580,1
111,3904,1
1949,1682,1
2476,3845,1
3154,4007,1
4164,3885,1
4617,5590,1
743,2127,1
1801,1050,1
3303,3464,1
1256,4118,1
5786,5916,1
3143,4403,1
1663,4164,1
760,1915,1
3143,4569,1
1205,1770,1
422,2908,1
3681,4427,1
4310,4813,1
1348,1503,1
4482,6029,1
4164,3541,1
4616,5784,1
3174,2460,1
3871,4552,1
1002,1730,1
3733,3627,1
2127,2864,1
3303,2296,1
157,680,1
910,743,1
6024,5921,1
5634,6798,1
3845,4172,1
591,724,1
3143,3680,1
1917,2381,1
3189,5034,1
1138,5505,1
6150,4835,1
3444,5240,1
2270,2740,1
1277,930,1
1027,2698,1
1173,1585,1
5127,6029,1
4430,4930,1
5376,3701,1
430,1050,1
1035,4895,1
1032,5293,1
1062,1420,1
1824,1793,1
2348,4031,1
3464,3598,1
1983,1629,1
5240,2815,1
1075,1064,1
2550,2425,1
1244,807,1
2290,1244,1
2323,2753,1
4068,4489,1
10,1928,1
1401,1400,1
1306,1602,1
3261,6876,1
154,1500,1
3587,2127,1
4608,1507,1
3140,3146,1
3730,2697,1
4919,6809,1
4489,5075,1
1562,1759,1
896,29,1
888,898,1
1393,1664,1
216,122,1
1099,860,1
281,874,1
2638,669,1
4694,4617,1
2127,2467,1
916,1940,1
2435,2062,1
5113,5167,1
285,51,1
2390,669,1
2338,1201,1
725,1063,1
1982,1471,1
4830,4852,1
912,5925,1
3314,4850,1
3687,3150,1
2763,2331,1
3150,5050,1
57,347,1
4489,4961,1
362,4850,1
2348,3150,1
639,1170,1
1220,1830,1
159,719,1
4607,4463,1
2250,4063,1
4838,4875,1
934,956,1
286,797,1
527,341,1
2099,2090,1
5910,4213,1
1788,1485,1
1001,4131,1
4430,5286,1
1452,1306,1
2463,4061,1
422,3140,1
1059,1299,1
2397,6064,1
1272,1106,1
4522,5034,1
4539,3153,1
1476,1392,1
4801,4602,1
912,4177,1
1420,2511,1
502,680,1
133,1106,1
2018,2566,1
76,725,1
1940,2032,1
5149,5996,1
285,278,1
1961,3160,1
3146,4606,1
5680,3303,1
1420,5534,1
23,2397,1
5148,3926,1
5945,6306,1
4239,3904,1
285,815,1
2204,2459,1
2270,2742,1
5870,6546,1
5123,6351,1
3081,3176,1
285,1096,1
1416,1358,1
3168,3848,1
952,950,1
2270,3109,1
814,3108,1
5514,6085,1
5571,4123,1
1404,2740,1
284,2970,1
4603,2521,1
982,4463,1
4177,6920,1
2995,2956,1
2091,4360,1
2463,4541,1
2765,4787,1
813,812,1
1366,1363,1
1471,910,1
298,1294,1
3672,3316,1
2577,694,1
2867,2571,1
3150,1960,1
5149,5784,1
6674,6752,1
3150,3134,1
502,701,1
16,0,1
6404,6306,1
3475,3033,1
3033,3124,1
2585,4420,1
1256,3685,1
3926,4177,1
981,2604,1
6383,6717,1
4430,2584,1
281,5058,1
2061,1272,1
2090,2063,1
2707,4297,1
2463,1238,1
857,1115,1
1268,1323,1
1870,2575,1
10,1670,1
2790,2507,1
862,369,1
4173,3904,1
1951,4832,1
964,2455,1
1672,2204,1
3314,1675,1
5539,5537,1
4824,4696,1
2048,3446,1
3545,3261,1
3204,3956,1
697,3360,1
1277,2004,1
1609,2746,1
5,592,1
4164,3446,1
54,357,1
4068,2158,1
528,3800,1
4777,3956,1
4602,4687,1
6957,7048,1
1624,1184,1
4599,3518,1
5058,3445,1
3017,3073,1
3648,3651,1
4185,7063,1
3316,3751,1
129,406,1
279,956,1
4164,2997,1
6299,6598,1
2518,1892,1
1681,1064,1
2866,6926,1
1105,1271,1
2617,4459,1
5113,5165,1
2290,3034,1
1853,3406,1
4892,5784,1
78,1575,1
1681,2289,1
1002,5742,1
1909,2071,1
1143,1589,1
5783,5286,1
6150,6647,1
2589,3195,1
3459,4782,1
111,3555,1
669,7027,1
3314,3787,1
373,4443,1
4522,3548,1
3716,1892,1
2948,2864,1
1594,1208,1
5571,5983,1
5,774,1
5286,5772,1
4945,2191,1
99,3867,1
5792,6733,1
5037,5198,1
1653,5586,1
1262,1936,1
2287,5395,1
1124,910,1
4078,1593,1
5695,4477,1
398,3661,1
2126,3691,1
2348,4261,1
1934,5152,1
111,2980,1
1900,2706,1
638,1823,1
2763,4808,1
917,2038,1
2044,3971,1
292,2855,1
1763,1961,1
4672,5668,1
2575,2435,1
5706,2810,1
157,703,1
964,1094,1
2866,2370,1
1002,1937,1
546,797,1
1096,896,1
575,726,1
3150,6537,1
2348,6647,1
3143,2765,1
1363,2864,1
3246,2467,1
2707,3870,1
2761,2062,1
6430,6537,1
4892,5604,1
6029,6146,1
1003,2455,1
2833,2467,1
4607,5983,1
6079,6146,1
1050,2074,1
725,803,1
1530,5165,1
2463,3203,1
4615,4064,1
253,605,1
5479,6538,1
5138,5978,1
604,237,1
3156,3680,1
3248,4210,1
51,1420,1
6674,6756,1
422,2233,1
284,1493,1
640,1142,1
4417,4283,1
2357,2466,1
2563,2223,1
2506,2756,1
1432,2893,1
3164,756,1
1458,910,1
2079,4672,1
3672,4605,1
904,1056,1
2348,3488,1
1060,2315,1
2348,575,1
78,1699,1
2330,4477,1
1458,1559,1
1984,1972,1
78,546,1
6056,5586,1
1829,1486,1
3649,14,1
2463,3140,1
904,2323,1
2956,7029,1
3446,5102,1
3701,3649,1
1672,2127,1
4172,5224,1
1050,2262,1
6171,5185,1
2515,1515,1
1471,944,1
4892,6429,1
4616,2382,1
4033,6733,1
99,2233,1
172,1050,1
4180,4195,1
10,1651,1
604,641,1
1034,1295,1
3157,3045,1
4462,4283,1
766,1393,1
23,3406,1
983,1027,1
1950,910,1
5127,4836,1
756,3521,1
3151,3248,1
1027,1365,1
4677,4868,1
697,2044,1
632,3019,1
5286,5766,1
6029,884,1
1346,2301,1
904,2032,1
4892,5733,1
1980,1629,1
1275,1271,1
1838,3235,1
422,5666,1
719,1096,1
6149,4366,1
3387,3763,1
285,5376,1
2712,3651,1
6703,6782,1
4188,3045,1
1811,2477,1
6810,6993,1
1559,4787,1
2425,2459,1
1370,1143,1
2170,5921,1
4230,4304,1
6507,5209,1
4897,2348,1
981,624,1
353,2444,1
157,1432,1
1192,3195,1
294,279,1
2004,944,1
2374,1509,1
3189,1351,1
943,1404,1
490,1676,1
3068,3316,1
1824,4233,1
2707,4226,1
4,7,1
719,963,1
4910,2290,1
5250,5247,1
2761,698,1
5,247,1
2762,1493,1
6026,5286,1
2166,4164,1
310,588,1
5042,4463,1
3441,4787,1
629,381,1
3303,3465,1
1359,1493,1
6156,6546,1
2233,5092,1
904,1853,1
2044,3521,1
2285,1984,1
4602,4403,1
635,398,1
36,740,1
1192,2476,1
32,711,1
76,3901,1
1393,1635,1
4607,4687,1
1578,4734,1
3391,1184,1
286,285,1
2463,5747,1
2746,3690,1
1256,4177,1
78,3585,1
62,511,1
5,875,1
4616,5767,1
1393,855,1
138,309,1
3097,2191,1
2447,5149,1
697,2815,1
1420,3627,1
3004,3444,1
422,2790,1
130,254,1
525,6913,1
5185,6029,1
1404,1363,1
2808,3169,1
2463,4195,1
7,196,1
2431,6565,1
29,25,1
150,1172,1
1640,3252,1
2130,2128,1
1062,3150,1
2348,4558,1
2425,3685,1
755,1613,1
3643,2289,1
632,4226,1
373,1486,1
2463,2548,1
4192,3644,1
6819,3585,1
5750,5800,1
3106,2867,1
1447,1461,1
144,167,1
5769,5534,1
139,526,1
1314,369,1
23,1298,1
1501,1500,1
7,592,1
2770,2425,1
2617,3134,1
3990,2544,1
1356,1830,1
422,645,1
3150,2518,1
2572,2122,1
2648,2425,1
2036,3033,1
3316,2697,1
6055,6149,1
6814,2431,1
15,1,1
3150,6293,1
138,768,1
6149,4463,1
4606,3649,1
2785,2507,1
96,64,1
5470,4444,1
773,812,1
62,684,1
4482,5309,1
896,2855,1
1220,3153,1
3336,4617,1
3248,5165,1
1256,1143,1
3594,2850,1
743,2270,1
3287,3301,1
644,638,1
2705,3138,1
4377,4222,1
3610,2533,1
4616,4627,1
2366,3997,1
1226,2226,1
2431,6777,1
1192,2864,1
697,3873,1
904,2752,1
4598,6782,1
4607,5102,1
744,739,1
162,1453,1
1566,1298,1
4213,4892,1
1166,1128,1
3941,3939,1
2395,2980,1
2087,2767,1
2139,2560,1
2151,1940,1
3594,2572,1
3559,14,1
5870,6452,1
78,1215,1
5141,5628,1
3087,4482,1
3467,2756,1
265,1096,1
1731,3521,1
1116,489,1
1763,2379,1
4615,3446,1
5586,5864,1
4427,6809,1
3151,3331,1
718,2315,1
10,3301,1
5002,3261,1
2444,2968,1
4174,4226,1
669,5420,1
3151,1933,1
822,1135,1
6171,2295,1
3495,2815,1
3106,3316,1
1675,5987,1
1105,947,1
4522,1838,1
157,1259,1
3358,2575,1
1325,1503,1
277,278,1
3336,4725,1
2762,2893,1
10,3347,1
3921,3331,1
2044,2567,1
2396,2124,1
624,1463,1
3059,2270,1
2790,3624,1
5132,2733,1
1001,2262,1
2348,7005,1
1370,1238,1
2763,1756,1
99,2761,1
1205,3589,1
10,134,1
6636,6733,1
5571,6281,1
3854,3956,1
1205,1358,1
1277,2459,1
4219,3956,1
4677,4822,1
1122,2381,1
3287,2370,1
234,235,1
1398,1003,1
40,1415,1
3681,4077,1
1649,1706,1
2267,5868,1
2048,3040,1
2032,1898,1
6935,3644,1
701,1106,1
4261,4477,1
2348,2582,1
2323,1156,1
1951,2531,1
743,1450,1
6029,7021,1
2522,6614,1
4617,3825,1
3159,4517,1
1432,1747,1
2289,3521,1
5870,5207,1
1820,6585,1
5129,5710,1
1450,1810,1
4031,4171,1
5989,5138,1
3390,2600,1
6026,3009,1
1559,1141,1
2064,5125,1
3650,3444,1
251,2123,1
4603,4061,1
6923,4773,1
2808,2381,1
6307,7063,1
3394,3845,1
2425,3295,1
28,1471,1
301,254,1
719,3873,1
695,3096,1
1393,2176,1
2499,1256,1
4149,5470,1
4605,5420,1
792,154,1
4477,5539,1
422,2525,1
632,5916,1
5989,5966,1
6688,6686,1
279,789,1
2048,2191,1
2895,2476,1
2250,2087,1
6122,5966,1
4463,3150,1
4004,3316,1
316,76,1
2707,5430,1
5104,5127,1
215,1473,1
4172,2191,1
1500,1003,1
3147,3904,1
48,254,1
169,600,1
1205,1704,1
781,874,1
6388,6403,1
6151,6173,1
3441,553,1
1298,2123,1
1940,1701,1
1471,2855,1
1359,1441,1
644,1984,1
4430,3529,1
5127,6876,1
2428,3134,1
1848,1851,1
1032,4988,1
5143,5770,1
3147,4823,1
157,2531,1
4552,6020,1
3082,2697,1
2420,2706,1
5988,4477,1
1608,6798,1
3267,2044,1
22,161,1
6029,6833,1
2090,3939,1
4738,4537,1
3146,1285,1
1471,1644,1
5488,1285,1
4979,4222,1
5786,5228,1
669,6705,1
4604,4222,1
626,3691,1
422,4518,1
4604,4606,1
4618,4999,1
422,1669,1
6068,5493,1
10,762,1
286,764,1
2170,5630,1
118,3055,1
1014,1682,1
4606,6149,1
4606,2357,1
1018,903,1
917,875,1
2270,2062,1
1277,1559,1
232,675,1
697,4129,1
1166,1404,1
2467,4892,1
862,2190,1
5808,5058,1
3154,6770,1
2373,5292,1
3495,669,1
138,24,1
2394,3644,1
3009,2163,1
4180,4850,1
2492,3701,1
1830,2287,1
289,739,1
638,1386,1
4548,4219,1
4463,5734,1
1640,2395,1
292,926,1
1562,1830,1
656,4287,1
2706,1951,1
697,3866,1
2425,3867,1
1050,3585,1
2127,3729,1
3387,3444,1
860,838,1
6151,4970,1
2956,2295,1
163,638,1
1062,2451,1
5586,6195,1
4918,5967,1
4544,5414,1
1424,2855,1
1256,6405,1
1734,3645,1
1306,762,1
1938,2172,1
129,5050,1
681,4420,1
5043,5710,1
6235,5207,1
814,6218,1
3146,2476,1
6029,6864,1
3541,3059,1
1478,1290,1
2870,2032,1
701,1205,1
1672,2294,1
1168,1483,1
2506,2648,1
1720,2270,1
1263,2702,1
4537,5431,1
404,163,1
5127,6608,1
2370,4854,1
638,1924,1
2617,2226,1
93,357,1
4597,5747,1
2913,2787,1
1420,4350,1
1035,3495,1
2810,2815,1
2463,5770,1
6151,6454,1
1900,1001,1
4604,5125,1
4477,3529,1
964,1770,1
10,684,1
51,379,1
910,571,1
1062,575,1
4194,3778,1
4177,5169,1
1825,910,1
1734,2546,1
2,284,1
1420,2122,1
3319,1567,1
4608,5194,1
3143,1960,1
4897,5129,1
1675,5514,1
1062,3719,1
3150,2466,1
4852,669,1
3654,5073,1
1792,2099,1
2464,1669,1
1235,1365,1
3605,14,1
697,2343,1
2997,2389,1
2017,1493,1
2584,6820,1
2585,3464,1
1555,3320,1
966,2465,1
2348,2158,1
855,725,1
2589,2492,1
2752,2457,1
4919,4605,1
5278,6479,1
4680,3154,1
910,2583,1
3147,4226,1
930,2044,1
6369,6598,1
1306,606,1
78,1804,1
2233,3598,1
1242,1500,1
2425,2296,1
28,262,1
2890,3581,1
286,381,1
111,428,1
48,359,1
4300,5688,1
4854,4606,1
1456,1649,1
6029,1372,1
5317,5827,1
934,239,1
1524,696,1
157,3150,1
69,665,1
1593,2425,1
5,1184,1
1420,2046,1
1806,2270,1
4897,5222,1
3140,3446,1
2474,6591,1
138,797,1
2395,2038,1
2250,4447,1
547,676,1
2062,3109,1
7,393,1
167,1026,1
422,6595,1
2916,2389,1
1366,1944,1
5127,7027,1
2126,2897,1
1277,1276,1
3545,3701,1
1478,1989,1
1032,1950,1
6683,6026,1
1940,1838,1
3314,5420,1
2503,2343,1
5407,5405,1
61,1578,1
4,50,1
2164,2204,1
5827,3303,1
1594,270,1
78,3134,1
3449,5563,1
3057,3255,1
1205,1003,1
1450,1643,1
3495,4064,1
725,3644,1
1961,4283,1
422,3475,1
5870,4952,1
1420,2864,1
5153,6227,1
4463,5685,1
755,1829,1
3807,4656,1
2835,1594,1
281,871,1
99,3457,1
5534,5590,1
5586,5628,1
6520,6614,1
1056,695,1
5127,5630,1
4226,5573,1
2328,4910,1
3812,4700,1
5240,3765,1
1256,1591,1
801,2291,1
160,141,1
1371,1795,1
2678,2746,1
2397,2707,1
25,262,1
3140,5534,1
697,4627,1
2666,3248,1
3394,5240,1
1050,2740,1
3163,3146,1
2270,6770,1
5870,5942,1
4082,5324,1
1399,875,1
1420,2123,1
1050,1168,1
982,5668,1
7,69,1
3138,3719,1
6438,3644,1
2477,2575,1
3140,2370,1
723,1493,1
2463,4031,1
2754,2746,1
3314,4518,1
5701,4627,1
713,4602,1
6700,6782,1
62,5933,1
3693,3691,1
862,285,1
5383,4559,1
4599,3594,1
4910,6180,1
769,853,1
2707,2673,1
2348,5928,1
5769,6608,1
2814,2032,1
1593,6227,1
5,668,1
2373,3261,1
3311,3301,1
3669,4077,1
4676,3315,1
1124,1135,1
279,1063,1
4599,3585,1
3143,4108,1
719,1398,1
2707,3664,1
2289,3169,1
4417,6510,1
5222,3598,1
4892,6591,1
697,5929,1
575,785,1
2371,2575,1
4612,4164,1
3718,3680,1
6084,6165,1
1366,696,1
3680,3242,1
3575,3242,1
669,4616,1
4915,4605,1
2159,3195,1
1555,51,1
2617,2799,1
4508,5029,1
3654,2290,1
1306,1491,1
2357,2818,1
6335,6180,1
2548,3719,1
10,1707,1
23,2582,1
1173,1821,1
5043,6203,1
5988,4892,1
1192,1627,1
2062,2356,1
3261,5496,1
2233,3701,1
3464,2289,1
4587,2572,1
1818,1676,1
4892,3054,1
967,1424,1
10,2356,1
3189,5087,1
2486,2372,1
2331,2583,1
5783,6186,1
23,6064,1
4897,6512,1
2733,3475,1
1056,1184,1
1050,2746,1
4984,5630,1
1725,1940,1
232,239,1
4819,5682,1
99,5109,1
4606,2531,1
3799,1589,1
3140,4098,1
5706,3153,1
1420,3452,1
4417,6146,1
3189,4118,1
943,1657,1
2465,1961,1
3713,3651,1
3286,5132,1
4613,1235,1
718,1649,1
2099,2471,1
5870,6334,1
3423,2204,1
99,2564,1
3148,2191,1
4961,3045,1
680,1384,1
2705,4535,1
1670,2062,1
2687,2328,1
50,718,1
3647,4063,1
1223,1290,1
437,495,1
830,1028,1
292,3644,1
6010,5612,1
41,1463,1
956,2465,1
3155,4449,1
6428,3045,1
4430,4541,1
1226,1088,1
5912,3926,1
3248,2648,1
3655,3147,1
864,1989,1
19,235,1
5916,4910,1
4618,4177,1
3654,4788,1
1014,14,1
2798,2435,1
3142,1585,1
2285,2289,1
5512,4193,1
4599,3701,1
632,1208,1
2841,7062,1
769,2057,1
3647,6335,1
4194,3653,1
1609,1184,1
6038,5925,1
3330,3495,1
2343,1853,1
2126,4535,1
2459,4561,1
2432,1892,1
2099,2294,1
1393,822,1
580,1112,1
5673,4489,1
5,397,1
3140,2250,1
5769,6151,1
735,864,1
2447,6351,1
1961,1940,1
367,262,1
5539,5799,1
3854,669,1
3330,3242,1
1205,1296,1
2792,1295,1
81,228,1
1415,6733,1
3655,3647,1
6019,4068,1
725,1578,1
5317,4414,1
1802,2291,1
4287,3702,1
3004,428,1
5222,5138,1
2377,391,1
2348,4872,1
2810,2507,1
1961,4420,1
2721,3446,1
2758,3203,1
4522,5194,1
5539,2810,1
5469,5738,1
1192,1062,1
4842,3585,1
2946,6565,1
1050,885,1
391,4777,1
3336,3644,1
1458,1143,1
1938,1699,1
1277,521,1
3425,1892,1
6810,6415,1
3681,3315,1
955,1156,1
2501,1256,1
1669,7048,1
2463,1130,1
1192,1515,1
535,1254,1
4193,4210,1
4819,4720,1
165,4924,1
1277,2293,1
6442,2733,1
3575,3751,1
862,910,1
2348,5547,1
3921,5050,1
1205,187,1
5147,4447,1
3261,4961,1
2348,7036,1
1256,6351,1
4892,5539,1
284,1089,1
1590,1591,1
2338,1584,1
4226,1655,1
270,1682,1
6625,6647,1
36,320,1
5469,3004,1
1105,3055,1
322,76,1
1049,3624,1
801,2850,1
16,254,1
944,3055,1
4294,4291,1
4339,4459,1
2833,3907,1
4361,6546,1
3314,4068,1
3242,3591,1
656,1060,1
3159,3347,1
6811,6916,1
1838,4477,1
1105,1937,1
4552,5058,1
1471,1510,1
3087,6545,1
3248,3848,1
2758,2980,1
1035,2270,1
78,5050,1
133,347,1
5677,5668,1
2926,3598,1
4617,4272,1
1420,1940,1
3286,2127,1
4910,3672,1
1536,1168,1
4430,4033,1
1343,962,1
5786,6064,1
1122,3870,1
4598,5050,1
2064,2127,1
910,1290,1
398,2063,1
167,605,1
698,1353,1
422,2381,1
5127,5966,1
5881,3153,1
5105,3045,1
1363,846,1
310,747,1
1907,1908,1
695,2711,1
303,69,1
1277,4118,1
4701,5026,1
1192,2658,1
3919,3904,1
4150,2250,1
2270,3124,1
5782,6861,1
3643,4823,1
3446,2158,1
111,2968,1
1393,2270,1
4522,3286,1
2048,1064,1
2792,1649,1
863,4787,1
1366,2767,1
7,640,1
1205,373,1
422,910,1
3444,5027,1
3150,7048,1
2270,6830,1
697,142,1
1034,1901,1
755,2625,1
5116,2669,1
353,3169,1
5149,6248,1
3444,3059,1
1714,1915,1
3150,5153,1
1420,2371,1
719,4621,1
4914,3644,1
2348,3140,1
2471,3295,1
604,2370,1
4417,5782,1
735,1370,1
2722,2908,1
5751,4672,1
2459,428,1
5918,5145,1
1473,1106,1
2270,4605,1
1984,3040,1
4616,4177,1
756,2209,1
5129,5921,1
3618,3630,1
6016,6015,1
1034,580,1
957,4499,1
2605,2071,1
2222,4193,1
4543,3926,1
2584,4828,1
3445,4431,1
105,5628,1
4412,5966,1
973,5292,1
454,2556,1
956,3046,1
2833,2697,1
502,254,1
6957,5904,1
1566,2556,1
3376,5768,1
3716,3406,1
8,239,1
279,1353,1
4317,3926,1
5102,4213,1
2890,2575,1
2492,4079,1
1581,853,1
1256,6180,1
891,383,1
1553,6782,1
697,2202,1
6029,6085,1
2758,4480,1
490,2066,1
11,510,1
155,2893,1
2607,2507,1
838,1657,1
1559,1493,1
685,684,1
2126,2091,1
6334,6565,1
5881,4910,1
768,1024,1
489,1278,1
3236,2471,1
335,592,1
4068,4063,1
3990,6830,1
5449,6389,1
2291,2381,1
642,855,1
2209,1940,1
1578,2291,1
3328,3248,1
99,1256,1
1035,1343,1
286,2208,1
1669,3651,1
1415,6686,1
2657,4606,1
2090,2428,1
2282,2270,1
3807,4059,1
2786,3134,1
2548,1244,1
155,3195,1
4498,3719,1
6176,6001,1
2373,2301,1
6179,6149,1
4427,3541,1
2397,2270,1
697,5613,1
3406,2476,1
3143,5224,1
2786,1828,1
3444,6998,1
1105,1405,1
872,937,1
292,789,1
2348,318,1
6674,6819,1
3238,3287,1
43,603,1
19,957,1
373,1519,1
4477,5563,1
4731,3154,1
5563,6776,1
2101,2511,1
5149,6024,1
1363,2377,1
6364,5092,1
160,875,1
1014,1770,1
6056,6798,1
422,755,1
4377,3334,1
133,505,1
3314,5222,1
5571,3644,1
4543,2956,1
2790,2810,1
4361,6405,1
490,5929,1
2427,3306,1
4247,3406,1
6300,6614,1
2323,3464,1
5514,6809,1
4617,5050,1
5769,6861,1
3106,3146,1
1731,2878,1
2270,4431,1
1150,723,1
1548,1375,1
2476,3320,1
6548,2956,1
3210,2740,1
287,891,1
306,551,1
2607,2761,1
422,533,1
135,4617,1
6538,6107,1
2607,1960,1
1277,1424,1
2706,2976,1
2282,2099,1
231,50,1
7,5,1
920,2287,1
1032,604,1
1056,1441,1
4149,6647,1
1478,1810,1
4677,5169,1
3097,3861,1
1432,4480,1
2159,3581,1
1370,6798,1
1675,1707,1
1205,1507,1
3017,2163,1
2787,1330,1
3095,2430,1
6029,6293,1
4705,4222,1
3441,1330,1
2179,4648,1
3465,3508,1
64,489,1
1562,1643,1
5813,6047,1
2650,4672,1
4149,3154,1
2707,1141,1
4910,4912,1
1811,4602,1
2343,2124,1
4548,4808,1
2287,2123,1
1256,1141,1
2348,3153,1
5664,3644,1
2260,2838,1
3056,3055,1
20,210,1
1720,3203,1
2191,2548,1
3004,2127,1
4616,2301,1
605,4805,1
2323,3134,1
5689,5688,1
849,210,1
285,2099,1
2048,1184,1
4618,4403,1
3124,2063,1
3009,5317,1
905,277,1
3610,3148,1
422,4310,1
5094,5102,1
6328,5633,1
157,520,1
4740,4164,1
117,674,1
2342,3007,1
1476,1793,1
3849,5109,1
1421,2301,1
2166,2582,1
6180,5019,1
217,937,1
286,789,1
934,1060,1
3919,2301,1
2425,3452,1
7103,6307,1
1277,1260,1
4149,6608,1
1240,1892,1
718,3842,1
4417,2584,1
2742,3340,1
1835,863,1
5472,5864,1
913,604,1
2,387,1
6155,5414,1
801,2428,1
2975,1062,1
1672,51,1
1032,6798,1
2457,2163,1
2907,187,1
1664,2361,1
855,963,1
197,1607,1
2431,5493,1
2348,2270,1
2394,2838,1
2471,6020,1
2030,1476,1
2432,1828,1
372,616,1
938,2476,1
1359,1288,1
2705,2477,1
369,1062,1
2703,3751,1
3150,1585,1
29,332,1
910,735,1
157,869,1
5472,4850,1
743,1432,1
422,3598,1
2617,3521,1
2680,6114,1
1001,3040,1
10,568,1
1349,1795,1
2584,4961,1
5,1398,1
1420,3956,1
1105,29,1
2179,5224,1
3168,5375,1
2199,2790,1
4180,4602,1
2055,1961,1
28,5292,1
2741,2575,1
3314,4256,1
111,187,1
1221,1088,1
904,3160,1
16,660,1
2882,2908,1
723,2315,1
2127,1524,1
279,1260,1
3150,2617,1
6306,7053,1
3446,4275,1
1062,4272,1
743,874,1
2151,2815,1
2099,1266,1
4673,3997,1
5161,5867,1
2462,2163,1
1062,1646,1
391,5590,1
585,592,1
1653,5474,1
5286,6180,1
3862,3045,1
172,1500,1
801,2758,1
2062,3059,1
638,281,1
1150,1253,1
2900,2575,1
2462,2968,1
2584,5153,1
3310,3301,1
4854,4924,1
1420,3649,1
2758,2381,1
3314,817,1
2505,4677,1
4149,6667,1
674,3248,1
3106,2158,1
6072,6096,1
692,1405,1
2396,1761,1
1756,5050,1
422,3825,1
4392,3644,1
3140,6114,1
4603,4403,1
5123,5685,1
3314,4098,1
4543,5132,1
1205,1256,1
4430,1838,1
28,2815,1
1376,1395,1
4522,3956,1
2467,5586,1
282,1064,1
3313,4164,1
2703,2177,1
2330,3563,1
6192,1285,1
5512,6389,1
2348,2872,1
4377,6173,1
4412,6986,1
3647,6050,1
767,3585,1
3086,2127,1
2048,2046,1
98,521,1
2427,1184,1
5123,1972,1
1566,1734,1
756,2059,1
3346,2506,1
743,3867,1
2396,5706,1
1131,1519,1
4463,5871,1
4596,6861,1
934,1707,1
9,676,1
2090,3487,1
1420,3711,1
1417,1306,1
4444,4489,1
4892,3585,1
708,495,1
1370,832,1
680,3653,1
133,1437,1
1982,2555,1
5252,4522,1
5821,5967,1
2395,2059,1
47,2430,1
4039,3644,1
1938,2361,1
422,936,1
602,599,1
69,239,1
2687,2838,1
1418,1795,1
1609,3563,1
2447,5134,1
3314,6190,1
3273,2430,1
2342,3939,1
3990,5139,1
3099,1853,1
5449,5149,1
1471,1205,1
4456,4627,1
286,1258,1
5129,5668,1
2867,2767,1
1235,1579,1
697,3781,1
24,445,1
2463,6000,1
1420,2738,1
2430,1235,1
2338,2556,1
1035,1420,1
776,2580,1
3313,4261,1
4400,142,1
3287,3816,1
1056,379,1
1205,1208,1
10,1519,1
3056,6733,1
54,1664,1
2659,1192,1
5769,6717,1
5571,6084,1
3088,2099,1
1944,696,1
2044,1915,1
2327,2465,1
3261,5126,1
5014,4705,1
4613,4602,1
3433,3248,1
719,2190,1
10,3504,1
4430,4525,1
1675,694,1
3143,4999,1
3743,2091,1
4607,4177,1
2607,3818,1
5139,5043,1
2204,2169,1
1393,1493,1
1377,1376,1
2088,1366,1
3027,3255,1
2761,3138,1
1095,3150,1
6420,4477,1
1929,1928,1
23,237,1
872,2438,1
1351,826,1
292,1353,1
1946,910,1
1761,2855,1
1894,1014,1
3444,4867,1
3649,1141,1
2395,1669,1
48,765,1
4916,5050,1
2680,2371,1
1615,2691,1
4444,4108,1
697,5109,1
2463,5152,1
2740,3252,1
5929,6024,1
32,125,1
2330,3301,1
3302,2697,1
310,359,1
61,51,1
3242,3252,1
4696,6180,1
2347,669,1
2348,5043,1
6029,6653,1
681,1299,1
1420,3661,1
4430,3334,1
3594,6595,1
310,495,1
1192,3347,1
2453,2457,1
111,3252,1
934,2871,1
6019,3153,1
5105,6227,1
2348,2122,1
422,3672,1
1734,1968,1
157,948,1
4098,2191,1
286,610,1
3247,2430,1
6067,5734,1
4609,3150,1
1062,4875,1
5586,4068,1
2492,3109,1
2357,1566,1
3718,3848,1
4374,4118,1
5488,2600,1
3173,2366,1
4604,14,1
1366,1063,1
4239,6479,1
54,2490,1
2357,5628,1
2373,2127,1
318,2580,1
910,2190,1
26,1578,1
3335,3059,1
640,1629,1
5072,7027,1
6851,7048,1
2427,3255,1
422,3315,1
1734,1795,1
1609,1793,1
3465,4569,1
4607,5742,1
892,2455,1
2457,2871,1
3812,4648,1
5736,6537,1
400,3926,1
1940,3763,1
4038,6809,1
1917,2548,1
57,579,1
2456,3154,1
2471,4077,1
966,1456,1
99,2810,1
1172,4172,1
3444,2389,1
1640,2294,1
3554,3306,1
48,210,1
2463,2164,1
1365,1003,1
6914,6986,1
286,658,1
6574,6614,1
3168,2799,1
1050,5058,1
422,2017,1
5149,4522,1
3138,1464,1
422,5586,1
1654,1651,1
4377,3701,1
4417,4581,1
3969,3128,1
1519,1790,1
5634,1972,1
5782,5925,1
3140,5685,1
4582,2191,1
967,2287,1
2471,3315,1
2071,1285,1
571,910,1
1731,1747,1
5989,3729,1
1625,2560,1
3778,4687,1
2603,5766,1
1095,369,1
5,198,1
14,2425,1
111,1275,1
2463,3531,1
2459,5224,1
3446,4504,1
644,29,1
5358,4543,1
2347,4420,1
279,7,1
4522,2301,1
3701,3529,1
3997,4097,1
5786,4700,1
1566,1898,1
50,28,1
830,571,1
489,2455,1
3986,6306,1
545,1344,1
3654,5286,1
3654,3885,1
2431,6056,1
41,18,1
604,2343,1
1658,1507,1
1740,4068,1
4149,6782,1
4222,6403,1
1471,4535,1
3644,3861,1
1485,6986,1
24,372,1
1256,962,1
5634,6149,1
4613,5799,1
502,2855,1
2357,5050,1
5488,4447,1
1341,1676,1
1583,853,1
5870,5687,1
422,1610,1
2338,1627,1
1178,794,1
2348,1779,1
3498,2787,1
865,239,1
4608,2995,1
2,347,1
6156,5736,1
5145,4801,1
2590,1298,1
3004,3295,1
155,2291,1
1627,1106,1
2126,2138,1
169,4664,1
1672,2062,1
2787,3495,1
2159,1464,1
5371,4552,1
1668,3033,1
3148,2673,1
3459,2867,1
1383,1427,1
3306,2867,1
917,1944,1
1555,4945,1
422,1623,1
624,1026,1
3248,3331,1
1089,3054,1
352,371,1
2531,3169,1
792,262,1
2707,5376,1
755,2062,1
1838,3921,1
2261,2706,1
972,2582,1
3807,3719,1
2099,2287,1
3854,2301,1
5572,6281,1
1370,3176,1
3679,2572,1
232,605,1
51,156,1
4965,6861,1
2767,1493,1
422,2425,1
2289,2057,1
2897,3203,1
118,116,1
5037,14,1
1365,1363,1
1394,1613,1
2126,1420,1
1408,1670,1
10,4213,1
1244,1098,1
6441,3045,1
4897,5145,1
4164,4149,1
5354,6180,1
5614,2398,1
2678,2204,1
3654,3286,1
76,1681,1
4567,4164,1
4417,7021,1
3655,1285,1
5581,5916,1
237,1215,1
2427,1156,1
3991,4210,1
3746,4535,1
2971,2381,1
289,1575,1
647,1463,1
1669,5125,1
2444,2457,1
3873,5138,1
2932,3644,1
4676,6653,1
2975,2492,1
6029,6405,1
697,4924,1
1608,3763,1
77,1802,1
28,1803,1
2761,4031,1
546,786,1
10,3645,1
1838,4930,1
3751,4444,1
1050,1363,1
6029,6717,1
3594,3004,1
4801,6733,1
3128,4424,1
1836,930,1
28,2975,1
4608,4823,1
1420,1515,1
3596,3866,1
2471,4910,1
3273,933,1
581,774,1
1420,271,1
6927,5139,1
579,604,1
4063,2533,1
3647,3685,1
3147,4038,1
5123,5470,1
1393,1623,1
6561,3020,1
1374,2381,1
398,5480,1
1205,1669,1
5123,4576,1
4720,4979,1
5586,5286,1
1594,1892,1
875,1795,1
1277,5480,1
10,822,1
8,649,1
2044,4098,1
232,2607,1
632,14,1
1277,2046,1
2462,2357,1
6072,5043,1
2270,6776,1
1180,888,1
1420,1823,1
6305,6537,1
1996,1014,1
3754,3661,1
4613,5129,1
1256,4581,1
2571,1493,1
1168,520,1
4542,4961,1
2334,1584,1
197,1793,1
604,680,1
5129,6335,1
2173,1933,1
5,2592,1
19,2531,1
2705,2375,1
2823,1275,1
697,6850,1
6415,6302,1
578,1897,1
1156,2604,1
422,1400,1
1938,3870,1
89,498,1
3977,5167,1
2463,2787,1
2425,2975,1
4844,3649,1
4607,4472,1
4585,4616,1
2388,2394,1
284,812,1
6679,6087,1
3315,3781,1
10,3624,1
2975,3330,1
1830,2372,1
910,1892,1
743,2289,1
48,3690,1
2374,2548,1
422,778,1
232,526,1
4607,2398,1
5058,6047,1
801,1330,1
5185,6202,1
904,2815,1
1900,1988,1
697,3004,1
1192,3452,1
2705,5537,1
884,210,1
2657,4059,1
4149,1542,1
5145,4676,1
1319,2183,1
670,7,1
10,896,1
2657,4164,1
5695,6173,1
2260,2477,1
3087,6619,1
67,262,1
3444,3867,1
4897,4350,1
966,4312,1
2690,4007,1
1168,1205,1
2506,3825,1
5,237,1
6302,6029,1
1669,2575,1
5572,5736,1
2062,2438,1
381,4291,1
2343,2799,1
2044,2742,1
2545,2202,1
1235,1968,1
1820,3153,1
2152,1613,1
2741,2725,1
1150,1493,1
3017,2893,1
735,521,1
3911,3644,1
1256,391,1
5058,5152,1
19,554,1
4910,5149,1
2575,1156,1
4377,2466,1
4164,4832,1
3087,5738,1
5002,5854,1
6998,6537,1
2461,4528,1
4430,5157,1
10,2507,1
1393,2492,1
4452,3152,1
1256,5554,1
5037,4895,1
4604,3529,1
19,676,1
4098,5792,1
2995,3140,1
3314,5687,1
1478,916,1
1681,2122,1
20,387,1
1088,794,1
3444,3154,1
1415,6195,1
2477,2980,1
1458,1761,1
3212,2366,1
54,1295,1
4970,7109,1
6028,3392,1
3148,3140,1
4984,4924,1
4607,4286,1
546,2765,1
2841,3108,1
697,5034,1
5736,5449,1
3465,4007,1
2548,2740,1
3849,4193,1
2044,3653,1
4430,4061,1
6024,5141,1
6685,6332,1
99,3661,1
656,2732,1
289,278,1
1835,1701,1
6709,6864,1
4078,2584,1
118,922,1
4038,14,1
105,5431,1
4443,2995,1
294,4801,1
6151,7080,1
6067,6123,1
578,1095,1
10,1431,1
1166,1299,1
1366,695,1
2,69,1
3173,3563,1
29,1027,1
6055,6335,1
160,1294,1
1416,1432,1
2038,2361,1
2563,5050,1
1097,1467,1
398,4558,1
3156,1851,1
1192,1294,1
6811,6173,1
2044,3347,1
2607,3176,1
1566,1761,1
5176,1285,1
588,29,1
2895,3320,1
9,198,1
3739,5179,1
3140,4541,1
2852,2366,1
5954,4687,1
2459,2099,1
2707,1655,1
279,681,1
106,859,1
5329,5706,1
1168,1471,1
216,498,1
5586,4616,1
4607,5127,1
1166,1172,1
3303,3146,1
776,883,1
3151,3464,1
5159,2912,1
3701,3926,1
4617,4226,1
6926,5139,1
1270,1264,1
4164,4725,1
4817,5247,1
3701,3146,1
5420,4819,1
4477,5309,1
6648,6735,1
1050,2556,1
1688,1676,1
4261,5827,1
5131,6889,1
2357,5141,1
4300,4193,1
1458,1486,1
77,388,1
2043,2648,1
4606,5784,1
279,668,1
4483,3701,1
4602,6026,1
6176,6608,1
3873,4787,1
1555,4098,1
746,4569,1
301,774,1
221,676,1
982,6047,1
1027,1611,1
2348,6667,1
7,228,1
1928,3555,1
5309,5628,1
6150,6619,1
2469,2431,1
3146,4587,1
2790,2091,1
982,5784,1
3153,4672,1
3672,4007,1
1370,2062,1
3940,2617,1
5705,4952,1
2463,4827,1
1945,4063,1
4950,3904,1
4018,3624,1
2589,1493,1
1803,2521,1
780,615,1
1471,2066,1
697,5772,1
4919,6026,1
1166,1486,1
2090,3521,1
1268,875,1
2348,3096,1
681,2690,1
701,1575,1
87,4477,1
3959,6180,1
14,684,1
2323,2032,1
1001,1315,1
6043,1372,1
5146,6420,1
3495,2044,1
2173,3751,1
3286,4641,1
2680,3007,1
2614,2226,1
3173,2742,1
373,4335,1
633,580,1
2707,2357,1
645,1024,1
78,1420,1
5,6598,1
2705,2658,1
5226,6173,1
3147,4504,1
2707,2427,1
801,3331,1
1763,3146,1
3315,4543,1
4952,5050,1
2330,6218,1
604,665,1
3287,2908,1
2270,2343,1
111,4097,1
1001,2838,1
2912,2760,1
1035,1294,1
2767,3452,1
2465,5767,1
1205,5668,1
1743,1061,1
6574,6151,1
1192,2099,1
251,4672,1
254,536,1
904,3073,1
681,2032,1
4430,5222,1
589,774,1
2427,2127,1
576,857,1
3153,2522,1
41,408,1
5,529,1
3087,5058,1
2763,1655,1
3316,669,1
3020,6565,1
5139,3529,1
328,1184,1
5161,1235,1
3087,6306,1
591,2371,1
3143,3147,1
2427,2348,1
1135,1944,1
1811,3763,1
1650,3096,1
77,3203,1
792,774,1
3045,2420,1
4461,4283,1
3204,3150,1
3594,3287,1
4444,6794,1
2141,2425,1
3809,1585,1
490,1972,1
1553,2733,1
4502,5092,1
943,945,1
1594,3904,1
24,1096,1
2044,3059,1
5123,4607,1
580,1890,1
3598,2079,1
3309,2838,1
591,668,1
118,2090,1
1277,1682,1
4892,3087,1
5,1364,1
2372,14,1
422,207,1
2204,3685,1
1306,1707,1
2890,2381,1
5889,4720,1
2,495,1
1560,1555,1
743,2548,1
5586,4627,1
4522,3901,1
2177,3446,1
696,3848,1
4892,3781,1
1471,1761,1
3314,4552,1
972,1830,1
1235,1635,1
2270,3255,1
1050,1184,1
5123,3445,1
222,2564,1
3444,2863,1
4430,5232,1
2347,1655,1
2997,2507,1
4522,4033,1
2191,891,1
1205,1730,1
4377,3261,1
5127,6693,1
3444,5152,1
2652,2731,1
583,1064,1
1415,1676,1
1811,1141,1
3283,2575,1
3780,4031,1
718,638,1
669,5228,1
4160,3019,1
5539,4945,1
2062,2607,1
1653,3153,1
4430,6047,1
197,1651,1
1359,1363,1
284,735,1
632,381,1
1341,1976,1
5488,6770,1
3390,3529,1
221,620,1
76,1019,1
6587,6733,1
1031,1589,1
2459,575,1
701,988,1
118,3255,1
3746,4988,1
47,3301,1
3747,1585,1
129,690,1
5792,6850,1
2746,1493,1
4561,4822,1
1342,2698,1
1945,4077,1
5750,4835,1
947,972,1
3314,4981,1
1961,2127,1
422,5479,1
1995,1909,1
6355,6180,1
2044,5165,1
1050,3087,1
1748,1747,1
81,683,1
3654,4535,1
5129,7048,1
5275,3261,1
3189,5209,1
911,1150,1
3336,5050,1
24,217,1
1627,3647,1
2177,5117,1
2465,4131,1
2348,3255,1
2389,694,1
3444,6518,1
3929,4177,1
2388,3845,1
3150,4558,1
1415,2760,1
1471,2765,1
2421,1699,1
4616,5641,1
2055,2190,1
766,2580,1
2099,1669,1
3360,5317,1
1675,3475,1
4365,5058,1
10,1514,1
3261,3189,1
422,5141,1
284,2293,1
2180,2004,1
4430,3729,1
3746,2760,1
5571,6050,1
3811,6001,1
4426,4573,1
5786,4414,1
4979,14,1
2707,2815,1
5176,3701,1
1295,3019,1
3157,4131,1
422,4988,1
10,1184,1
792,1503,1
422,2621,1
1177,794,1
5750,4805,1
2425,3040,1
2373,2434,1
5107,6306,1
4116,5864,1
3407,2617,1
2179,2815,1
1450,1135,1
1415,4097,1
719,237,1
62,1168,1
6934,6986,1
1136,5996,1
1002,1903,1
2705,4424,1
2271,2048,1
3534,3033,1
160,580,1
4717,6619,1
1951,2600,1
48,3315,1
1373,1371,1
665,1028,1
776,2125,1
5686,4477,1
656,587,1
4897,5126,1
3453,3800,1
1471,2815,1
3152,3203,1
1106,1254,1
1221,1915,1
2359,2123,1
4444,5414,1
1894,2176,1
1653,5892,1
1420,1476,1
311,361,1
2048,2066,1
2348,1933,1
3306,4832,1
697,2740,1
575,405,1
117,832,1
4430,4648,1
78,4479,1
6965,4477,1
2705,3645,1
1811,553,1
1002,2746,1
2707,2233,1
1205,3444,1
4038,4606,1
5736,5138,1
2594,2691,1
4613,5641,1
4617,4310,1
4613,4910,1
967,1453,1
29,363,1
3722,3647,1
743,2756,1
1894,1795,1
6171,6830,1
422,3238,1
6029,6302,1
1303,1453,1
4477,5747,1
2706,2758,1
2224,3040,1
1478,1550,1
5827,6591,1
3314,2357,1
3212,4687,1
1909,2132,1
3990,5710,1
1034,2258,1
3138,5685,1
157,1793,1
609,857,1
3293,3059,1
917,857,1
6021,4970,1
2380,2379,1
1613,698,1
24,592,1
3140,4961,1
2584,2444,1
5123,3672,1
5587,6770,1
4257,3059,1
5769,4123,1
2107,2507,1
138,581,1
2177,2176,1
1485,2348,1
4810,4226,1
641,896,1
4542,6087,1
3140,6029,1
5459,3701,1
5563,6876,1
111,4217,1
1116,1471,1
2686,2759,1
5161,6050,1
1277,1366,1
1458,756,1
34,272,1
6156,7080,1
285,1131,1
6351,5800,1
6298,5827,1
2030,2328,1
1590,505,1
4430,1811,1
3598,3901,1
2263,2819,1
920,6165,1
6469,6510,1
5317,2600,1
615,883,1
972,1172,1
2425,2563,1
3313,4819,1
2164,5102,1
1811,2381,1
422,5966,1
2044,4118,1
111,1178,1
62,287,1
5769,4581,1
904,1940,1
5126,4219,1
318,4299,1
2766,3124,1
628,1790,1
3682,3334,1
5734,4149,1
2833,2507,1
3004,2666,1
1062,1366,1
1664,1393,1
4417,6380,1
1050,1106,1
2818,1627,1
3390,4606,1
70,50,1
3087,6686,1
697,6591,1
99,4508,1
345,1027,1
973,6146,1
5476,4672,1
32,379,1
4477,5490,1
1640,5731,1
6498,6595,1
57,2476,1
3672,3751,1
3143,669,1
3189,1838,1
2548,1828,1
2444,2099,1
2505,5240,1
6171,5131,1
917,1607,1
2680,4522,1
4606,4627,1
78,4805,1
2425,3054,1
3306,3134,1
888,1463,1
5236,4857,1
3303,2732,1
3716,4518,1
5534,5612,1
912,1271,1
10,2046,1
1699,1988,1
701,963,1
1420,2301,1
1404,1555,1
4430,2223,1
2395,2425,1
4664,4193,1
4618,4610,1
3240,4007,1
2233,2044,1
3150,5666,1
4150,4210,1
3977,4431,1
3307,3591,1
5239,4606,1
897,1259,1
1951,5027,1
5617,5228,1
4892,6833,1
4417,1372,1
3106,1420,1
4412,6024,1
2289,2617,1
1555,4233,1
2548,2970,1
2732,3531,1
3287,3870,1
5134,6181,1
2127,2507,1
2048,2044,1
1256,5117,1
656,2746,1
2750,2746,1
2294,1507,1
289,2250,1
307,138,1
292,271,1
822,1590,1
1319,1829,1
6034,6190,1
2689,2746,1
279,880,1
4430,5766,1
1609,1509,1
5219,14,1
2357,1542,1
4607,6953,1
3189,5179,1
5534,2956,1
20,394,1
4897,5892,1
3914,6789,1
5777,2398,1
3174,5641,1
1129,651,1
2070,2381,1
5820,5868,1
2062,2204,1
2044,3316,1
1471,3465,1
1256,5027,1
235,239,1
1420,2372,1
5159,5324,1
422,2492,1
5317,4627,1
50,410,1
48,118,1
2867,2381,1
1420,3487,1
4430,3315,1
4892,5767,1
1811,5153,1
285,2315,1
6180,5616,1
3719,2126,1
28,604,1
6674,7053,1
1366,2127,1
3655,6248,1
5488,6454,1
5248,5247,1
801,2980,1
719,3059,1
5782,4634,1
3148,3045,1
3113,3222,1
904,3347,1
4009,1960,1
2357,3465,1
141,815,1
2836,3059,1
801,3521,1
912,3242,1
2761,4424,1
1420,4164,1
5642,5641,1
5,1271,1
2062,2066,1
1014,1056,1
4684,5742,1
398,628,1
105,4801,1
2584,4606,1
1935,1584,1
2397,2366,1
2740,270,1
2327,2287,1
4603,4543,1
6388,4444,1
973,2829,1
3207,5395,1
2044,2759,1
604,739,1
6146,5493,1
2126,2209,1
111,2122,1
624,5414,1
776,1404,1
4032,4031,1
5686,4444,1
1681,2735,1
1256,5237,1
5127,4226,1
4244,5527,1
1640,1898,1
1363,1168,1
422,5539,1
2522,4350,1
4606,5149,1
48,26,1
1366,1724,1
1420,1661,1
3459,3842,1
1002,5317,1
981,2855,1
2673,6351,1
4430,5247,1
1062,5864,1
5329,4543,1
3985,2617,1
4556,669,1
5792,6686,1
54,783,1
1609,1961,1
5839,5420,1
2099,2740,1
1105,2004,1
4823,4720,1
10,1170,1
1890,2621,1
422,1467,1
8,227,1
2462,2790,1
2763,3444,1
3204,2430,1
3146,3541,1
6553,6595,1
3446,5109,1
641,1205,1
1938,2224,1
5129,5151,1
284,1060,1
2912,4226,1
28,2428,1
1267,6798,1
1032,1420,1
61,24,1
157,1568,1
111,2477,1
2123,1184,1
422,1898,1
3153,5747,1
133,330,1
2792,2767,1
1325,1480,1
1034,1637,1
3140,4456,1
1256,5141,1
3929,3459,1
3672,4177,1
4607,4272,1
3158,3153,1
1002,5236,1
3869,3248,1
1035,1829,1
1347,888,1
6146,6351,1
656,3134,1
1002,2976,1
4603,4930,1
3534,3624,1
3173,2980,1
2270,4508,1
1256,2711,1
6147,5706,1
3360,1351,1
5792,884,1
2461,2172,1
2761,2459,1
78,6619,1
2456,2059,1
144,381,1
3027,2366,1
5713,5733,1
1924,1420,1
5141,4226,1
575,898,1
4149,3581,1
2348,1080,1
6383,6026,1
641,1278,1
2673,4543,1
6574,5867,1
1578,2172,1
4300,4850,1
1277,154,1
1192,1594,1
529,340,1
5136,5087,1
1900,1676,1
2572,3719,1
1835,2048,1
1136,891,1
510,306,1
3038,698,1
669,5127,1
10,1272,1
4410,3495,1
1761,2071,1
5792,6107,1
36,239,1
51,474,1
126,234,1
6142,6752,1
3681,2607,1
1032,3387,1
2854,2381,1
2442,962,1
6019,6479,1
119,1208,1
1471,1298,1
2617,2476,1
3701,5153,1
3678,3956,1
713,1330,1
5043,4443,1
6649,6087,1
1259,1066,1
2090,3453,1
4477,5405,1
2202,3150,1
221,163,1
5616,4226,1
25,320,1
3159,2017,1
2705,3818,1
5870,2348,1
1277,1890,1
3618,4068,1
10,1631,1
3087,5555,1
3144,2863,1
1272,270,1
952,644,1
6300,6737,1
1585,5480,1
1408,1669,1
6171,5493,1
3149,1192,1
1547,1503,1
2301,2357,1
1018,1096,1
2465,2459,1
29,1296,1
241,6479,1
34,512,1
723,1459,1
1256,4518,1
3977,2158,1
1099,1480,1
5672,5376,1
5401,5769,1
6151,6180,1
1420,2057,1
5989,6190,1
1032,4059,1
2752,3046,1
1844,2764,1
4892,5892,1
938,571,1
964,963,1
3643,5742,1
2126,3193,1
3653,318,1
2548,2122,1
1664,2761,1
4172,3154,1
5116,4607,1
2172,2099,1
725,947,1
2617,4217,1
1268,1503,1
502,2396,1
3097,3306,1
1056,1661,1
7,615,1
1418,1937,1
2781,2427,1
6405,5330,1
5272,6861,1
1664,1814,1
1553,1937,1
2204,3040,1
3313,3445,1
1555,1613,1
4210,3849,1
4430,3488,1
5786,3153,1
5131,6380,1
1415,2177,1
1415,4656,1
1420,2176,1
1625,1351,1
422,4700,1
4177,6777,1
167,3320,1
129,76,1
10,1343,1
4477,3551,1
4618,4587,1
638,4787,1
5127,6413,1
424,64,1
1277,3845,1
1615,2698,1
1131,846,1
1123,1056,1
647,896,1
1374,1063,1
6055,6546,1
3449,3901,1
9,690,1
2126,2575,1
1366,1060,1
5102,3153,1
2282,2975,1
3580,4299,1
5146,3189,1
5534,5668,1
4892,4272,1
4082,5109,1
857,1143,1
4541,3904,1
2153,2976,1
2267,4149,1
874,237,1
912,4822,1
452,64,1
2270,3861,1
2457,3848,1
1487,3252,1
310,1376,1
1062,4535,1
54,76,1
2127,2004,1
253,512,1
3854,1593,1
68,588,1
6674,4477,1
2750,1761,1
3678,1507,1
34,139,1
3911,3619,1
1747,1796,1
3360,5209,1
3140,5141,1
2643,2226,1
3152,3320,1
1168,2592,1
6214,5534,1
29,320,1
188,306,1
3718,2091,1
1420,4823,1
10,3627,1
755,575,1
2746,2765,1
164,889,1
857,2880,1
1233,1790,1
6916,5800,1
4677,3997,1
4491,3873,1
755,2405,1
7,150,1
735,1042,1
1669,3316,1
1689,1676,1
490,696,1
2127,369,1
888,1048,1
1945,2018,1
1894,2980,1
5539,5770,1
1059,1258,1
1105,733,1
3053,5102,1
2323,2287,1
1246,6722,1
2756,2648,1
2343,2291,1
1555,2980,1
112,1427,1
4412,3465,1
6161,6024,1
4377,4558,1
3444,6335,1
3446,5167,1
1424,1386,1
4910,6334,1
912,1940,1
6496,5925,1
4109,3059,1
5127,5073,1
2463,1267,1
5138,5588,1
4310,5165,1
6734,3410,1
112,7,1
1578,2349,1
983,398,1
5867,5612,1
2575,2294,1
1547,2032,1
1559,4730,1
5581,5563,1
2373,1950,1
19,203,1
4599,5548,1
3313,2584,1
2348,3787,1
1001,14,1
2707,4648,1
1951,5075,1
2463,2872,1
2348,2842,1
6632,2030,1
2395,4275,1
4445,2533,1
306,253,1
4819,4576,1
157,945,1
6634,6001,1
5129,6614,1
5147,6693,1
2818,3885,1
5786,2540,1
908,724,1
3398,3457,1
2697,2123,1
1731,2371,1
1062,669,1
159,869,1
4108,4172,1
2763,1605,1
6096,6737,1
2475,3034,1
1034,910,1
2395,2506,1
96,320,1
2048,2790,1
5116,4892,1
1477,1830,1
3314,5426,1
1256,4066,1
1835,1415,1
2572,2746,1
5571,5996,1
1478,1745,1
3596,2673,1
5143,4801,1
3189,7036,1
1900,1924,1
277,937,1
4910,4559,1
111,4226,1
638,2761,1
1131,1892,1
4676,4672,1
3143,4636,1
2758,1184,1
1035,1898,1
632,341,1
4256,4621,1
6050,6637,1
2779,3176,1
2557,2556,1
2939,3108,1
1408,2291,1
1370,521,1
966,2897,1
2975,2430,1
48,848,1
1370,827,1
4522,6833,1
1034,2122,1
277,645,1
1629,1988,1
5123,5292,1
6154,6733,1
1554,1897,1
2323,2396,1
2166,1664,1
4624,14,1
5218,6770,1
76,1398,1
4604,3153,1
4522,4444,1
3676,3242,1
3150,3926,1
6709,6916,1
502,2373,1
1244,2371,1
580,1088,1
4617,2079,1
1244,1594,1
159,909,1
2767,2507,1
2261,1924,1
898,1113,1
2548,1493,1
576,270,1
2371,1393,1
746,739,1
4897,4867,1
665,4787,1
910,292,1
1890,1476,1
857,1370,1
4310,4561,1
2457,2467,1
528,4233,1
626,2815,1
4720,2191,1
4463,5141,1
862,901,1
1473,1503,1
934,1320,1
6067,884,1
2503,3295,1
5176,4910,1
609,941,1
3053,5743,1
5149,5983,1
4430,5430,1
2177,3644,1
801,3997,1
2707,4097,1
99,2166,1
2357,5431,1
698,933,1
5307,3306,1
6574,4366,1
3681,3306,1
2575,3242,1
54,332,1
4443,4999,1
54,2343,1
5889,5904,1
2177,2209,1
373,379,1
4612,3885,1
917,1172,1
2798,2838,1
2697,1156,1
1590,2377,1
3106,3147,1
3985,3581,1
1804,1432,1
4226,6149,1
3109,1933,1
4222,4605,1
857,1056,1
2431,3146,1
2772,2872,1
578,1892,1
10,634,1
1277,1901,1
3004,3751,1
885,1266,1
3287,3842,1
5141,5129,1
2768,2425,1
695,4999,1
980,957,1
4477,4924,1
41,1172,1
3146,3189,1
4077,4431,1
4149,6399,1
3990,6619,1
99,2758,1
2738,2522,1
93,64,1
6574,4444,1
2127,1184,1
4445,4672,1
5586,2540,1
1062,5152,1
4632,5224,1
1314,1064,1
6176,4696,1
1080,698,1
3496,3109,1
48,719,1
5695,5978,1
3273,3316,1
910,2349,1
1205,2976,1
3654,4129,1
2224,2555,1
2378,2738,1
674,6726,1
1811,2566,1
3156,1192,1
4208,3845,1
3587,5766,1
983,826,1
904,2893,1
3146,3150,1
6156,5139,1
1314,1450,1
5430,4489,1
111,2580,1
2348,2048,1
2444,4463,1
28,883,1
1062,5375,1
76,797,1
1168,1244,1
29,161,1
2348,2394,1
1681,3152,1
2245,2226,1
718,898,1
674,62,1
2428,4193,1
197,604,1
3548,4602,1
3596,2908,1
3106,2533,1
6914,6777,1
1559,3169,1
29,387,1
4031,4283,1
500,498,1
2790,2838,1
12,239,1
934,1299,1
133,356,1
4804,4066,1
4522,4573,1
3655,2295,1
2825,2323,1
1233,1534,1
642,1734,1
912,1284,1
36,24,1
1485,1260,1
3495,2064,1
1116,533,1
692,719,1
3444,2064,1
2202,6598,1
1420,1559,1
1262,1278,1
33,196,1
1669,5146,1
10,2864,1
5800,7021,1
2100,1176,1
4897,4559,1
5,358,1
1106,693,1
3059,4031,1
2330,3287,1
294,1542,1
4417,2956,1
292,1021,1
2746,2975,1
111,4172,1
99,2071,1
6196,6510,1
2343,5019,1
2348,2389,1
2330,2621,1
1876,944,1
5,876,1
1233,1473,1
2465,4098,1
2431,3904,1
5735,4222,1
3701,5916,1
2680,1761,1
1032,6752,1
5043,5537,1
917,1450,1
1624,2224,1
4098,3702,1
3444,5497,1
1736,4573,1
5474,6056,1
4559,1972,1
5488,5613,1
1256,4854,1
19,27,1
3465,669,1
5146,5375,1
1458,892,1
2652,1613,1
967,1141,1
157,695,1
4389,3644,1
640,237,1
1171,1568,1
904,2477,1
4386,2747,1
3140,2126,1
5,310,1
2466,6861,1
422,5668,1
510,254,1
2427,2997,1
6180,6986,1
1062,3295,1
2457,2761,1
157,1463,1
951,1063,1
3109,2787,1
2425,4097,1
1050,962,1
3733,3972,1
1938,1793,1
4485,3045,1
2841,3034,1
1895,1578,1
76,4217,1
1640,1793,1
1824,1486,1
4548,5224,1
4607,4924,1
2465,2604,1
5286,6653,1
4827,4648,1
6914,6991,1
216,1723,1
284,653,1
6198,6195,1
3464,4118,1
1938,1562,1
1593,5921,1
2172,4672,1
546,2032,1
195,683,1
1799,1796,1
7104,6307,1
756,1924,1
1032,4552,1
93,2617,1
2457,2430,1
2323,1961,1
1306,1824,1
3997,698,1
6620,6619,1
3314,5534,1
1002,2546,1
1731,1405,1
6492,5209,1
1366,1398,1
281,896,1
5489,3508,1
6703,6850,1
2892,2732,1
169,580,1
2425,3763,1
2348,6916,1
1205,1724,1
5176,5194,1
2763,3152,1
1105,1064,1
1244,1795,1
1418,1802,1
1891,1174,1
6296,6585,1
4566,4823,1
5145,4195,1
1668,3147,1
2816,2270,1
3150,5167,1
3441,2382,1
285,1898,1
2385,2122,1
4617,1972,1
2763,5179,1
1266,2465,1
4180,4108,1
6019,4350,1
6638,3644,1
818,2522,1
99,3701,1
3716,1950,1
3654,3453,1
3009,3679,1
1314,1566,1
78,2071,1
3776,1197,1
4417,4687,1
6560,4444,1
3146,3763,1
765,763,1
19,428,1
3594,4610,1
3204,2471,1
2620,3452,1
5602,6693,1
5138,6190,1
2814,1892,1
2191,2018,1
4897,5827,1
1180,1184,1
5354,5293,1
2348,4164,1
2742,3238,1
1471,1669,1
727,1421,1
1593,2158,1
1900,1793,1
4543,6015,1
28,827,1
6152,2956,1
5672,6403,1
133,838,1
3653,3128,1
1049,1205,1
2707,3644,1
1345,1555,1
3170,2270,1
755,2683,1
1420,4097,1
1214,51,1
1415,5688,1
3722,2908,1
3449,3781,1
3746,3719,1
2261,575,1
1471,1514,1
4616,2956,1
3465,5742,1
718,1332,1
1420,3138,1
4430,3124,1
1458,1814,1
4676,4222,1
1356,1520,1
1297,1448,1
10,2010,1
4377,3124,1
2425,3555,1
285,1294,1
956,1343,1
669,6001,1
3212,2430,1
1736,1924,1
6056,6064,1
5270,3306,1
1256,6001,1
680,683,1
1456,1064,1
32,573,1
743,2566,1
5127,5512,1
5309,5710,1
4555,1655,1
4098,5330,1
982,5733,1
157,1066,1
4004,3873,1
3336,4177,1
159,1989,1
1432,2371,1
1984,1456,1
5641,5735,1
4897,4068,1
1828,1235,1
6213,3644,1
502,733,1
6786,6830,1
3848,4171,1
2204,3203,1
697,4656,1
3490,4226,1
2785,3160,1
1924,5050,1
7085,3981,1
5827,6190,1
1415,6026,1
105,5376,1
61,309,1
2787,2976,1
1193,743,1
912,1584,1
2263,1295,1
1949,2293,1
4412,3873,1
973,1063,1
2746,2372,1
2166,2371,1
1063,1366,1
3319,3301,1
23,1589,1
5539,6351,1
697,4403,1
888,1635,1
5713,6699,1
902,2617,1
3313,6064,1
3654,3019,1
5138,5401,1
973,1655,1
955,2621,1
1900,656,1
1056,1706,1
917,1461,1
769,855,1
891,2467,1
3807,4097,1
1483,1306,1
1828,4233,1
1737,1805,1
1002,2377,1
4615,5198,1
4226,5127,1
2,64,1
1900,2219,1
1062,1961,1
6096,6026,1
2518,4118,1
5148,1235,1
3172,3096,1
749,505,1
1420,853,1
4690,4822,1
5043,5766,1
3314,6598,1
982,3004,1
1471,1646,1
5928,5293,1
4854,4118,1
778,3007,1
5771,5209,1
133,2377,1
5286,5586,1
4892,6001,1
4377,6733,1
4149,6060,1
285,3521,1
3143,2760,1
5782,5742,1
3058,2366,1
2030,4477,1
157,780,1
5292,6510,1
7058,6302,1
1811,1493,1
776,5282,1
4468,4525,1
87,1372,1
5236,4979,1
1747,2128,1
3330,1054,1
4617,5479,1
3225,2315,1
6611,6415,1
3988,2617,1
5769,6667,1
4098,5256,1
697,5767,1
4587,3997,1
4892,3460,1
107,774,1
19,6667,1
2467,4827,1
6171,6087,1
1464,1500,1
6638,6861,1
2790,2435,1
4607,4988,1
6405,6991,1
591,1937,1
3682,2997,1
61,6056,1
697,755,1
3871,3873,1
2272,2381,1
1761,270,1
956,695,1
2390,5375,1
10,1113,1
3444,3926,1
2425,1613,1
1394,3452,1
2620,1933,1
93,5185,1
157,1332,1
1192,2787,1
718,1669,1
1420,4628,1
4522,6598,1
3495,5405,1
6147,6502,1
2742,2740,1
345,680,1
6009,7027,1
4830,2815,1
4077,1960,1
4596,4924,1
155,3295,1
5859,4414,1
2690,2357,1
1351,6195,1
912,2294,1
4310,5194,1
1820,1156,1
5617,5706,1
4892,6693,1
5572,5590,1
1984,2533,1
2261,1699,1
5123,5127,1
23,2125,1
3058,3147,1
3455,2756,1
4576,3541,1
2758,2697,1
3143,4813,1
972,2356,1
1062,1669,1
5705,4672,1
4919,6998,1
801,3248,1
5286,6195,1
163,653,1
5292,5668,1
1578,3508,1
6028,6203,1
801,3045,1
801,2389,1
4892,4952,1
5870,2600,1
719,725,1
3930,1589,1
2395,1984,1
1420,6195,1
1256,3904,1
1761,2058,1
5136,5282,1
6151,5867,1
4608,3261,1
4149,6722,1
1811,2032,1
2762,2872,1
1192,2697,1
2260,2435,1
910,1550,1
1627,5026,1
5750,5966,1
1828,3939,1
2132,2381,1
2996,2430,1
2294,1830,1
2335,1515,1
118,4822,1
3390,2427,1
2366,2372,1
32,381,1
1263,2476,1
910,2053,1
2738,3939,1
1375,1349,1
5443,14,1
502,568,1
681,2127,1
5403,4801,1
546,3901,1
4676,2815,1
2617,2127,1
5317,5921,1
1811,2087,1
2431,3971,1
2705,2673,1
5512,4924,1
719,4656,1
28,3691,1
3811,3059,1
2997,3867,1
5625,5624,1
546,571,1
1370,2366,1
2077,2074,1
1356,1651,1
134,724,1
870,571,1
6741,3410,1
938,2177,1
6810,4634,1
450,64,1
1566,1664,1
2123,669,1
284,277,1
2338,2535,1
1168,1365,1
1370,3956,1
536,554,1
945,1358,1
3302,1892,1
743,3495,1
5742,5921,1
5151,4068,1
945,910,1
4541,6350,1
1478,862,1
2447,767,1
1966,1956,1
106,1803,1
4602,669,1
2301,3347,1
422,5153,1
5612,6123,1
641,1253,1
1172,3150,1
4180,4033,1
2330,2732,1
4430,5800,1
5161,5782,1
5782,6526,1
5042,3004,1
1824,1830,1
1268,1060,1
2250,4272,1
6096,4522,1
2682,2871,1
1370,215,1
2997,3861,1
6703,6830,1
3692,3147,1
284,495,1
69,598,1
6415,6585,1
10,1610,1
4910,4261,1
3580,3148,1
6414,6608,1
1835,51,1
5138,767,1
3248,1130,1
3377,2842,1
1244,2546,1
3360,3997,1
4950,5537,1
1035,1116,1
669,3303,1
1996,4123,1
3212,4472,1
2152,1156,1
5043,5747,1
10,262,1
5669,5153,1
1062,3521,1
2680,3109,1
3143,5125,1
1763,1295,1
7072,6307,1
4430,3486,1
1244,2071,1
4603,2584,1
4467,4569,1
2774,2062,1
404,768,1
2584,6024,1
640,1519,1
4618,5857,1
1420,2379,1
2330,1759,1
422,2455,1
947,956,1
6192,6190,1
28,25,1
3248,3690,1
3087,5430,1
200,356,1
16,535,1
1420,2405,1
281,604,1
4468,553,1
3097,2017,1
4673,3124,1
576,2270,1
3441,2191,1
1935,1933,1
4788,5534,1
5516,5317,1
4149,4033,1
3904,4489,1
3097,3465,1
2055,4773,1
1672,1761,1
1370,2124,1
4576,5733,1
3746,3818,1
2348,6991,1
1464,1519,1
4064,14,1
4374,2521,1
2,591,1
4261,5742,1
5132,5929,1
3986,6064,1
576,1143,1
3128,2163,1
2166,2123,1
2347,2471,1
4427,6281,1
1650,1420,1
1063,2459,1
3313,5155,1
638,1892,1
2767,2571,1
47,3248,1
1351,827,1
6720,6332,1
3248,2389,1
697,5324,1
1650,2018,1
1366,1408,1
3444,3541,1
6690,6107,1
1192,2511,1
155,4287,1
4892,4149,1
3168,4031,1
559,495,1
1890,762,1
4607,6598,1
2763,4996,1
204,24,1
1420,2343,1
3986,6084,1
422,4335,1
1763,1566,1
951,1450,1
1366,3651,1
2151,1649,1
2890,4787,1
2209,1584,1
2323,1795,1
2163,1803,1
697,1404,1
2457,1853,1
2048,2352,1
4616,4213,1
1084,1082,1
2617,3034,1
3087,4672,1
1348,1706,1
756,4828,1
735,1208,1
3574,3591,1
67,546,1
801,2296,1
2431,6819,1
4377,4508,1
1924,2315,1
912,588,1
7,649,1
3328,5126,1
2087,1493,1
422,2587,1
6417,5868,1
1487,2123,1
155,2872,1
1502,1903,1
1420,2506,1
4616,4892,1
7,227,1
1804,1174,1
1393,1358,1
6351,6752,1
1763,2372,1
2742,2487,1
4068,3807,1
2781,2017,1
3152,3519,1
1050,6123,1
4556,4832,1
4489,4499,1
3084,3242,1
801,4007,1
5769,6335,1
701,1330,1
4283,4177,1
2798,1761,1
1088,807,1
4542,6335,1
3854,4077,1
3146,2518,1
1420,2580,1
4374,1192,1
5325,4256,1
5127,6998,1
270,1661,1
253,1021,1
1458,807,1
1235,1288,1
2458,1984,1
3163,2315,1
4330,2044,1
560,254,1
3654,3581,1
743,1459,1
119,76,1
780,1332,1
4616,4687,1
5300,3765,1
529,547,1
3444,1655,1
6029,5868,1
4616,5152,1
1555,1594,1
1124,270,1
4975,4164,1
64,139,1
1002,1898,1
1002,2163,1
2431,698,1
974,3800,1
2617,3002,1
1950,3867,1
2099,553,1
4613,5514,1
792,1386,1
1035,2294,1
1235,1607,1
321,320,1
4773,7068,1
3077,2127,1
4463,4656,1
1050,1035,1
2442,321,1
2290,2658,1
3480,4996,1
1256,6149,1
6780,4477,1
2037,2204,1
1640,2980,1
4591,4827,1
4906,4222,1
1194,588,1
2810,3248,1
165,2296,1
62,910,1
62,1028,1
5042,4981,1
279,281,1
480,3452,1
972,1183,1
4616,5854,1
4283,6598,1
765,822,1
1640,2740,1
2705,2348,1
2079,3956,1
344,342,1
1818,3059,1
3314,5026,1
1922,1418,1
604,682,1
4522,4310,1
2200,1676,1
3387,2850,1
193,684,1
422,3045,1
99,5237,1
4522,4456,1
4261,4222,1
6110,5921,1
1233,1611,1
5633,5292,1
5470,6180,1
87,5139,1
216,1704,1
1370,1745,1
112,4518,1
917,922,1
3731,5247,1
1394,3160,1
1818,2838,1
1615,971,1
2334,2546,1
1951,3818,1
680,2296,1
576,1095,1
2342,694,1
2202,5050,1
3701,4033,1
2465,2289,1
9,603,1
2680,4031,1
2323,1924,1
253,680,1
2461,3055,1
155,1420,1
3207,4052,1
4417,4286,1
3716,1130,1
5155,5198,1
294,3280,1
5131,6180,1
1141,2124,1
2705,4118,1
917,2010,1
5571,5586,1
2586,2166,1
3058,3406,1
575,5554,1
1408,3630,1
5222,5735,1
3800,4558,1
2270,3627,1
628,1699,1
1034,588,1
1106,1664,1
5354,6056,1
3146,4079,1
4892,2431,1
4603,2064,1
1098,1061,1
99,2756,1
1891,2258,1
3087,5149,1
119,815,1
36,780,1
1221,1851,1
99,5050,1
680,972,1
910,1919,1
5149,6613,1
1477,1106,1
3799,2091,1
3465,6598,1
2294,2583,1
4374,5165,1
1303,1463,1
828,405,1
1806,1793,1
701,2465,1
2099,6248,1
1050,4892,1
1672,2372,1
589,640,1
1268,892,1
638,1349,1
917,853,1
2617,2370,1
2600,2270,1
1658,4823,1
3807,3653,1
10,163,1
755,2819,1
778,2397,1
2270,2760,1
3053,4427,1
112,3644,1
1471,2580,1
254,130,1
912,1793,1
5970,5967,1
3807,4517,1
756,2044,1
4919,5292,1
2126,1627,1
3174,3581,1
138,167,1
3286,4431,1
6152,6926,1
1578,51,1
132,521,1
3990,7029,1
1248,2348,1
3059,3331,1
1184,891,1
3615,3334,1
1131,910,1
2818,2584,1
32,48,1
2330,5075,1
422,6413,1
6091,5933,1
735,3134,1
6787,6830,1
5102,3984,1
422,3541,1
3587,2191,1
48,1629,1
2463,3255,1
1468,1094,1
373,2752,1
3140,4832,1
2762,1464,1
4616,3303,1
4819,5126,1
4857,5027,1
2459,2087,1
3150,2348,1
2798,2604,1
6640,7053,1
3156,3580,1
2099,3331,1
2463,5141,1
5181,4672,1
5105,4414,1
490,1184,1
6055,6591,1
640,1370,1
1156,1205,1
4522,4403,1
692,1124,1
5151,4610,1
1374,1578,1
2463,4261,1
3273,2124,1
1431,6776,1
2506,3521,1
6900,5330,1
5881,2540,1
251,2438,1
118,3347,1
1062,2970,1
576,1568,1
801,2127,1
3280,5029,1
392,254,1
285,1420,1
4315,3885,1
1942,910,1
4603,2829,1
2063,3518,1
5534,4068,1
2290,4676,1
2043,2487,1
3084,2191,1
718,1061,1
449,262,1
1192,168,1
3053,669,1
4897,4777,1
1235,693,1
735,1294,1
1131,2492,1
281,2855,1
28,1253,1
284,1332,1
1088,972,1
1050,2604,1
3159,2315,1
5141,5153,1
422,1172,1
3654,4007,1
2425,2124,1
1142,1059,1
638,1923,1
6019,6038,1
41,320,1
1530,1706,1
6156,6986,1
3348,2787,1
719,2044,1
163,4787,1
1763,3488,1
251,383,1
718,2451,1
993,1050,1
3942,5904,1
3149,3542,1
4776,4808,1
1017,2349,1
1277,1742,1
5007,4164,1
6683,3087,1
1343,2291,1
3446,4656,1
2706,3160,1
2463,2323,1
5921,5493,1
1979,944,1
4477,2398,1
4417,4636,1
4892,4213,1
422,1790,1
697,2048,1
3140,4177,1
81,24,1
4842,4587,1
3087,5092,1
743,2764,1
1256,2343,1
3143,3581,1
2973,4787,1
3212,3563,1
6574,6647,1
24,658,1
28,3134,1
2055,6351,1
5132,5232,1
2995,5050,1
4366,6598,1
1259,1459,1
4604,3261,1
1984,1924,1
5941,5105,1
2996,5050,1
294,270,1
4033,5688,1
2561,2381,1
640,1365,1
422,6686,1
404,4499,1
2707,4872,1
2478,2790,1
2090,2506,1
1613,1370,1
2357,51,1
681,3280,1
335,474,1
1894,2847,1
1835,1014,1
3990,6637,1
983,237,1
3360,6437,1
1050,6161,1
1061,774,1
6674,3981,1
294,1829,1
2867,2758,1
1027,1676,1
157,2145,1
32,7,1
604,901,1
1056,1493,1
533,2169,1
67,668,1
241,669,1
1376,1695,1
4310,4648,1
4460,4459,1
3807,2831,1
10,1183,1
4543,4605,1
1682,1061,1
896,1984,1
2177,4552,1
718,2465,1
19,1235,1
2099,2430,1
1458,1745,1
1890,910,1
3109,4061,1
4915,5330,1
3150,2995,1
1256,6512,1
1262,794,1
1844,1062,1
2919,2457,1
3146,4541,1
2742,4261,1
4552,4952,1
6300,6619,1
3488,3904,1
5116,3649,1
5918,6123,1
701,896,1
138,600,1
1034,2287,1
52,592,1
29,316,1
3087,6230,1
1366,2057,1
1268,864,1
981,1658,1
588,1453,1
2525,2560,1
1370,1810,1
2799,6029,1
2707,4031,1
3643,6916,1
912,1237,1
2159,2465,1
1256,936,1
328,405,1
4613,5966,1
6414,6613,1
864,2583,1
1701,1924,1
3314,4852,1
4700,4627,1
285,2516,1
779,76,1
3935,2850,1
4618,2584,1
1949,1485,1
4606,5735,1
3261,3045,1
1420,1640,1
172,489,1
794,2583,1
3450,756,1
2366,2127,1
2783,2425,1
1615,1237,1
133,1215,1
3013,3109,1
3222,1130,1
5149,5799,1
2995,6693,1
157,735,1
756,5490,1
2503,2580,1
4613,5292,1
2767,3203,1
2151,874,1
4897,2223,1
2475,2455,1
719,5087,1
5586,5800,1
4507,4164,1
743,3842,1
6155,6686,1
1061,2746,1
285,6598,1
1664,1830,1
3280,2127,1
3004,2373,1
698,6405,1
3703,6537,1
4336,2044,1
317,254,1
157,498,1
3248,2063,1
23,2465,1
3084,2099,1
3305,2980,1
6155,6332,1
340,62,1
5176,5767,1
4261,4628,1
5274,4606,1
1024,1830,1
495,210,1
5929,6585,1
4943,5155,1
4607,6518,1
1568,4097,1
888,1611,1
23,3320,1
1034,807,1
294,3406,1
1420,2742,1
4607,4892,1
5512,5138,1
2179,6546,1
2229,2226,1
3701,5209,1
3140,6180,1
2348,2476,1
1050,2511,1
3979,3134,1
1949,2169,1
3280,4910,1
954,1205,1
5713,6774,1
3580,6598,1
24,50,1
904,3109,1
2224,2560,1
3059,2740,1
1172,1585,1
1416,1568,1
1801,1770,1
3314,4287,1
1935,3203,1
294,665,1
3086,2090,1
875,680,1
2382,4648,1
128,581,1
23,785,1
2916,1589,1
769,1579,1
2738,3387,1
5769,6733,1
1981,1184,1
3314,5247,1
3314,2522,1
1420,2451,1
419,24,1
1156,5668,1
6229,2295,1
8,22,1
5792,5237,1
3009,6056,1
1938,2394,1
3313,5073,1
701,309,1
1374,2123,1
1168,1635,1
4897,5933,1
4064,817,1
1420,1584,1
904,6755,1
896,1370,1
4607,5800,1
4613,5127,1
1835,2855,1
697,5185,1
2746,3866,1
5042,4672,1
697,1485,1
5127,4463,1
891,3644,1
3,591,1
5126,5782,1
743,405,1
6302,6733,1
1547,1515,1
1080,1839,1
768,933,1
591,1471,1
5534,5132,1
1096,1363,1
1192,3034,1
718,2732,1
5671,5668,1
5783,5149,1
6173,6993,1
3394,5152,1
2166,1330,1
2467,3168,1
4552,4892,1
4824,884,1
2712,3169,1
4417,4118,1
604,634,1
4543,5687,1
5123,5149,1
3885,3316,1
4699,3124,1
640,1375,1
5058,3315,1
4979,817,1
2545,1924,1
48,852,1
5292,4256,1
801,2997,1
2866,7062,1
1366,1503,1
3248,2742,1
4612,1141,1
795,1890,1
2761,3252,1
4066,4226,1
3654,2669,1
112,6613,1
4792,3649,1
1940,2467,1
2756,2425,1
1035,62,1
2457,2372,1
5547,7027,1
755,875,1
2342,2348,1
4617,5293,1
3854,3541,1
2250,5747,1
2810,3685,1
4897,6173,1
2459,2163,1
713,1892,1
2447,6139,1
28,1028,1
1349,794,1
1306,822,1
263,4233,1
5730,2680,1
2159,1566,1
5391,2398,1
286,628,1
6405,5131,1
4548,5616,1
1420,2516,1
2345,1795,1
3286,2466,1
2431,5127,1
3546,3316,1
5185,5827,1
2431,5612,1
6009,6585,1
4606,5145,1
238,676,1
2177,5050,1
5547,6608,1
38,6180,1
2850,2270,1
3653,3624,1
1900,1664,1
2548,2017,1
5488,3585,1
4624,5222,1
1266,3763,1
3495,4097,1
846,1956,1
2357,5065,1
1056,1816,1
4892,4287,1
719,1805,1
2370,2169,1
340,820,1
284,29,1
4857,4870,1
5736,5236,1
1019,1559,1
5123,6546,1
2463,2666,1
1477,4118,1
680,6920,1
5539,5687,1
3153,2079,1
2233,6809,1
5123,5688,1
801,3904,1
3287,2172,1
4892,6614,1
130,312,1
3446,4648,1
4616,4489,1
2725,3444,1
4477,2273,1
130,332,1
5138,5742,1
38,876,1
1078,1115,1
232,28,1
4522,5688,1
47,1933,1
2357,6038,1
1664,1260,1
2061,2128,1
5782,4414,1
1193,2787,1
4613,5983,1
4607,2521,1
6709,6705,1
155,1062,1
2467,5194,1
5360,4817,1
6390,3153,1
3654,5395,1
111,2017,1
4543,4477,1
1056,755,1
154,1363,1
642,489,1
2071,4828,1
499,812,1
2377,1951,1
4361,5092,1
669,5480,1
5680,4654,1
1032,3320,1
2549,2099,1
6146,6203,1
2813,1853,1
3267,2575,1
864,5966,1
669,6598,1
2707,4656,1
695,668,1
154,207,1
2164,2191,1
253,511,1
5043,4648,1
1256,6538,1
4587,2466,1
2179,2995,1
5514,4479,1
61,5,1
6914,7048,1
3394,4787,1
64,7,1
6029,5207,1
285,2815,1
5695,5738,1
3150,2765,1
857,383,1
1421,3464,1
4310,5395,1
2476,2657,1
2037,1699,1
4315,4108,1
157,1952,1
4614,4414,1
4897,4945,1
3643,3150,1
202,388,1
310,28,1
5998,5127,1
3173,2017,1
1424,2560,1
993,1829,1
2752,3195,1
2767,1589,1
2164,5747,1
285,1835,1
285,1562,1
4751,3541,1
2329,2546,1
2832,1176,1
4617,5132,1
305,5075,1
5488,6084,1
0,554,1
2457,2732,1
862,641,1
1447,2434,1
4888,3781,1
1630,1386,1
546,2764,1
253,292,1
1931,1290,1
1259,947,1
755,1515,1
6405,142,1
4762,5050,1
2043,2046,1
289,674,1
28,588,1
2547,2063,1
6720,6107,1
5105,5236,1
4078,2815,1
1801,1796,1
1449,1448,1
3587,5420,1
1156,1909,1
4617,5198,1
1949,2123,1
2620,2123,1
362,4892,1
1105,3555,1
87,2348,1
5651,5864,1
10,1956,1
4491,4517,1
1256,5330,1
294,640,1
4984,4910,1
28,14,1
6218,3644,1
4463,4945,1
2290,2038,1
1050,2063,1
1811,4808,1
910,1890,1
1814,2132,1
186,3059,1
292,906,1
5695,5770,1
365,4700,1
2463,5027,1
1970,1968,1
2430,3252,1
4892,6050,1
2099,428,1
1452,1096,1
1178,1371,1
2080,4787,1
1566,2746,1
2463,4517,1
944,1681,1
4640,2956,1
5411,4912,1
2209,2169,1
1938,2563,1
1448,1450,1
4039,3189,1
6817,6953,1
6335,3981,1
2078,2125,1
1143,3096,1
1365,1453,1
4561,4479,1
1050,1803,1
105,7109,1
2463,2867,1
4555,4286,1
927,1258,1
1050,1418,1
3155,3140,1
2377,2690,1
2758,3999,1
1699,1643,1
2463,4979,1
292,1450,1
1471,762,1
3739,14,1
6176,3679,1
2707,4672,1
5309,4456,1
3106,3138,1
1731,2394,1
2814,6789,1
3149,3653,1
2967,575,1
311,922,1
3004,2790,1
2425,4528,1
2742,2126,1
3087,6479,1
534,29,1
4098,3150,1
2476,2790,1
2261,1515,1
1095,1493,1
1718,2471,1
184,495,1
5153,4961,1
1949,2287,1
254,1463,1
1473,1131,1
2707,6173,1
2425,2389,1
911,2908,1
1951,2057,1
4604,4672,1
5522,6585,1
3146,4217,1
4901,5050,1
697,2169,1
3595,3331,1
133,983,1
2467,4118,1
2607,1627,1
1394,2427,1
3786,3825,1
4892,5129,1
697,6429,1
422,3286,1
112,7109,1
3314,5117,1
1014,1136,1
23,820,1
753,624,1
1928,4007,1
144,911,1
1853,2405,1
5586,6024,1
3444,7070,1
3039,2617,1
1471,3825,1
4098,5539,1
3596,3781,1
3649,5375,1
152,32,1
2464,575,1
1040,3347,1
3587,2799,1
1415,5488,1
1166,1027,1
47,14,1
1619,5155,1
3654,4559,1
4603,4286,1
971,855,1
1259,4787,1
3151,2761,1
1669,2427,1
9,618,1
1256,1908,1
3152,4033,1
186,3901,1
2507,2127,1
2044,3301,1
7107,7109,1
3143,5152,1
78,7063,1
1262,888,1
6324,1820,1
2975,2908,1
697,2471,1
142,6056,1
4824,6733,1
2790,3148,1
756,3330,1
1555,3651,1
1363,1829,1
2705,2062,1
3286,669,1
6084,6180,1
683,405,1
697,5155,1
48,546,1
3914,6876,1
701,287,1
1268,1629,1
2444,1295,1
4537,4535,1
3314,4522,1
6741,6820,1
3316,1176,1
4788,4672,1
2064,2970,1
5133,1811,1
3173,3203,1
6469,6306,1
1050,3457,1
5586,5928,1
1763,1584,1
5129,2431,1
4164,3649,1
1370,1646,1
10,1577,1
5708,4910,1
1415,5504,1
1050,4808,1
305,5194,1
1502,4617,1
698,876,1
5043,2531,1
128,150,1
3313,5742,1
576,4256,1
10,3719,1
6428,6598,1
1829,1358,1
6176,7027,1
1420,1464,1
76,3661,1
28,1568,1
1961,3866,1
776,1297,1
6700,3984,1
1336,1332,1
3807,4588,1
5786,4910,1
6562,6050,1
5,1550,1
10,3971,1
3151,2572,1
5827,5151,1
2468,2880,1
1244,1131,1
294,4605,1
3719,3387,1
1824,3134,1
3583,4672,1
1460,1459,1
3225,2758,1
2721,3508,1
6780,2431,1
1844,1106,1
1468,1066,1
285,1471,1
2090,3347,1
1478,1790,1
4120,2518,1
2289,6876,1
698,6585,1
2048,930,1
3894,2348,1
5686,6026,1
955,2208,1
4482,6591,1
381,535,1
169,5539,1
10,1321,1
1672,1178,1
5742,3045,1
2171,1890,1
4838,1655,1
8,1578,1
3150,4664,1
1233,1142,1
6059,5612,1
4033,5161,1
1056,948,1
67,50,1
3146,2584,1
6928,6735,1
6567,6733,1
3314,6293,1
1945,3867,1
2428,3146,1
817,6861,1
5123,5735,1
5168,5167,1
888,262,1
51,698,1
1458,698,1
3225,2465,1
2357,2617,1
2462,2372,1
669,6645,1
2590,6437,1
588,495,1
697,2521,1
99,2533,1
912,1761,1
1282,1278,1
162,616,1
3313,5138,1
3097,3464,1
1192,2872,1
5,1344,1
1949,2208,1
697,1811,1
54,668,1
1562,2356,1
1002,4813,1
896,944,1
3446,3845,1
1415,5710,1
697,739,1
1458,521,1
5737,4123,1
5,22,1
391,253,1
1262,1294,1
3651,5921,1
2348,3816,1
1686,1956,1
23,1375,1
4700,6733,1
2463,2747,1
4230,3807,1
297,69,1
2032,4787,1
4823,1420,1
5750,6830,1
3296,3972,1
3280,4477,1
6300,5488,1
3561,3661,1
753,680,1
6388,6647,1
28,3261,1
2752,575,1
3904,3997,1
5786,6248,1
669,3146,1
3482,1933,1
749,2044,1
1218,915,1
776,6798,1
2459,2658,1
2762,2430,1
4894,3781,1
1615,1578,1
2290,1493,1
6147,5867,1
279,3751,1
4897,5864,1
2348,1924,1
910,1370,1
1818,2169,1
285,1024,1
1669,2328,1
6171,2431,1
1050,2372,1
502,3320,1
6430,6619,1
4603,4066,1
81,168,1
6029,6777,1
29,229,1
3653,2617,1
11,319,1
2169,2389,1
587,546,1
1359,1404,1
697,948,1
422,2427,1
2767,1950,1
281,1376,1
1050,3046,1
1208,1156,1
767,5929,1
3699,756,1
1359,2592,1
3643,1950,1
1063,1503,1
3701,4064,1
1370,3691,1
1180,1381,1
1917,4213,1
4705,4867,1
1969,862,1
2330,2735,1
5641,4910,1
5238,6613,1
1213,1493,1
4522,4561,1
5123,4952,1
3669,4059,1
5571,3445,1
697,1655,1
330,331,1
4723,5247,1
422,1976,1
1597,4605,1
144,1021,1
5742,6429,1
1256,6302,1
5783,5613,1
3026,5401,1
112,2202,1
2707,5075,1
2170,5292,1
4374,3649,1
1506,2044,1
5,526,1
2037,2169,1
5129,3045,1
2397,2434,1
1568,2968,1
5132,4892,1
3153,1420,1
1256,7021,1
4239,1351,1
3009,2697,1
4417,4447,1
697,4038,1
656,410,1
1351,391,1
126,406,1
1050,2226,1
3150,3316,1
2673,3138,1
2652,2348,1
36,50,1
4617,5087,1
1890,2019,1
3654,5247,1
1363,1375,1
1933,3591,1
2330,2166,1
2762,2471,1
2348,2753,1
938,4210,1
157,1701,1
4624,4522,1
1471,2138,1
591,1184,1
982,6015,1
2763,778,1
2158,2233,1
23,1486,1
6034,6087,1
2758,3521,1
2707,2164,1
289,7,1
2758,1419,1
4604,5153,1
1828,4226,1
373,1802,1
967,794,1
3534,3150,1
3311,4499,1
2090,1062,1
112,1431,1
252,254,1
1235,1491,1
691,4558,1
2348,5131,1
2270,3981,1
2548,3108,1
93,4787,1
34,262,1
285,5228,1
1394,3531,1
3147,6307,1
1456,2765,1
2179,3315,1
4444,3261,1
2771,3591,1
888,1398,1
2474,2425,1
604,690,1
422,1968,1
3649,5194,1
3594,2127,1
588,1395,1
4577,4573,1
669,2831,1
3799,4627,1
3464,3680,1
81,64,1
4617,5539,1
743,871,1
3643,3508,1
3807,2563,1
2270,1464,1
3140,4676,1
6084,5921,1
2394,4443,1
2170,5470,1
1415,3644,1
3974,5555,1
1205,1802,1
1900,1447,1
633,896,1
697,2071,1
277,1344,1
2181,2004,1
1356,341,1
2463,4007,1
2431,3331,1
2057,2731,1
4892,5050,1
3302,2740,1
1487,3306,1
4599,5586,1
3111,5075,1
5129,6230,1
4828,4961,1
187,1643,1
5138,5073,1
422,7005,1
2348,4943,1
38,237,1
4149,5194,1
2122,2397,1
292,786,1
892,1574,1
3653,4079,1
755,2123,1
155,698,1
2463,2617,1
28,1805,1
2204,1267,1
2204,2090,1
5146,2815,1
1900,1952,1
2064,5092,1
3328,2673,1
3647,3464,1
10,1364,1
2348,5134,1
3594,6281,1
2751,2746,1
1106,2838,1
5512,6244,1
2971,3109,1
6028,6281,1
624,701,1
3970,4910,1
1365,1424,1
134,3444,1
1363,1503,1
2044,4787,1
3701,4377,1
1917,1001,1
1552,1551,1
641,1393,1
1371,1968,1
3649,5155,1
1102,3701,1
5769,4961,1
697,4782,1
743,1415,1
1220,1320,1
1984,2357,1
5,956,1
2270,2375,1
641,1254,1
294,6986,1
3990,6650,1
52,262,1
872,2053,1
340,3971,1
3654,5854,1
1180,901,1
3732,2908,1
3731,3598,1
159,606,1
2037,168,1
3446,2735,1
1142,1284,1
345,587,1
2607,553,1
78,1021,1
2463,5065,1
3143,2296,1
4848,4875,1
3086,6038,1
311,239,1
3097,3870,1
2585,1238,1
1351,4823,1
5073,2522,1
3446,2301,1
1593,3128,1
2912,4782,1
2500,2815,1
1184,1318,1
2062,2296,1
1032,967,1
1002,1591,1
1192,2706,1
337,332,1
3314,6065,1
105,1611,1
1984,2560,1
4077,3320,1
718,2394,1
1924,1106,1
5512,2600,1
2348,6726,1
600,489,1
3212,2756,1
502,208,1
3210,3222,1
3140,4219,1
1563,1704,1
1050,3189,1
1471,1173,1
253,1839,1
2787,2127,1
2707,4118,1
4548,4222,1
1458,1405,1
5354,4447,1
5129,3701,1
10,2262,1
4310,2158,1
2743,2567,1
61,3453,1
5932,6429,1
912,1681,1
1201,1747,1
167,2968,1
362,3763,1
10,2360,1
3147,4576,1
5479,3644,1
632,5496,1
4194,4079,1
5,1066,1
3843,3842,1
3143,4063,1
6151,2431,1
2191,4097,1
2132,2128,1
2430,2099,1
2204,1062,1
853,1579,1
2465,4059,1
853,1903,1
6412,5782,1
755,373,1
801,3751,1
2799,3651,1
1062,5127,1
2767,2864,1
445,97,1
3151,2818,1
41,1014,1
3058,4031,1
99,3034,1
286,855,1
41,277,1
99,6926,1
1800,2575,1
2461,4077,1
910,656,1
2746,4823,1
5488,5929,1
4322,2044,1
974,3453,1
6026,142,1
422,1408,1
28,521,1
801,3347,1
5042,4654,1
1383,945,1
4910,4522,1
9,125,1
4892,4705,1
726,3248,1
2760,5682,1
6152,6107,1
23,2166,1
4223,4480,1
14,168,1
4300,5864,1
3140,6429,1
3286,5129,1
3109,2124,1
4522,4867,1
2348,6518,1
2707,2295,1
10,1059,1
5534,5043,1
3719,3330,1
157,2019,1
2566,6537,1
855,1052,1
2127,2287,1
2099,3203,1
2707,5738,1
4597,5887,1
54,26,1
4561,5864,1
1468,1398,1
4587,4656,1
157,2066,1
4555,2818,1
197,1358,1
2044,2091,1
1110,14,1
6038,6420,1
2707,3331,1
3146,4705,1
1578,3280,1
3147,3315,1
656,1408,1
99,2521,1
155,677,1
3717,2127,1
6922,6926,1
9,228,1
3716,2476,1
33,26,1
3150,2818,1
2463,4569,1
1811,2323,1
4032,4226,1
4315,3445,1
3143,5065,1
6683,4447,1
2707,4730,1
5929,3518,1
2666,2752,1
373,1670,1
917,774,1
5360,14,1
1098,880,1
1616,910,1
801,4233,1
5785,3644,1
3314,4819,1
3812,4463,1
2323,1984,1
345,1390,1
2738,2871,1
4077,3154,1
855,1933,1
3325,2471,1
28,6598,1
2431,6612,1
1105,971,1
2078,1562,1
3394,4872,1
5561,1235,1
1050,1644,1
286,680,1
2123,2546,1
4892,3984,1
2039,1613,1
3654,4031,1
2906,2575,1
3673,3248,1
3083,3176,1
5680,6595,1
2348,6060,1
5670,6123,1
5929,5161,1
1050,2289,1
1166,651,1
719,1113,1
1485,5073,1
546,1892,1
10,1828,1
4524,2191,1
1672,1734,1
231,800,1
23,1174,1
2518,3701,1
1205,1972,1
2372,2191,1
1619,5857,1
141,682,1
3097,3781,1
2179,3150,1
4559,2815,1
2348,3818,1
111,2425,1
628,855,1
4417,4930,1
2676,4504,1
6029,6429,1
1348,4283,1
912,1464,1
972,2128,1
1951,3406,1
5354,6798,1
751,1096,1
1935,533,1
5870,6598,1
6188,6024,1
1836,1567,1
917,945,1
117,1704,1
2463,1493,1
3097,3452,1
6369,4627,1
5,1113,1
5102,6820,1
3174,3097,1
917,950,1
4377,6777,1
1415,4377,1
4684,5420,1
340,1363,1
4078,1420,1
4801,5132,1
1345,2438,1
5672,5586,1
6372,6332,1
215,154,1
4792,2815,1
4455,2735,1
3446,2357,1
4865,5109,1
4602,5604,1
4077,4415,1
701,321,1
2763,2863,1
292,1579,1
19,64,1
1458,1066,1
406,24,1
778,2444,1
1143,1898,1
1820,5996,1
1110,1724,1
105,6809,1
2799,1372,1
3464,2563,1
3545,2697,1
56,379,1
1578,1610,1
1761,168,1
1056,1168,1
5134,14,1
2260,1613,1
6028,5929,1
6151,6332,1
10,4431,1
3258,3255,1
904,5890,1
600,693,1
2099,1892,1
2756,2759,1
1450,1418,1
3204,3059,1
1088,874,1
2752,2396,1
4361,6429,1
2032,2377,1
912,1418,1
860,287,1
6146,5161,1
3387,2607,1
3452,3248,1
422,3306,1
6156,6650,1
1062,3160,1
4612,3124,1
80,2127,1
1844,2301,1
422,6926,1
1246,398,1
340,815,1
28,1390,1
5782,3644,1
3084,817,1
5,743,1
2583,5929,1
2584,2658,1
4919,4489,1
4817,5165,1
2463,1244,1
5769,5921,1
923,277,1
1205,2471,1
1591,4233,1
718,1343,1
2997,3781,1
2224,1184,1
3087,6456,1
4784,4193,1
3654,5668,1
5782,7109,1
4599,5966,1
4430,3825,1
3587,3033,1
5129,6186,1
5141,4522,1
1432,2764,1
3873,5145,1
157,4878,1
983,1014,1
2703,3630,1
1768,1704,1
2431,1933,1
4819,5554,1
638,2563,1
5002,2815,1
1450,1106,1
277,1060,1
6026,5131,1
3394,2289,1
1235,1520,1
4718,4068,1
5236,3153,1
2431,6645,1
755,2567,1
4548,5497,1
398,2698,1
1669,2477,1
1050,5628,1
2179,4427,1
2790,2018,1
2431,6864,1
1613,1937,1
3385,3630,1
6096,6452,1
4640,5050,1
5141,1285,1
945,1463,1
5329,6861,1
286,971,1
743,1829,1
2328,3873,1
5058,2600,1
3746,1420,1
2763,3222,1
6390,6087,1
2260,2872,1
6114,5921,1
197,254,1
697,885,1
2823,1613,1
5641,6047,1
1432,1594,1
4522,4287,1
6176,6819,1
840,373,1
826,237,1
2893,2166,1
48,797,1
3138,2506,1
3143,4427,1
4522,3807,1
2824,1637,1
902,638,1
2890,3301,1
2204,2765,1
6128,6038,1
862,521,1
862,962,1
1699,1892,1
1594,6613,1
5667,5666,1
2348,6614,1
2061,781,1
2468,1156,1
277,826,1
911,604,1
157,2138,1
2980,1420,1
2062,3040,1
1418,2258,1
4149,4335,1
2091,2838,1
5129,6087,1
2164,6777,1
3287,4108,1
3651,4813,1
4708,6180,1
3314,4616,1
2348,6454,1
546,2533,1
1050,1623,1
1899,1897,1
6925,5139,1
4417,1267,1
5043,5887,1
10,3059,1
1003,2287,1
253,239,1
4612,4479,1
2705,1933,1
5,25,1
2607,2366,1
3143,4801,1
755,1575,1
6351,6876,1
2061,2183,1
4412,6180,1
10,639,1
2377,2191,1
1761,1682,1
1168,967,1
5317,6087,1
3926,6195,1
28,1432,1
2628,3997,1
3444,3518,1
2044,2872,1
1578,2204,1
1591,2356,1
2272,1493,1
910,795,1
1917,2048,1
1062,1607,1
5929,5983,1
3496,3287,1
7072,5890,1
1907,1909,1
6487,6776,1
3594,4424,1
0,316,1
805,724,1
4606,5493,1
3286,6180,1
2427,2459,1
641,1349,1
1675,2295,1
3442,3222,1
6335,4447,1
193,51,1
1014,1814,1
4576,5688,1
4444,4808,1
2995,4648,1
4163,3147,1
55,6595,1
1458,1529,1
3662,4304,1
279,511,1
3293,2492,1
2531,1295,1
34,331,1
904,1464,1
4077,1585,1
4596,3150,1
4522,2747,1
1034,1318,1
755,1637,1
6067,5043,1
2764,2471,1
5151,5933,1
2721,2430,1
2078,2132,1
3166,3160,1
2348,2668,1
1050,6717,1
2126,2571,1
1105,1088,1
944,2397,1
1591,1590,1
6154,6335,1
2061,874,1
2242,2226,1
1034,1707,1
2742,2427,1
4561,2533,1
2500,1951,1
4451,4541,1
2752,1244,1
3059,1062,1
1684,2765,1
232,1892,1
4377,5050,1
5696,4456,1
3057,2467,1
1150,29,1
1060,3701,1
4239,3020,1
5512,6085,1
3653,3045,1
4194,4424,1
1338,1332,1
23,232,1
3140,1192,1
1277,1476,1
53,161,1
853,6001,1
723,1376,1
1267,2389,1
30,3150,1
3648,756,1
3914,6585,1
910,926,1
6335,6107,1
1818,2759,1
19,967,1
4254,3849,1
1031,2760,1
5129,5161,1
576,910,1
2758,2871,1
4445,4427,1
697,521,1
3313,3873,1
4310,5375,1
1220,1266,1
3097,3109,1
1811,1420,1
964,680,1
4943,5058,1
718,2507,1
2378,1937,1
1256,6722,1
6984,3644,1
200,316,1
3627,4561,1
1139,898,1
2459,1951,1
105,4628,1
4970,3644,1
1814,1835,1
4091,2315,1
3143,5050,1
286,1027,1
5123,4961,1
1062,3128,1
6649,3585,1
3990,3128,1
1669,2032,1
6028,6195,1
6148,5800,1
4616,6084,1
2465,1892,1
1420,1054,1
10,803,1
4677,4707,1
591,2132,1
2707,3045,1
1408,2371,1
5672,4952,1
3919,3529,1
6682,7027,1
307,2956,1
4892,3926,1
4599,854,1
817,3488,1
1458,1424,1
1040,1062,1
2433,2434,1
4606,4537,1
2431,2296,1
3446,4310,1
2767,2790,1
3156,2617,1
1062,2379,1
1725,3518,1
6300,4522,1
2470,3034,1
3336,4558,1
5,922,1
1366,2507,1
4897,3594,1
1684,1613,1
2348,3097,1
2657,4641,1
1235,1574,1
4606,5029,1
2792,2166,1
3701,3189,1
6775,6107,1
4522,3486,1
4677,2522,1
1984,2580,1
3087,6645,1
5127,6991,1
2907,383,1
2431,4149,1
5634,2540,1
1460,1421,1
6307,6595,1
1658,5414,1
855,2057,1
2357,4444,1
2348,6798,1
5222,2815,1
1718,2062,1
9,495,1
3495,5070,1
5149,5921,1
4172,5050,1
3731,3097,1
3739,4981,1
768,2420,1
749,1376,1
1415,4335,1
76,1184,1
2703,2428,1
1310,1306,1
3444,3238,1
1192,1183,1
422,1173,1
4149,5534,1
4468,3150,1
2721,5405,1
704,726,1
1256,575,1
1363,1747,1
3150,2172,1
2348,2301,1
656,1830,1
2431,4007,1
1420,5207,1
24,29,1
697,944,1
3156,3647,1
697,4459,1
6549,6420,1
5235,2815,1
169,237,1
4430,6059,1
2823,2690,1
157,1658,1
2912,3956,1
2166,1201,1
502,1707,1
292,287,1
3303,4052,1
1184,896,1
3643,6777,1
4605,5864,1
4430,4628,1
3446,3465,1
967,6819,1
1056,1259,1
2961,2357,1
422,2516,1
4522,4535,1
2893,3781,1
3336,4722,1
3390,5126,1
4417,2164,1
23,18,1
5396,5628,1
2061,863,1
2204,1830,1
3969,2044,1
157,933,1
192,571,1
6657,5019,1
10,4291,1
801,3529,1
5411,5590,1
1351,341,1
4470,3644,1
2348,2169,1
1262,944,1
2348,2099,1
1099,1096,1
6295,5827,1
3140,4910,1
681,3124,1
3314,5887,1
5127,4654,1
5539,6302,1
2395,1699,1
7,125,1
801,3301,1
502,598,1
5769,7021,1
5695,5127,1
3336,3651,1
4640,6029,1
281,1450,1
576,1285,1
3580,6613,1
4606,2584,1
5870,3303,1
697,6686,1
5138,6020,1
701,1088,1
756,3719,1
6377,6752,1
972,3040,1
5713,5161,1
111,3787,1
4603,2357,1
1193,1664,1
3701,4482,1
78,832,1
697,2427,1
2760,3904,1
294,5921,1
1018,1294,1
590,277,1
1629,2128,1
4164,4108,1
111,2997,1
2866,7048,1
2548,3340,1
1256,2163,1
6300,3984,1
5539,7068,1
279,4610,1
3496,3904,1
5073,3548,1
1032,3150,1
718,3303,1
2463,2172,1
569,568,1
294,4552,1
3204,1420,1
1585,4541,1
4567,4558,1
232,551,1
4149,4617,1
2463,2871,1
1578,2855,1
3812,5921,1
5084,3901,1
2463,3630,1
1341,5152,1
2467,2522,1
3140,3541,1
1675,3885,1
3152,2617,1
3440,4177,1
1594,2377,1
1615,827,1
1050,1734,1
1404,1562,1
983,1486,1
5092,5534,1
4180,4256,1
1902,1829,1
1761,51,1
3778,2908,1
4430,5554,1
24,294,1
2781,2371,1
3248,3699,1
4033,14,1
3774,2607,1
1342,694,1
3331,3531,1
6638,6993,1
6096,1820,1
695,521,1
2100,1649,1
3051,1567,1
1763,1951,1
6426,6830,1
167,1351,1
5727,5420,1
5514,6926,1
1194,1670,1
2746,4377,1
2270,3446,1
5042,5770,1
1961,2735,1
287,1629,1
743,1366,1
719,1520,1
1679,1676,1
1116,1631,1
2912,3541,1
6415,6833,1
6096,5493,1
1841,379,1
3213,2740,1
2833,3160,1
581,2348,1
3543,3563,1
1415,4077,1
1034,1450,1
310,739,1
1002,5512,1
5,606,1
4597,4456,1
2233,669,1
4300,4195,1
6371,3926,1
697,3972,1
2697,2204,1
3313,2223,1
3261,3306,1
4617,4696,1
5123,5864,1
719,1276,1
1359,1577,1
2781,1933,1
2302,2294,1
6171,2810,1
6683,4477,1
888,1610,1
4828,5075,1
11,614,1
155,2471,1
1578,3286,1
1391,945,1
3618,3248,1
546,1259,1
3986,5376,1
5155,4561,1
697,1828,1
5367,5126,1
4254,4299,1
910,1471,1
232,371,1
4613,2382,1
917,1631,1
2792,778,1
2270,5563,1
2425,2761,1
5539,5928,1
2348,3331,1
4606,5282,1
7,139,1
1420,1924,1
1802,1804,1
222,428,1
334,332,1
26,168,1
4776,4177,1
1277,1823,1
3155,3848,1
2600,3644,1
216,612,1
644,906,1
680,1351,1
7,253,1
4346,2044,1
4854,2815,1
2808,1054,1
1506,5209,1
4456,5534,1
4892,4616,1
4607,5107,1
2785,2063,1
1131,2740,1
3222,3630,1
4068,4420,1
1306,1365,1
801,4172,1
2323,3845,1
285,1363,1
2164,6413,1
69,284,1
1136,1810,1
2071,3330,1
3441,5240,1
4943,6351,1
1835,1814,1
3682,3624,1
154,822,1
1961,3939,1
5288,3045,1
6587,6151,1
1938,4528,1
422,1961,1
4377,5034,1
1376,6998,1
2126,3661,1
818,2521,1
5548,5127,1
1650,3645,1
3155,2863,1
1979,2066,1
4226,4892,1
945,5027,1
1486,1370,1
719,1420,1
2425,4377,1
1664,1661,1
2470,2425,1
5222,5514,1
697,4097,1
4150,3406,1
6156,6334,1
1001,3555,1
2987,3644,1
5786,6653,1
1477,1898,1
1802,1567,1
1002,3153,1
2444,1613,1
5638,5292,1
2044,3849,1
6055,6024,1
2700,2698,1
3654,4576,1
169,4350,1
2126,1791,1
5989,5149,1
3495,1585,1
1456,2575,1
159,581,1
3313,3691,1
1256,6819,1
5558,5555,1
4430,4256,1
3143,3445,1
5782,4835,1
3140,4872,1
4228,3647,1
3444,2540,1
3106,3406,1
4897,4064,1
525,6861,1
576,733,1
862,807,1
3605,5376,1
6024,2295,1
3981,7063,1
6636,6770,1
3331,2756,1
1050,5735,1
6669,4447,1
422,2863,1
422,142,1
917,1448,1
5147,4444,1
580,571,1
578,3845,1
3655,6399,1
2617,2697,1
3150,1420,1
3314,3701,1
2287,2357,1
4412,6087,1
2463,3109,1
1393,1094,1
2037,2810,1
3618,4297,1
1627,1613,1
4622,4867,1
289,786,1
2459,2815,1
697,1486,1
3429,3169,1
743,2323,1
3930,4193,1
3146,5282,1
1531,1529,1
1562,1555,1
4599,6429,1
5870,6399,1
10,3459,1
2285,2465,1
6029,2600,1
1341,51,1
197,2048,1
5043,5628,1
2126,3055,1
3587,7062,1
2427,3406,1
3729,5772,1
4335,4656,1
1002,1640,1
3722,4131,1
1348,1358,1
56,1915,1
5127,6146,1
270,1386,1
2707,4061,1
279,1961,1
1277,2518,1
3513,5929,1
2459,2467,1
697,5153,1
2758,2177,1
3394,5102,1
1467,1463,1
7017,6585,1
2680,5537,1
3086,7062,1
1420,1295,1
5563,2531,1
1615,1124,1
4149,2531,1
6550,6107,1
3406,3495,1
701,288,1
285,5537,1
222,498,1
2767,2471,1
1079,391,1
6811,5890,1
4613,3004,1
2833,1062,1
2099,1937,1
2204,3301,1
911,2017,1
132,1519,1
3990,4606,1
3143,4031,1
4427,2191,1
6038,3303,1
5176,5735,1
2607,4063,1
2348,3193,1
2397,2343,1
2465,2850,1
1041,51,1
1996,3901,1
4430,4068,1
1306,1724,1
2152,1366,1
5354,6913,1
1184,1682,1
632,5207,1
3242,1420,1
122,665,1
3143,4895,1
1675,4676,1
1619,5854,1
3151,4528,1
4172,5256,1
912,14,1
1143,5152,1
5514,6537,1
2752,2690,1
284,1802,1
1672,391,1
2348,5966,1
1171,1629,1
5123,2669,1
10,1116,1
5356,4607,1
917,1909,1
2063,2455,1
4817,5375,1
6146,142,1
5869,142,1
6824,5237,1
863,239,1
6044,5480,1
197,229,1
3034,3033,1
3296,2373,1
2322,2123,1
2492,2294,1
10,1657,1
697,3141,1
916,719,1
1365,1485,1
1141,1699,1
5129,5514,1
857,2855,1
3149,3406,1
5,909,1
1681,14,1
4607,2810,1
1629,1898,1
912,5505,1
1519,2970,1
835,1802,1
2492,3203,1
3150,4463,1
5938,5058,1
860,869,1
2263,2759,1
4463,5105,1
5686,5126,1
2260,2526,1
286,820,1
148,1299,1
13,139,1
718,1405,1
644,933,1
105,379,1
99,3306,1
3406,1585,1
2790,2124,1
77,1923,1
5809,6479,1
3990,4079,1
4892,4654,1
422,4828,1
4672,2815,1
41,248,1
6335,7029,1
1062,2063,1
5367,3672,1
4285,4275,1
232,2583,1
2582,2328,1
6148,5782,1
1034,892,1
4463,3885,1
1032,4610,1
5127,5864,1
1032,2908,1
54,346,1
1050,1014,1
2836,3138,1
972,1493,1
2041,51,1
2086,1562,1
4617,5395,1
54,14,1
2617,4210,1
1578,62,1
340,599,1
2617,3531,1
4078,4922,1
1420,1260,1
3733,2521,1
2912,3825,1
2772,2062,1
3059,4459,1
119,875,1
284,1014,1
4613,5207,1
1032,4098,1
2294,2166,1
2343,6420,1
5813,4038,1
4943,4981,1
665,76,1
954,5512,1
3293,3531,1
2617,4687,1
2705,3581,1
2707,3926,1
1406,1467,1
2191,2287,1
5441,14,1
10,3690,1
1408,4787,1
2270,3867,1
10,2533,1
9,294,1
4897,3529,1
4599,5139,1
34,342,1
2465,4222,1
320,237,1
1528,1349,1
674,701,1
2548,1464,1
3990,6202,1
604,789,1
2261,2968,1
4897,5327,1
1935,2546,1
3202,2191,1
629,294,1
281,815,1
6761,4522,1
2531,2123,1
581,3644,1
4437,3446,1
4361,5827,1
6836,4607,1
76,2511,1
2091,3248,1
1002,6735,1
1669,1838,1
1375,2690,1
1032,2518,1
735,1096,1
3145,1080,1
2348,4537,1
2617,2430,1
4522,2584,1
3647,6389,1
1450,1562,1
36,3845,1
575,284,1
391,6389,1
4475,2533,1
4182,5633,1
2348,3456,1
2926,2466,1
5146,6986,1
2471,2506,1
3669,4233,1
2768,1062,1
1420,1901,1
5238,5864,1
4640,4561,1
4606,6024,1
1890,1432,1
157,2176,1
1032,3972,1
1515,2564,1
2471,4297,1
2463,1851,1
3097,669,1
4776,4930,1
6161,2956,1
546,2357,1
762,394,1
4477,3168,1
41,1173,1
4809,14,1
253,1095,1
1506,1915,1
4962,4518,1
4792,817,1
3584,3591,1
31,167,1
4676,5167,1
4430,6203,1
3336,5117,1
5252,6598,1
1099,1113,1
6029,6619,1
6096,6861,1
1594,1759,1
111,2556,1
4606,4177,1
632,2459,1
2833,2756,1
1244,2444,1
1485,1676,1
3143,4910,1
24,76,1
5706,6060,1
51,2019,1
697,2289,1
4135,3147,1
2912,4064,1
1593,3280,1
5037,4286,1
5488,6647,1
4193,4447,1
3173,3685,1
2224,2511,1
41,489,1
743,373,1
3446,4299,1
638,1802,1
6216,3644,1
1485,1898,1
2202,4605,1
3495,4052,1
2126,3932,1
4612,4587,1
238,2831,1
4631,3124,1
1615,1814,1
972,1295,1
2361,4892,1
4230,2831,1
3678,3653,1
2099,4210,1
4606,5590,1
279,4171,1
157,2046,1
743,1960,1
1792,2430,1
10,3238,1
3314,2191,1
13,2361,1
1192,2740,1
6176,6926,1
5483,5470,1
3261,4444,1
1900,863,1
1192,4788,1
4897,4216,1
697,5207,1
2582,1584,1
5742,6595,1
3306,7005,1
4430,5070,1
14,2740,1
3444,5209,1
2463,5555,1
1370,696,1
5792,5317,1
669,5966,1
2295,6614,1
2261,270,1
78,669,1
160,398,1
3990,6123,1
966,5668,1
6218,5966,1
674,3939,1
1835,1793,1
4552,4587,1
2044,3464,1
3990,2956,1
1895,1901,1
1931,3040,1
2259,2258,1
3086,6916,1
3681,1828,1
2456,3059,1
3287,3138,1
3978,4171,1
2152,948,1
697,2099,1
2427,2059,1
5562,6146,1
4439,3598,1
23,1730,1
50,363,1
373,807,1
1348,5490,1
1122,2425,1
2766,4641,1
1979,1734,1
6220,6218,1
1584,1579,1
2575,2444,1
1731,778,1
697,6595,1
2551,3904,1
6096,6306,1
3140,4299,1
2023,5527,1
3087,5236,1
3467,1933,1
138,883,1
10,930,1
1040,1096,1
2270,3252,1
972,1048,1
590,724,1
1168,1128,1
4664,2815,1
5102,6787,1
2388,3644,1
1097,1290,1
5813,5145,1
6096,6114,1
1979,1393,1
1394,2294,1
917,2124,1
4430,1057,1
10,2048,1
2123,1135,1
3009,5782,1
6970,3644,1
4427,5194,1
391,2815,1
281,2099,1
10,2405,1
5950,5916,1
1002,884,1
2348,6230,1
604,1463,1
6602,6123,1
2090,3320,1
285,2382,1
5058,5145,1
1759,1814,1
3305,3457,1
6260,6056,1
1640,2767,1
4892,5161,1
3174,2471,1
546,674,1
5680,3153,1
1593,4233,1
624,751,1
2463,3873,1
576,2691,1
3150,3653,1
755,1944,1
3248,3685,1
902,656,1
2585,2759,1
2457,3059,1
2813,2476,1
2090,3630,1
5271,4945,1
1105,857,1
4299,4459,1
3138,2571,1
2348,3984,1
973,210,1
860,3624,1
640,719,1
5129,5868,1
6050,4892,1
3701,3475,1
1116,2753,1
6176,2600,1
328,428,1
3451,2732,1
4582,3529,1
1825,1734,1
1250,1676,1
1393,1602,1
4149,2810,1
4456,6733,1
4078,5554,1
392,511,1
697,1759,1
1811,2864,1
289,1851,1
4149,2733,1
2471,2372,1
2048,6613,1
3991,2657,1
4617,5292,1
2342,3073,1
1303,1332,1
3653,2048,1
10,2742,1
3799,3967,1
2456,2492,1
912,4930,1
3144,2765,1
692,2323,1
4892,6178,1
2064,2382,1
4892,2233,1
743,2343,1
270,1358,1
1937,2287,1
1825,1643,1
3296,2995,1
81,588,1
1555,4910,1
1828,2348,1
1485,3680,1
1244,1384,1
4417,3410,1
2767,3971,1
1583,1903,1
917,1343,1
5736,3984,1
5514,5889,1
3286,3885,1
1233,1094,1
2658,2753,1
2648,1613,1
3168,4171,1
4223,4621,1
647,1770,1
125,363,1
6146,6043,1
2506,2471,1
128,604,1
3800,3719,1
24,122,1
4222,5043,1
4548,4705,1
1352,826,1
1105,2190,1
3147,1960,1
4607,5309,1
373,2071,1
4377,4587,1
3147,2831,1
4604,4912,1
3247,4403,1
2742,3160,1
2064,2357,1
3446,5165,1
5539,3004,1
2315,3647,1
5956,6056,1
2430,3109,1
3150,4605,1
3082,3287,1
5552,4672,1
4213,6820,1
2204,2467,1
904,2507,1
1418,1371,1
2343,1178,1
2348,2164,1
4603,5282,1
1097,1441,1
756,4677,1
4491,2735,1
4430,5929,1
874,1676,1
3622,2908,1
169,3301,1
1091,237,1
3140,4504,1
2064,4052,1
1763,2759,1
1485,2018,1
718,1567,1
1105,2124,1
697,318,1
1056,187,1
3681,3320,1
1669,2371,1
144,805,1
1002,5554,1
5989,3644,1
4177,6953,1
2531,2465,1
3508,2810,1
5002,6647,1
5912,5563,1
1891,1568,1
3106,4832,1
5286,5236,1
1032,4066,1
2270,5586,1
2742,2738,1
4149,5019,1
3090,3252,1
683,285,1
2044,4587,1
398,1734,1
2099,2815,1
3261,4979,1
972,1664,1
3077,4895,1
2617,2691,1
196,76,1
2742,2756,1
2841,7048,1
2043,2872,1
1669,5209,1
3313,428,1
5421,4788,1
1890,2122,1
3261,5132,1
2101,3055,1
1050,4064,1
3208,2270,1
4172,6585,1
238,4945,1
422,4286,1
1359,1370,1
1562,1670,1
1420,2289,1
1168,237,1
972,1734,1
3587,3848,1
275,3307,1
743,1892,1
1487,3644,1
6084,6614,1
605,3644,1
912,5770,1
232,1358,1
2656,2323,1
609,681,1
1424,1631,1
904,6946,1
2707,3452,1
2707,1130,1
1356,1816,1
6571,5146,1
3087,4730,1
588,1450,1
2890,4828,1
1094,1056,1
753,933,1
4417,1838,1
4609,5179,1
656,394,1
1763,2753,1
3990,3619,1
6773,7048,1
2705,3383,1
1763,2976,1
697,3445,1
502,1215,1
5129,4366,1
216,347,1
546,6820,1
4613,4552,1
2786,5925,1
2657,5194,1
3296,4059,1
901,638,1
294,827,1
743,3733,1
2594,1584,1
340,2555,1
801,3280,1
525,5929,1
6298,2600,1
2059,756,1
6152,4522,1
286,956,1
4543,6538,1
1131,1358,1
951,3849,1
3415,2018,1
6657,6653,1
638,1375,1
3157,3134,1
1536,5065,1
292,1183,1
3045,2191,1
3807,3581,1
2638,4193,1
945,2658,1
10,2219,1
5324,6798,1
1351,3901,1
20,1909,1
4033,7109,1
3449,3406,1
4377,4610,1
144,44,1
2270,4852,1
2617,2571,1
884,6913,1
1751,1747,1
155,1951,1
4857,1838,1
5,331,1
1277,1375,1
4613,5145,1
2268,1471,1
2465,2377,1
580,660,1
155,2123,1
3150,4628,1
1032,3781,1
1938,2132,1
3286,2301,1
680,922,1
2343,6454,1
285,941,1
4808,5967,1
2162,3055,1
6197,5612,1
253,6953,1
1049,2372,1
4892,6014,1
1471,2753,1
1124,1056,1
157,341,1
3148,1960,1
1471,695,1
3307,3301,1
3744,2127,1
4897,5593,1
5979,6047,1
2343,6705,1
1349,1208,1
1277,1824,1
1027,521,1
3261,3701,1
1432,2427,1
4300,4213,1
4599,4777,1
5022,4518,1
3313,2810,1
4552,5928,1
24,48,1
2703,3848,1
5239,4912,1
3680,2518,1
2705,4552,1
490,1795,1
1471,2506,1
6349,5534,1
2705,3488,1
5617,5043,1
5147,5706,1
3168,1589,1
912,1135,1
3975,4177,1
667,774,1
3286,3619,1
1890,2371,1
3427,5929,1
289,860,1
2270,3033,1
4164,2191,1
3273,3873,1
4830,4226,1
3248,4172,1
6124,5921,1
3546,1851,1
3507,3033,1
4629,4522,1
4033,5864,1
6430,6647,1
955,1897,1
155,2074,1
2090,2373,1
2467,575,1
3475,4233,1
78,306,1
8,310,1
2322,1960,1
1156,1851,1
2474,2548,1
78,3521,1
696,546,1
2,232,1
3248,3627,1
743,1398,1
1256,5983,1
1961,5735,1
14,1960,1
5672,5921,1
3222,2465,1
28,606,1
2764,2758,1
3267,3392,1
1450,1937,1
2090,3452,1
2355,2381,1
656,581,1
2348,1542,1
10,1023,1
3733,1838,1
3148,4097,1
1811,2396,1
4824,2747,1
4606,4787,1
4801,4219,1
801,2044,1
2758,3059,1
692,983,1
3580,3845,1
857,783,1
5113,4098,1
3286,5087,1
2548,2381,1
1851,1908,1
3352,2575,1
947,1112,1
1078,262,1
1032,1142,1
3643,5152,1
3306,5194,1
1589,1851,1
1106,857,1
1031,309,1
23,1320,1
3587,2357,1
4607,4219,1
2062,1184,1
5037,5165,1
19,897,1
1811,2163,1
13,3242,1
3143,2382,1
697,4480,1
2323,1501,1
4604,5395,1
1393,1944,1
1420,3059,1
10,2842,1
862,1493,1
912,2430,1
956,2544,1
157,1089,1
3587,3097,1
1168,1299,1
1761,1803,1
6548,5867,1
656,2764,1
3647,2289,1
5123,3453,1
6038,6598,1
1256,4787,1
546,210,1
2980,2976,1
4552,2531,1
4784,5933,1
4892,6920,1
2707,4621,1
1613,1892,1
1370,862,1
6587,6598,1
4608,5167,1
1471,1706,1
1420,1485,1
1365,1704,1
6147,6650,1
5680,4463,1
3287,1961,1
2348,2291,1
680,4875,1
4616,3825,1
2738,3464,1
4677,2533,1
307,474,1
2043,2057,1
1554,1432,1
2973,2158,1
1703,3644,1
2430,3316,1
701,2555,1
2756,3301,1
253,521,1
28,5628,1
3156,4424,1
1415,795,1
144,645,1
157,967,1
697,1594,1
78,270,1
1050,2208,1
5469,5871,1
1370,383,1
6151,7005,1
4897,5747,1
2270,1828,1
4561,3649,1
2270,4945,1
1366,1370,1
5932,5800,1
2037,2366,1
1124,972,1
1639,1578,1
1890,1493,1
2465,1176,1
5783,6510,1
1348,2735,1
68,568,1
638,1001,1
1830,1486,1
2471,3488,1
93,2467,1
10,2563,1
875,604,1
2100,1106,1
294,2476,1
1263,2427,1
3387,2507,1
578,638,1
4606,5286,1
3669,3781,1
5705,4720,1
2334,2525,1
3085,1853,1
3385,3316,1
2767,2099,1
6026,6024,1
422,5185,1
1486,1244,1
50,680,1
3140,4064,1
167,2970,1
755,1390,1
3314,5628,1
30,332,1
391,4522,1
2359,2847,1
3315,3649,1
680,1419,1
3654,4222,1
2531,1285,1
1050,2356,1
1656,1064,1
2468,2970,1
1485,2125,1
2705,2427,1
3653,3647,1
173,2767,1
160,1353,1
5514,5870,1
3314,4817,1
10,3141,1
4617,5194,1
546,405,1
1763,1237,1
2420,2582,1
284,394,1
2101,1420,1
4606,4272,1
285,1418,1
2348,4007,1
270,239,1
1844,1244,1
2348,4108,1
755,3160,1
1424,1365,1
697,4377,1
5043,5107,1
1681,3971,1
2204,756,1
1023,1629,1
2810,2492,1
3314,4213,1
5539,5942,1
1363,1208,1
697,4999,1
1096,1463,1
1205,888,1
5514,3306,1
2425,2867,1
1420,1509,1
13,387,1
6700,6770,1
891,4424,1
4522,4819,1
3650,3645,1
422,6420,1
422,2032,1
3155,3280,1
2270,1501,1
3315,4377,1
921,4335,1
4868,2191,1
2975,2980,1
2585,3870,1
6067,6735,1
5360,4272,1
118,2575,1
1220,2287,1
3969,4210,1
768,725,1
119,316,1
5488,5734,1
3109,2571,1
2357,3315,1
5616,5149,1
5655,4672,1
1394,2291,1
2459,2753,1
2331,2166,1
904,6991,1
2425,1961,1
9,232,1
5356,5395,1
697,3316,1
279,1306,1
3649,4996,1
8,812,1
742,28,1
3643,1141,1
546,2738,1
373,612,1
4628,4149,1
5514,5289,1
2078,2360,1
5734,5918,1
6796,6794,1
5045,884,1
2328,5590,1
284,1056,1
111,3033,1
3044,2270,1
34,229,1
2166,2287,1
692,587,1
2057,2567,1
3150,3154,1
917,288,1
5129,4576,1
1669,2698,1
1192,2838,1
6322,142,1
2348,2956,1
3794,4377,1
3248,3661,1
2465,2842,1
1597,1094,1
4253,4427,1
6176,6456,1
4664,3649,1
3681,3719,1
129,0,1
794,1349,1
972,2838,1
4279,5890,1
422,1184,1
1192,2767,1
1172,3059,1
2158,3518,1
1792,1944,1
3217,5405,1
3647,4299,1
10,679,1
3045,3040,1
4694,3781,1
2459,1669,1
1370,2420,1
3549,2617,1
6562,6619,1
1532,1835,1
1609,778,1
2427,3751,1
576,1903,1
277,859,1
1773,1835,1
4430,6123,1
6454,5329,1
3173,2375,1
1192,2690,1
743,756,1
1658,656,1
13,116,1
30,552,1
3781,5167,1
2385,1584,1
1829,2371,1
13,2373,1
3087,4616,1
3275,3109,1
5512,4414,1
5105,5102,1
10,1579,1
2287,1960,1
422,4576,1
2191,2381,1
36,826,1
4999,4508,1
3387,4031,1
2323,2127,1
1940,4787,1
4077,4420,1
2658,2057,1
4857,3904,1
4430,2370,1
2348,7062,1
3143,4032,1
912,1141,1
1235,1643,1
2471,2099,1
2584,2398,1
2763,5916,1
948,2698,1
4892,6538,1
3643,1838,1
1034,1001,1
154,826,1
2705,2871,1
1314,4275,1
10,1366,1
735,1467,1
222,3045,1
111,3331,1
1348,1060,1
5488,5933,1
3654,5026,1
1168,1512,1
5713,6412,1
3701,6050,1
1458,1306,1
5983,4522,1
913,1523,1
4676,5026,1
277,1512,1
1420,2124,1
5298,3765,1
78,4193,1
862,239,1
3653,3781,1
2046,1485,1
5043,5157,1
1062,5735,1
5149,5688,1
6029,6637,1
1890,2575,1
340,669,1
3143,4059,1
1961,3531,1
1351,910,1
870,901,1
2290,3007,1
4801,2680,1
144,51,1
1886,1421,1
3286,2172,1
5252,2233,1
2767,3972,1
40,340,1
5782,5131,1
3307,2507,1
3151,4808,1
202,316,1
3145,4312,1
2330,3644,1
1202,1183,1
5043,1820,1
1235,1095,1
3722,3004,1
186,546,1
1106,1695,1
8,235,1
4222,3153,1
1486,1306,1
674,5867,1
4149,4606,1
5539,4850,1
1105,1276,1
1938,1174,1
1195,588,1
3286,4064,1
3643,1130,1
3004,3195,1
3387,2091,1
680,6000,1
697,1664,1
32,22,1
6026,5782,1
2767,3861,1
159,1682,1
3149,2617,1
7,570,1
48,600,1
911,2533,1
5029,2815,1
2463,2575,1
3840,1192,1
3048,4672,1
5680,6693,1
5786,3445,1
2463,3816,1
2064,3651,1
2705,3387,1
4213,4444,1
680,604,1
4962,2382,1
2357,6650,1
1938,2430,1
967,1386,1
195,287,1
4463,6146,1
4808,4226,1
2425,2842,1
6428,5138,1
3733,4449,1
1562,1898,1
638,2560,1
1285,1903,1
1420,1366,1
2263,2071,1
10,1515,1
5185,6595,1
5136,5141,1
6587,6026,1
126,217,1
967,1658,1
1277,1892,1
6709,7062,1
2742,3255,1
2347,6015,1
4809,3699,1
286,1184,1
287,897,1
7,805,1
36,474,1
4064,4063,1
4539,2669,1
2617,2759,1
3143,4098,1
3336,3261,1
2361,3907,1
2742,2465,1
5777,5799,1
7,388,1
195,24,1
718,2621,1
5586,4195,1
3446,5050,1
167,1192,1
62,167,1
6335,3087,1
569,2191,1
6068,5043,1
697,2004,1
4430,3508,1
1624,930,1
902,2138,1
1063,755,1
4068,1820,1
780,262,1
1439,1408,1
1578,2587,1
1492,1491,1
1277,2138,1
1609,2163,1
294,405,1
285,1088,1
3465,3150,1
5918,6755,1
1669,3195,1
19,638,1
1940,2128,1
718,2348,1
3993,2617,1
912,391,1
2705,2617,1
1937,4233,1
1370,1640,1
1306,2697,1
2533,2233,1
1002,2451,1
910,1168,1
422,5772,1
2469,2829,1
1063,2970,1
1933,1853,1
1356,1486,1
4606,2301,1
1002,2099,1
2348,3347,1
5870,4366,1
4228,4447,1
1655,6733,1
2867,2163,1
3807,4569,1
4561,2657,1
292,749,1
2420,2343,1
2585,2673,1
1890,693,1
4910,4543,1
756,4304,1
4892,5687,1
1018,751,1
148,262,1
2468,1669,1
10,4007,1
1502,1707,1
4149,4641,1
3701,4648,1
4598,2995,1
4051,4535,1
1099,1278,1
2746,1669,1
4613,6000,1
1420,1828,1
5493,5286,1
5634,6722,1
279,372,1
2752,2372,1
5149,5185,1
78,1094,1
4892,2669,1
28,871,1
1040,698,1
1806,795,1
345,28,1
3082,3347,1
6300,6029,1
2836,2829,1
4576,2466,1
4859,4118,1
1034,855,1
4096,2863,1
5736,5932,1
5392,3644,1
2431,7080,1
912,1898,1
2617,4108,1
232,640,1
4337,2044,1
391,4350,1
6706,4522,1
1370,3261,1
4943,2540,1
2913,2366,1
1032,4561,1
1260,1173,1
768,281,1
5042,4867,1
4437,4108,1
1319,896,1
3733,2584,1
6415,6926,1
3027,3034,1
1761,1574,1
2456,2810,1
422,2787,1
1128,1056,1
106,48,1
422,3529,1
6029,6202,1
1192,1201,1
5420,5043,1
912,1178,1
2770,2372,1
6926,7068,1
3444,2810,1
133,945,1
904,698,1
32,373,1
1124,1724,1
1686,1988,1
947,1184,1
697,6123,1
3314,767,1
1450,1734,1
3701,2669,1
2164,3529,1
4068,4459,1
2377,2976,1
2160,1256,1
4430,4576,1
2090,1420,1
1262,215,1
2836,3452,1
311,859,1
697,4171,1
5553,4033,1
111,3109,1
105,1344,1
284,1734,1
2177,2864,1
3680,2044,1
6685,6733,1
5129,5131,1
4605,4552,1
2348,2819,1
6189,6227,1
709,495,1
1564,215,1
595,495,1
5750,6085,1
1131,1063,1
5373,4068,1
4892,5155,1
3143,4016,1
279,1960,1
3097,3169,1
5664,5738,1
1370,1453,1
3087,4835,1
4607,5061,1
747,1853,1
4613,4672,1
4607,6149,1
5141,6335,1
50,168,1
3306,3307,1
5161,3153,1
1420,2127,1
4430,6020,1
2343,2658,1
644,1128,1
164,273,1
1404,1658,1
2177,2956,1
5181,6059,1
6957,5782,1
6096,3679,1
6151,6722,1
4253,62,1
3746,4573,1
171,2366,1
755,1400,1
1890,1062,1
4548,3334,1
1524,2767,1
163,3306,1
6306,5493,1
1256,2665,1
1351,2516,1
4892,5782,1
1471,1651,1
1811,2893,1
1818,2048,1
5587,884,1
2463,4108,1
2463,6020,1
697,76,1
2366,3097,1
1205,2492,1
644,1156,1
693,2191,1
1062,3176,1
4068,4924,1
3849,4508,1
5442,14,1
967,1370,1
1568,2166,1
2164,6248,1
5,852,1
285,1448,1
1062,1266,1
3854,1419,1
5123,5240,1
2062,1471,1
3651,2127,1
2268,2293,1
4310,5050,1
5769,6123,1
1098,1420,1
3158,4705,1
305,6565,1
6914,4961,1
1050,1951,1
4910,2815,1
422,5395,1
4776,4610,1
2382,4449,1
4948,3529,1
157,1500,1
1450,1480,1
3718,3097,1
3140,6026,1
5029,5573,1
3059,4641,1
3401,669,1
3147,3059,1
16,357,1
3799,3307,1
2787,2425,1
5129,6770,1
5512,5736,1
4892,3306,1
5699,4850,1
45,26,1
1731,2381,1
1359,1381,1
2463,4123,1
422,680,1
284,1892,1
1097,1014,1
6682,7109,1
1811,2315,1
160,1254,1
2766,1267,1
3148,3680,1
6691,6686,1
3149,3873,1
1062,3169,1
2289,3719,1
4477,5624,1
3412,2787,1
2270,6798,1
22,281,1
3802,1176,1
251,592,1
575,640,1
1205,1098,1
3302,428,1
3082,2090,1
2431,4444,1
1802,1260,1
1348,5125,1
18,0,1
5123,6180,1
184,69,1
588,287,1
2323,2571,1
6710,6380,1
896,489,1
5488,6123,1
5286,4414,1
4566,5026,1
2348,6653,1
1256,1655,1
674,6332,1
5043,5854,1
3248,2301,1
1471,1584,1
1393,1256,1
4430,6064,1
3919,6351,1
1416,1130,1
2706,4517,1
6123,5185,1
1625,1919,1
697,5799,1
5129,6218,1
2342,1589,1
10,2177,1
4481,3320,1
727,588,1
1818,1984,1
3174,3733,1
3286,4477,1
983,207,1
106,556,1
1890,1578,1
1143,3150,1
5889,6047,1
105,5769,1
10,807,1
638,1024,1
2463,3124,1
1233,1579,1
4430,4508,1
3990,6332,1
1062,2968,1
2270,2366,1
5029,4892,1
1236,14,1
3746,5426,1
117,872,1
34,235,1
4374,3701,1
48,612,1
4597,4335,1
1471,1796,1
99,3286,1
305,2164,1
3222,1933,1
5672,5735,1
203,254,1
2783,2427,1
5766,5286,1
20,1937,1
1062,2658,1
5123,5534,1
1594,696,1
126,3548,1
3,498,1
6219,2295,1
1205,1661,1
756,3301,1
2233,428,1
735,794,1
1522,1519,1
4038,4687,1
967,1500,1
697,3128,1
292,848,1
6311,6693,1
340,208,1
4897,5889,1
10,2980,1
2725,3242,1
1471,1415,1
2658,2752,1
2127,1972,1
5736,6403,1
2357,2525,1
5769,3410,1
1672,1795,1
2357,3644,1
2620,2507,1
6284,6281,1
2132,2204,1
6322,6686,1
2126,3056,1
2758,1761,1
2348,2226,1
5360,4912,1
6152,884,1
3316,1130,1
284,726,1
5176,2600,1
7020,6585,1
3148,3149,1
783,281,1
2890,4052,1
5105,6770,1
10,1207,1
292,922,1
1640,1003,1
4617,6733,1
1759,1366,1
148,1296,1
3853,5784,1
4604,3286,1
2886,2331,1
2,408,1
6266,3303,1
3306,3301,1
658,781,1
697,4272,1
4536,3445,1
277,1321,1
1681,1256,1
951,2381,1
392,397,1
756,5152,1
5734,3926,1
1306,1657,1
2126,1585,1
3084,1972,1
546,676,1
2926,5247,1
599,603,1
4838,4854,1
5713,6096,1
2290,1637,1
2707,5987,1
2343,6087,1
792,1790,1
1415,781,1
2752,3034,1
3140,4606,1
4175,4561,1
1062,5075,1
2741,3046,1
5,9,1
718,2063,1
3199,2294,1
740,277,1
2913,778,1
6929,5800,1
4939,2521,1
4472,3140,1
41,141,1
4892,4785,1
2366,2163,1
891,3252,1
1268,1646,1
1404,2980,1
4617,4823,1
1950,3870,1
277,1028,1
4463,5966,1
1349,1534,1
5750,6705,1
1359,1578,1
3146,817,1
2882,2864,1
5139,5127,1
649,972,1
5680,5228,1
4223,5165,1
5650,6190,1
1348,3286,1
2617,1961,1
5138,5534,1
5870,5929,1
558,254,1
2763,6405,1
983,1061,1
3574,2867,1
2425,2091,1
2492,2761,1
2444,1669,1
5728,3306,1
2425,2294,1
2382,3781,1
2177,4734,1
29,780,1
2763,4335,1
277,926,1
2062,2467,1
3919,6861,1
4892,6293,1
1811,2707,1
5769,4482,1
6364,5966,1
910,2140,1
1415,5792,1
2506,2975,1
4604,3548,1
128,254,1
1672,1759,1
4854,5330,1
6790,6789,1
2101,2057,1
5151,5127,1
2343,2706,1
1838,6916,1
2030,3415,1
3812,4867,1
656,763,1
4610,3701,1
2039,2032,1
4477,6060,1
5782,6735,1
4417,4077,1
286,725,1
279,622,1
743,2405,1
5889,5563,1
5123,6001,1
692,963,1
4437,1627,1
1377,1128,1
912,2970,1
1263,2787,1
3273,2164,1
430,5420,1
2507,2564,1
2971,553,1
1900,2123,1
1183,1201,1
1945,2765,1
2760,4522,1
4596,6218,1
2270,5034,1
6188,6420,1
2680,5929,1
1719,1578,1
3143,3972,1
3986,5236,1
23,587,1
279,1172,1
762,1657,1
1961,3316,1
1658,2471,1
2348,2580,1
1943,2381,1
2427,2756,1
3109,2871,1
2821,4118,1
5115,2533,1
1811,5628,1
1825,2004,1
1471,2487,1
794,888,1
1420,373,1
4892,6613,1
2548,5490,1
11,232,1
2444,2032,1
7,22,1
697,5868,1
3146,2617,1
119,1353,1
2746,3195,1
4078,2064,1
232,694,1
912,2471,1
2721,2370,1
3111,3495,1
2533,3248,1
8,234,1
1478,1568,1
967,1610,1
340,624,1
305,14,1
29,207,1
3731,3787,1
4477,5125,1
2270,3849,1
2127,948,1
41,1903,1
2044,3124,1
2287,5152,1
879,3150,1
1961,1062,1
4172,4424,1
3643,5075,1
746,1112,1
576,1804,1
2705,3129,1
141,668,1
2177,2127,1
2548,2233,1
4897,4654,1
3140,6173,1
10,1395,1
830,848,1
499,2575,1
3222,2607,1
2767,2397,1
80,76,1
1731,2847,1
1267,6479,1
5792,5612,1
4548,5232,1
279,5324,1
57,570,1
3265,3148,1
2758,1951,1
1416,1724,1
6721,6755,1
3204,1950,1
862,1892,1
5151,5827,1
38,141,1
1034,1944,1
2177,14,1
4077,4129,1
578,871,1
546,7063,1
4616,6227,1
1601,1984,1
6188,6029,1
4915,4854,1
1314,3307,1
77,1244,1
2285,2099,1
3669,3464,1
1763,1984,1
644,1398,1
232,581,1
130,536,1
2706,428,1
422,2673,1
3444,5539,1
1679,2604,1
5784,5539,1
3147,5514,1
10,2202,1
157,398,1
1471,1611,1
2810,3457,1
2431,6545,1
2289,3303,1
1478,1106,1
2826,1900,1
4676,4628,1
1759,1890,1
1627,379,1
2444,2377,1
2291,2438,1
2280,3845,1
1532,1699,1
5792,6782,1
3809,4007,1
3147,5026,1
4615,1351,1
1960,3148,1
2763,4226,1
2444,3242,1
90,2735,1
4209,3845,1
6335,6861,1
2177,4588,1
2619,2378,1
3286,3581,1
3314,5155,1
5288,6876,1
2810,1779,1
1530,4606,1
1806,2838,1
32,228,1
2437,2434,1
910,1066,1
1811,3751,1
2044,3861,1
1116,1183,1
756,1420,1
2758,3301,1
5782,4910,1
3286,4910,1
2455,318,1
4857,5282,1
122,262,1
154,1420,1
4943,5630,1
1026,29,1
4315,3541,1
1031,391,1
6554,6705,1
2062,694,1
13,1021,1
18,257,1
4613,5126,1
4332,4558,1
3782,4854,1
1420,2126,1
277,1956,1
4828,6819,1
5138,5736,1
2705,4823,1
184,228,1
62,1021,1
3248,3624,1
910,1408,1
310,239,1
2044,2908,1
165,2053,1
36,25,1
916,2127,1
2893,3861,1
422,1450,1
1366,1793,1
2389,2123,1
3106,2044,1
422,2507,1
2348,3971,1
4180,4219,1
4943,5800,1
2101,3521,1
2746,2163,1
2427,2315,1
1168,896,1
4171,5734,1
3449,3778,1
4430,4730,1
3390,2787,1
5112,5224,1
1205,926,1
4676,4479,1
5768,4700,1
1277,2202,1
1420,2378,1
2395,1594,1
3242,3457,1
3314,2533,1
2224,2381,1
1205,2323,1
2328,2765,1
2733,3150,1
546,4213,1
718,901,1
3490,3487,1
6152,6667,1
888,1760,1
3681,2427,1
3138,2467,1
1656,2066,1
4194,1238,1
2467,3096,1
1262,1296,1
1625,3825,1
5136,5470,1
2707,3306,1
5218,6107,1
1237,3854,1
1415,4648,1
2997,2838,1
372,279,1
4078,5324,1
5134,5613,1
3053,187,1
4283,5996,1
6029,2540,1
1192,3295,1
4897,5207,1
2090,2842,1
3584,3452,1
2191,3134,1
5052,5050,1
4004,6190,1
1471,3818,1
1192,3108,1
1629,1835,1
4616,4463,1
2396,369,1
2531,6510,1
589,3885,1
3444,3153,1
4417,3446,1
2703,3763,1
4194,2476,1
776,4403,1
1131,1699,1
302,398,1
3681,5198,1
5672,6598,1
4607,4559,1
6084,5929,1
5159,5157,1
3261,6861,1
1653,6181,1
6146,3984,1
422,5087,1
1739,1405,1
6024,767,1
5,660,1
2741,2706,1
1105,3255,1
5161,4672,1
6021,5073,1
6096,6335,1
1609,3555,1
1369,1096,1
4665,2191,1
3809,3904,1
1581,5480,1
2705,3861,1
394,764,1
3579,2756,1
967,1238,1
3314,3649,1
285,2765,1
6029,6479,1
373,1432,1
5238,3508,1
6180,4463,1
656,3108,1
6703,5317,1
904,2381,1
4543,1675,1
1032,3842,1
3336,5247,1
404,2847,1
316,857,1
718,915,1
1214,1730,1
2707,6195,1
3650,2673,1
2427,2738,1
3222,3169,1
5236,5185,1
2810,1933,1
2680,3108,1
838,1648,1
1669,2746,1
4567,4827,1
3106,3033,1
2041,2057,1
2697,2420,1
1050,2016,1
165,1415,1
959,1408,1
3314,5157,1
2767,3034,1
3212,2566,1
697,4366,1
4477,5590,1
3286,2158,1
1664,1770,1
1996,3108,1
499,498,1
2971,2017,1
379,29,1
2063,4872,1
3150,3680,1
1740,2838,1
6173,6415,1
6721,6114,1
4604,5426,1
5539,5688,1
5131,6585,1
1458,154,1
6155,4581,1
746,794,1
1578,1810,1
4693,4787,1
2173,1585,1
3248,1585,1
1718,2071,1
237,1795,1
4261,4068,1
3267,5107,1
4033,4587,1
6811,3981,1
3307,2697,1
2323,4052,1
1417,2123,1
2788,1637,1
4164,3124,1
1290,1629,1
1495,1061,1
3444,1950,1
3329,756,1
13,49,1
4300,1811,1
105,6151,1
1306,1405,1
279,1903,1
2786,6180,1
982,4226,1
1615,656,1
4483,3150,1
2338,2560,1
596,592,1
6351,6782,1
7,495,1
38,357,1
4033,6180,1
2127,3644,1
1900,2183,1
35,228,1
3153,3529,1
6438,7048,1
2470,3108,1
1206,4687,1
6151,3009,1
2041,2287,1
6171,6351,1
105,5151,1
1014,983,1
133,363,1
4684,4970,1
1205,1061,1
2531,5563,1
4417,4872,1
2785,2471,1
7,433,1
5889,5887,1
32,495,1
4543,7070,1
4607,2669,1
3157,3334,1
1205,864,1
197,1562,1
4430,4226,1
2465,1669,1
4616,4576,1
4417,3719,1
5354,5330,1
5061,5612,1
2018,3627,1
1951,3320,1
725,2018,1
3465,5073,1
2228,1951,1
6029,6787,1
1559,2127,1
4315,3997,1
719,2572,1
2507,2373,1
4677,4828,1
6155,6770,1
4018,1585,1
1235,827,1
340,1208,1
3140,5772,1
546,521,1
1168,1480,1
10,213,1
238,1437,1
19,342,1
254,614,1
3013,3347,1
3087,6717,1
39,1381,1
3594,3307,1
20,605,1
801,1605,1
1562,1730,1
2397,6180,1
3280,6227,1
4962,2191,1
5129,6705,1
5713,6123,1
126,5887,1
241,614,1
52,208,1
3812,3002,1
1032,3495,1
5689,4456,1
2457,2373,1
597,592,1
3248,3703,1
2669,2683,1
2164,6281,1
2427,1594,1
862,656,1
2064,2617,1
1277,1940,1
2166,2746,1
1166,780,1
3654,3140,1
5123,5928,1
279,2063,1
3155,3033,1
3581,4063,1
1172,5145,1
4223,2572,1
4502,3765,1
1356,1450,1
4616,5668,1
5161,5685,1
34,51,1
2348,3087,1
10,2315,1
3746,4172,1
10,1747,1
197,316,1
1237,3152,1
398,369,1
3109,3997,1
2457,2575,1
87,3073,1
3106,2765,1
2064,1062,1
3410,4787,1
10,2074,1
4444,2810,1
98,262,1
4773,5139,1
2127,2438,1
2177,1295,1
904,7062,1
1890,1909,1
1032,3334,1
1460,3242,1
1256,2767,1
4272,1267,1
2127,2842,1
2463,3097,1
4116,5904,1
1205,1457,1
6056,6510,1
1734,1476,1
1105,3150,1
6674,3585,1
2507,1420,1
404,138,1
1306,1933,1
3146,3647,1
2270,4098,1
1363,2438,1
3059,2357,1
6335,5139,1
2431,5431,1
3287,2507,1
697,778,1
743,2004,1
10,3870,1
2997,4131,1
11,616,1
41,1892,1
4471,3140,1
1627,1295,1
5058,5573,1
4552,5073,1
4068,5075,1
112,466,1
609,239,1
6011,5933,1
4897,5420,1
4616,5050,1
2467,4559,1
604,844,1
718,51,1
2323,369,1
2758,4499,1
2871,3176,1
284,789,1
5325,5155,1
2420,5770,1
3153,2301,1
2589,2315,1
983,1952,1
2289,2430,1
546,2735,1
1553,5734,1
23,2291,1
1553,6776,1
1658,4068,1
1178,2270,1
502,29,1
6781,884,1
284,1584,1
1938,3873,1
5143,5537,1
3097,4621,1
4149,5292,1
36,489,1
2347,187,1
6683,7029,1
1095,2544,1
284,680,1
2687,2815,1
2348,2373,1
1566,2122,1
1063,1375,1
4607,4068,1
3059,2761,1
1050,1493,1
2912,4999,1
3009,2975,1
1256,5921,1
755,2208,1
3387,428,1
4897,3004,1
1256,5092,1
4468,2584,1
2890,3242,1
99,6026,1
1050,1898,1
5976,4952,1
3990,6770,1
6433,5209,1
4502,6403,1
656,1940,1
4522,4164,1
1961,1793,1
5539,4463,1
478,871,1
1982,1629,1
3548,1542,1
681,3719,1
1376,1512,1
2609,1106,1
2334,2032,1
2850,2430,1
490,383,1
422,6024,1
2090,1634,1
814,5058,1
19,0,1
4784,4605,1
2480,1062,1
2867,3347,1
48,247,1
1890,1450,1
2329,2366,1
6405,3045,1
1408,3138,1
5113,5240,1
2123,2270,1
294,933,1
2763,6565,1
5522,2600,1
697,6647,1
4901,669,1
1555,6218,1
1306,827,1
1002,1796,1
6152,6454,1
640,604,1
54,2166,1
857,896,1
3147,3624,1
633,1802,1
4899,1420,1
2721,1086,1
6811,6537,1
1578,5770,1
129,554,1
5786,5134,1
2123,3150,1
2425,3580,1
5261,5395,1
5718,1675,1
6055,5146,1
912,1701,1
5149,5624,1
157,4350,1
3146,2301,1
5,1259,1
3701,6024,1
1168,916,1
373,698,1
36,1332,1
422,1235,1
4430,4499,1
371,2548,1
1456,2604,1
1640,2377,1
3152,5132,1
2159,2740,1
904,1627,1
286,1024,1
2270,2584,1
2048,1937,1
1996,1761,1
2705,2289,1
5586,3445,1
253,743,1
4425,4256,1
2348,6686,1
1050,1295,1
3143,3238,1
1263,1060,1
3140,6064,1
6335,4836,1
6156,5493,1
2973,2752,1
4082,4061,1
1629,1014,1
63,248,1
4542,6038,1
6265,5769,1
2159,2434,1
5,386,1
2916,3555,1
3826,3825,1
3886,3488,1
105,5237,1
28,1951,1
4677,4990,1
2787,1853,1
3150,3901,1
5145,4700,1
40,342,1
3794,5747,1
2425,3541,1
7,49,1
3059,2430,1
5734,4627,1
2166,1613,1
2680,5772,1
1568,1156,1
3316,3842,1
2348,2867,1
157,1936,1
294,1183,1
1763,3160,1
1268,1432,1
3914,6705,1
5046,4828,1
974,1095,1
1593,5563,1
534,1215,1
5822,4068,1
284,1088,1
286,278,1
1835,1591,1
768,3059,1
4607,4875,1
1116,2032,1
5701,5185,1
4522,4193,1
157,292,1
2463,383,1
2270,1351,1
1062,1734,1
2017,2323,1
169,5293,1
3980,4687,1
9,600,1
1420,4171,1
3978,3464,1
111,2673,1
2127,321,1
3653,3033,1
6152,6864,1
581,719,1
2250,5612,1
6674,7109,1
3148,3320,1
3147,4499,1
279,5224,1
528,51,1
41,1184,1
4606,5375,1
5941,5058,1
6817,6876,1
5769,4952,1
13,885,1
14,139,1
130,356,1
6001,3981,1
3212,2492,1
1681,5126,1
2177,1267,1
2648,270,1
1370,1669,1
2463,575,1
904,187,1
4463,4427,1
5782,4607,1
2348,3410,1
157,1392,1
2063,1940,1
5141,4628,1
1553,3176,1
4892,5747,1
2463,5928,1
2166,1295,1
1669,669,1
3681,3956,1
1432,1566,1
3807,2048,1
10,805,1
6152,6087,1
165,3247,1
4149,3701,1
4177,6946,1
3053,5224,1
2522,2063,1
6626,6986,1
3286,3019,1
4474,6026,1
5701,4350,1
6297,6545,1
5634,6598,1
2549,2328,1
5105,6084,1
2548,5497,1
34,25,1
3446,4217,1
5954,5928,1
1370,2546,1
4293,4299,1
5634,7070,1
41,2289,1
3286,2697,1
2445,1830,1
425,24,1
2457,1950,1
1256,1437,1
2238,2226,1
3678,1192,1
2338,2204,1
3247,2871,1
1555,3901,1
5354,6830,1
111,3176,1
2044,2584,1
4616,5236,1
1050,2223,1
4555,2760,1
4604,4664,1
4914,5916,1
3039,2427,1
5,628,1
48,168,1
546,4648,1
7,739,1
1890,2372,1
2476,778,1
1471,1491,1
4606,4377,1
2995,4805,1
697,2377,1
4892,5889,1
697,5628,1
1586,1579,1
3147,3870,1
3261,5330,1
3147,4377,1
3495,3781,1
2765,4059,1
953,952,1
3303,1420,1
3350,3751,1
1951,3719,1
167,2908,1
3919,5505,1
398,614,1
2048,2980,1
4477,1820,1
2824,1275,1
1615,2226,1
1811,1057,1
3681,817,1
5769,6794,1
4548,4730,1
697,5029,1
2425,2518,1
1256,5431,1
1306,1956,1
422,2127,1
4892,5983,1
6146,6510,1
7,319,1
5695,6722,1
1105,2226,1
3921,3059,1
28,571,1
1681,1456,1
1001,2525,1
285,1063,1
348,284,1
2474,2191,1
4430,5641,1
743,4552,1
499,4836,1
2160,1681,1
5548,4924,1
502,1320,1
3009,6990,1
743,891,1
2703,2764,1
3150,2956,1
5401,14,1
4543,6645,1
778,1393,1
28,1450,1
2733,3248,1
3394,3691,1
670,2079,1
3495,3861,1
2841,6777,1
1835,1908,1
4632,2370,1
2742,2467,1
3444,6085,1
934,5496,1
2456,1567,1
3662,4291,1
2765,4052,1
609,753,1
4618,4118,1
2323,3073,1
1063,1082,1
4542,1285,1
3336,4687,1
1148,972,1
6068,5161,1
5470,6024,1
2338,1924,1
5102,6332,1
3444,4097,1
2366,2740,1
681,1290,1
4412,6084,1
692,897,1
3087,4038,1
105,910,1
2833,3591,1
1166,1344,1
2062,1393,1
701,1643,1
4561,4605,1
340,2405,1
2814,2191,1
59,5,1
3746,3134,1
1951,1493,1
5539,4788,1
638,901,1
1824,2583,1
1838,2381,1
5809,4672,1
4067,1585,1
221,564,1
4426,4077,1
5881,5586,1
6034,5289,1
1322,888,1
362,2600,1
3982,1585,1
3189,817,1
882,725,1
3913,5292,1
3084,3146,1
5769,6953,1
483,64,1
4897,4213,1
281,2123,1
1370,2740,1
3173,2506,1
2707,4066,1
6055,6084,1
390,812,1
2044,5167,1
2705,4499,1
19,217,1
950,2451,1
3053,2099,1
78,1028,1
1537,1795,1
2059,3591,1
5918,4813,1
6171,5146,1
5881,6024,1
4417,4724,1
2967,3842,1
41,1297,1
1059,751,1
398,4517,1
2781,2735,1
1743,1124,1
5139,4867,1
4412,4813,1
912,1294,1
1681,2465,1
830,277,1
4239,4233,1
5,270,1
2763,2831,1
3314,5405,1
5360,4552,1
1530,2361,1
169,781,1
48,495,1
2377,2435,1
4599,6512,1
6084,6186,1
1935,1062,1
285,1358,1
1156,1803,1
279,1437,1
4310,4696,1
5102,3644,1
6369,6613,1
4582,14,1
1996,6190,1
512,340,1
2669,2695,1
1349,6770,1
2425,3870,1
1105,5555,1
2348,3054,1
4892,6755,1
2707,3904,1
5129,4537,1
3153,5194,1
5488,5633,1
157,2133,1
5706,5921,1
1627,2371,1
4430,4443,1
5202,14,1
3921,2158,1
422,2348,1
1555,4061,1
4598,5152,1
1900,1814,1
294,3360,1
3314,4676,1
6055,6733,1
54,1730,1
1056,1450,1
1485,1940,1
4894,3153,1
2767,1892,1
54,1244,1
1870,606,1
1933,1761,1
3673,3242,1
13,3691,1
1636,1060,1
1034,735,1
5236,6293,1
2427,1062,1
112,3555,1
28,428,1
63,0,1
1404,271,1
2388,2847,1
1979,1984,1
1057,1061,1
3248,2357,1
3534,4172,1
6734,6733,1
340,1197,1
3903,3781,1
3488,3997,1
1458,1816,1
2763,2444,1
5238,817,1
3799,3818,1
3204,3248,1
2099,3301,1
5132,6776,1
1811,3034,1
5736,6087,1
1408,698,1
1002,1415,1
4612,2357,1
78,4477,1
1949,1676,1
3140,3800,1
80,944,1
23,1670,1
910,1897,1
4522,6024,1
5127,5153,1
3212,1567,1
4409,4573,1
5551,3286,1
1002,5929,1
61,161,1
2041,1064,1
6462,6946,1
5123,6064,1
2032,1937,1
155,2838,1
5539,2600,1
1341,2191,1
1535,4275,1
2127,1001,1
57,558,1
2431,2518,1
3147,5058,1
510,547,1
5634,3020,1
2463,3702,1
3148,1851,1
3655,6420,1
4911,3150,1
157,5058,1
4599,5072,1
1447,1001,1
2890,3971,1
232,786,1
698,5209,1
10,281,1
576,3649,1
701,1062,1
4943,3701,1
217,208,1
3140,5236,1
4700,5109,1
4522,5904,1
3480,4171,1
3336,2617,1
340,945,1
1105,5145,1
3678,3360,1
7033,6302,1
133,535,1
2471,3330,1
3256,3255,1
2123,3487,1
54,2747,1
4892,4033,1
19,28,1
2765,1054,1
2785,553,1
4177,4193,1
5924,6479,1
2159,2099,1
1366,2764,1
1375,1493,1
28,239,1
599,5641,1
2038,4787,1
1420,4787,1
2357,2457,1
57,361,1
955,1676,1
398,4177,1
335,43,1
1143,1432,1
4602,1285,1
3654,5688,1
2191,2847,1
2126,3247,1
2348,6161,1
2056,1898,1
4149,6735,1
5742,5209,1
2044,2746,1
1896,1640,1
3087,5772,1
1156,2691,1
740,735,1
3678,4108,1
34,614,1
2357,2124,1
6152,4696,1
4892,5534,1
3484,3242,1
6299,4366,1
4897,4366,1
2975,3055,1
2833,2090,1
3058,3531,1
1420,1835,1
1999,1014,1
547,381,1
910,1944,1
2463,4602,1
1519,3316,1
141,5194,1
565,254,1
4068,5102,1
3799,4499,1
3681,3701,1
6224,6281,1
4332,2818,1
1062,4061,1
632,3134,1
1408,1420,1
1156,3150,1
2600,6001,1
973,5165,1
6168,6180,1
3087,5682,1
1257,1258,1
1761,762,1
2173,3691,1
1469,3004,1
4910,5480,1
2790,3452,1
490,2855,1
13,342,1
2246,6429,1
911,1275,1
5123,4552,1
4502,5019,1
4361,5131,1
2680,2711,1
4603,5232,1
3733,1828,1
1063,1923,1
67,332,1
279,3295,1
2123,2740,1
718,1238,1
3144,1585,1
281,1658,1
2738,2127,1
6123,6737,1
1629,1745,1
3261,4605,1
1478,1559,1
3150,2164,1
6096,5736,1
5866,5864,1
2463,3452,1
3788,1372,1
5929,5145,1
938,2289,1
6869,6735,1
4256,4610,1
3647,6087,1
3087,1464,1
2703,2908,1
2377,2166,1
3873,5854,1
3314,2223,1
2463,4621,1
1032,2048,1
10,605,1
1031,1294,1
2465,2575,1
3172,3306,1
2707,2572,1
4910,5247,1
19,5,1
3189,4895,1
1035,2580,1
3097,2357,1
973,5735,1
3287,3134,1
6220,6335,1
697,3765,1
116,815,1
1416,1562,1
2742,3172,1
4239,14,1
1203,1183,1
373,1835,1
3150,3464,1
2357,2976,1
4801,5630,1
3212,2761,1
1105,1278,1
422,6565,1
656,812,1
3505,2044,1
1817,1486,1
862,1296,1
3009,3108,1
3812,5317,1
4430,2531,1
3654,5198,1
3854,2657,1
68,1421,1
2781,2396,1
6415,5904,1
1277,1562,1
2348,2575,1
1002,6653,1
1192,2122,1
1268,1424,1
3459,2756,1
947,1143,1
3546,4031,1
3807,4541,1
1471,2980,1
2459,2790,1
184,1021,1
2972,2381,1
3854,2815,1
747,1432,1
902,2372,1
641,1676,1
1141,2381,1
697,5688,1
5144,4033,1
1062,1124,1
1900,1266,1
1172,2397,1
22,950,1
3077,2760,1
2505,3765,1
6146,5107,1
3265,3870,1
404,369,1
4477,3475,1
3746,5050,1
155,1464,1
588,239,1
4427,5092,1
1938,2604,1
3654,3873,1
5286,6510,1
286,1052,1
307,125,1
5,755,1
41,355,1
3394,5109,1
766,2818,1
2467,4872,1
3387,1130,1
2048,4131,1
2164,3124,1
48,767,1
157,910,1
2039,1937,1
3313,3719,1
2607,4129,1
1486,1730,1
3330,2867,1
4082,4823,1
1306,2289,1
2553,2691,1
3287,3097,1
5539,5864,1
4892,5563,1
6709,1372,1
4033,4628,1
6,64,1
4149,5198,1
4482,4164,1
73,163,1
246,3981,1
1363,1575,1
2676,4286,1
1233,1747,1
923,4672,1
4576,6565,1
2044,3842,1
5870,5534,1
2833,2375,1
3587,4817,1
3996,6820,1
3030,2980,1
1032,5479,1
1050,3059,1
2349,1578,1
51,139,1
4854,4164,1
310,800,1
4910,5127,1
2799,2430,1
69,285,1
1890,1956,1
2466,4535,1
2906,3971,1
4606,5743,1
1029,874,1
578,254,1
1056,1473,1
2464,2790,1
1050,5161,1
5602,6064,1
2975,2747,1
665,645,1
422,5330,1
23,3619,1
6490,5493,1
910,1669,1
4599,4350,1
2337,1924,1
4910,5324,1
2548,3059,1
2287,669,1
680,945,1
1737,1790,1
1088,2226,1
3977,3873,1
2673,2787,1
2457,3661,1
0,239,1
2477,3719,1
1736,2287,1
270,862,1
4784,5029,1
333,474,1
2533,14,1
913,1463,1
2260,694,1
4477,5767,1
2202,2357,1
6835,6302,1
2224,1501,1
3287,2673,1
4897,5942,1
4868,4177,1
57,573,1
2127,1950,1
2126,383,1
77,363,1
1763,4517,1
6674,6733,1
2763,3238,1
1095,2377,1
1471,2331,1
6683,3644,1
422,4256,1
23,1064,1
1408,51,1
2348,2018,1
2048,5740,1
2971,2756,1
628,1734,1
3143,2172,1
2348,2315,1
4548,5029,1
4082,4606,1
5135,4628,1
41,1579,1
53,118,1
4846,553,1
7,711,1
1829,1393,1
28,332,1
3286,3672,1
4009,4788,1
2463,4782,1
3344,2506,1
1690,1704,1
422,6001,1
4854,5933,1
23,3146,1
111,1057,1
6703,6789,1
1947,910,1
5769,4226,1
1035,4164,1
2018,2053,1
3672,3680,1
3718,3627,1
2765,3033,1
78,254,1
2048,5590,1
566,612,1
2430,2471,1
696,863,1
1608,5742,1
111,3651,1
1961,2250,1
2767,1330,1
3313,3751,1
39,262,1
263,2127,1
2469,4052,1
2323,3765,1
4878,5034,1
62,3280,1
10,3580,1
4604,4463,1
5750,5376,1
5686,5330,1
3147,5109,1
697,3160,1
9,122,1
591,581,1
4116,5117,1
10,1197,1
1420,2617,1
1916,1909,1
3177,3176,1
5245,2531,1
2348,6399,1
1256,1393,1
3313,3315,1
2431,2893,1
3594,3529,1
1408,2760,1
2357,5129,1
314,254,1
5102,3303,1
1431,2176,1
865,1437,1
701,1112,1
801,1258,1
1699,2191,1
2746,2747,1
1404,379,1
6587,2810,1
279,679,1
910,1323,1
281,743,1
3682,1267,1
4892,3392,1
1037,956,1
5127,6585,1
1984,168,1
5889,6000,1
10,457,1
2463,4700,1
4824,4822,1
3155,3849,1
3319,2756,1
2064,2053,1
888,794,1
6455,6585,1
1062,3861,1
119,1566,1
6055,6752,1
1035,588,1
4417,4634,1
422,1355,1
53,1559,1
3381,2697,1
1649,947,1
1640,3007,1
3493,2348,1
5786,5155,1
1131,1640,1
1056,1003,1
4892,4414,1
3143,5157,1
2707,4403,1
641,1386,1
1420,2063,1
312,138,1
5317,6389,1
1235,1670,1
4622,5890,1
2459,2381,1
4430,5474,1
1303,2838,1
1180,875,1
2126,1184,1
1818,3330,1
697,2575,1
1806,606,1
3097,4131,1
4892,5792,1
6415,4836,1
499,2617,1
3898,2301,1
4078,4872,1
3655,2735,1
1256,6026,1
3986,4696,1
3124,4480,1
6349,6351,1
4226,3644,1
2204,2566,1
5301,6998,1
1471,2707,1
1341,1332,1
4892,6190,1
1820,6244,1
4386,5496,1
991,239,1
93,653,1
1198,1253,1
4477,5892,1
1415,3589,1
1192,2691,1
1890,2425,1
167,2125,1
743,2428,1
5769,3644,1
1563,1559,1
7,156,1
372,605,1
2327,1244,1
910,1609,1
1731,2315,1
2492,3892,1
4817,5167,1
2287,2818,1
5713,3004,1
583,254,1
2163,2291,1
1619,505,1
2747,3901,1
701,4787,1
4226,2315,1
5769,6538,1
247,316,1
5286,4463,1
1636,1646,1
286,398,1
1050,1631,1
1478,1644,1
1056,1575,1
2166,1366,1
372,163,1
6369,5612,1
254,698,1
4279,6789,1
2101,2381,1
34,312,1
6156,6218,1
4672,4605,1
2044,2477,1
615,681,1
5139,3286,1
305,4852,1
5218,5329,1
1178,1098,1
422,4033,1
697,2158,1
1002,5104,1
2398,5539,1
5787,5539,1
3444,6056,1
6079,6029,1
3220,2465,1
279,294,1
2617,4312,1
718,1541,1
5792,2956,1
2063,3446,1
10,1001,1
6300,5329,1
3408,2732,1
3147,2533,1
1668,3580,1
1825,1629,1
1471,2293,1
3814,3287,1
3303,3059,1
1672,2128,1
13,1,1
10,3444,1
2202,5612,1
3390,3261,1
6560,3644,1
5105,5289,1
2705,2090,1
5701,6437,1
5695,4777,1
2477,2126,1
5396,5293,1
4599,5946,1
5286,3087,1
99,5167,1
5751,6050,1
3997,3921,1
2,22,1
1452,1131,1
5043,5586,1
281,911,1
3178,1176,1
3733,2301,1
886,883,1
5127,4261,1
2055,4654,1
1424,1555,1
2191,1594,1
6026,6332,1
3654,4561,1
1672,2190,1
2294,3040,1
28,743,1
743,3719,1
4892,2680,1
1900,1919,1
1627,168,1
2824,2166,1
2463,3189,1
2246,5141,1
4446,2164,1
4377,4656,1
6496,6647,1
2756,3406,1
2348,6537,1
2328,2525,1
505,1657,1
1471,2908,1
1325,1453,1
3152,3169,1
3990,5555,1
5766,6085,1
4068,4617,1
1168,2315,1
967,1795,1
1653,3529,1
896,1542,1
1838,1829,1
2348,391,1
6151,1820,1
1562,2010,1
4324,4118,1
4617,4872,1
5456,14,1
1235,1802,1
5129,6861,1
1002,6415,1
6371,4627,1
2457,2492,1
23,5668,1
1420,4297,1
5102,6798,1
1593,1655,1
919,719,1
5238,4817,1
77,1450,1
803,816,1
500,1003,1
1277,2176,1
1949,1135,1
5286,3453,1
5921,6537,1
1438,1408,1
917,1098,1
23,2476,1
2763,3453,1
432,1001,1
1088,29,1
3146,4822,1
5116,2815,1
307,5768,1
5123,6809,1
78,2315,1
1110,2847,1
62,217,1
3672,3488,1
1720,853,1
23,5058,1
2841,2163,1
2348,2760,1
10,2544,1
5514,6026,1
373,1956,1
2463,3150,1
2078,391,1
2371,962,1
5123,6454,1
181,521,1
6156,6510,1
2676,4217,1
2287,14,1
57,4672,1
3727,2127,1
1609,2125,1
4477,4857,1
1486,2289,1
2127,6420,1
974,2032,1
3610,3189,1
4377,4782,1
972,1244,1
6377,6403,1
546,1184,1
3459,1419,1
1559,2855,1
1668,2761,1
1945,2381,1
3147,3154,1
887,571,1
2799,3594,1
6334,6819,1
1202,1682,1
1485,762,1
1450,1050,1
5123,5073,1
294,2166,1
563,546,1
5,554,1
280,64,1
2425,2571,1
4615,5061,1
2366,4787,1
3287,4077,1
2746,4007,1
3982,3148,1
1608,6733,1
3313,2301,1
3546,2420,1
245,552,1
4445,2301,1
2132,2425,1
1599,1658,1
77,405,1
5795,5800,1
38,341,1
422,1542,1
2763,5152,1
967,207,1
6296,5827,1
4897,4261,1
9,599,1
1773,2575,1
1235,1205,1
2741,1669,1
1306,1392,1
2126,1464,1
2,405,1
1032,4275,1
2463,2850,1
1900,874,1
1629,1814,1
3647,1285,1
10,3147,1
912,2124,1
1345,1575,1
3315,4064,1
3212,2397,1
746,5537,1
6019,6437,1
5073,5573,1
951,2289,1
4607,5770,1
2323,1853,1
591,1682,1
2533,4222,1
2169,1940,1
750,747,1
4221,4787,1
1766,1821,1
1034,1106,1
680,3189,1
2617,2063,1
340,51,1
5037,3799,1
1618,505,1
5,1643,1
3242,2980,1
5186,5194,1
2763,2506,1
3059,2492,1
373,521,1
1027,606,1
4606,5185,1
340,805,1
4033,6050,1
4950,2531,1
3044,2465,1
4437,4098,1
912,5593,1
2463,3939,1
4586,3334,1
546,733,1
2975,3248,1
4599,6833,1
5645,5641,1
4956,3529,1
743,3951,1
6083,6203,1
904,6916,1
157,1607,1
4401,3644,1
5176,4098,1
1424,1793,1
6683,5237,1
5123,4061,1
1471,2617,1
3287,4287,1
2808,2371,1
5354,7027,1
36,44,1
2425,4077,1
659,3109,1
4125,3581,1
2162,2378,1
422,5628,1
5149,5127,1
3612,3242,1
36,910,1
4897,5131,1
3212,3531,1
1900,2066,1
5134,6195,1
718,644,1
697,5887,1
4078,3153,1
3587,3594,1
4430,5236,1
1366,521,1
4640,4226,1
1168,29,1
1393,794,1
281,278,1
4617,6647,1
3296,3045,1
6218,6752,1
2607,3751,1
2548,4722,1
1131,1124,1
2897,2465,1
3087,6038,1
3143,1351,1
911,1059,1
422,1613,1
1982,885,1
6180,6351,1
1205,1318,1
2648,2548,1
2466,2697,1
697,2742,1
4077,4283,1
1619,1424,1
4417,2829,1
2179,4895,1
1619,6151,1
93,4827,1
3313,2427,1
502,1082,1
1359,875,1
23,532,1
2343,6146,1
1664,1420,1
7,205,1
2680,3176,1
376,130,1
2343,6737,1
3149,2544,1
910,694,1
6018,5127,1
285,1803,1
6019,4961,1
2586,1420,1
5,5480,1
1458,1644,1
4430,4872,1
2270,6056,1
5769,6789,1
681,950,1
1156,1919,1
3296,1593,1
4897,4543,1
1415,4676,1
6101,5921,1
3143,4304,1
2270,4031,1
3058,2191,1
155,4456,1
1056,533,1
5870,4149,1
1900,2546,1
3701,14,1
2752,1669,1
2090,2871,1
10,1400,1
3444,2799,1
286,612,1
3143,3045,1
5792,6173,1
157,1476,1
656,2293,1
4617,6598,1
1891,1260,1
4210,3845,1
3654,4431,1
1471,916,1
697,2584,1
2617,2343,1
6154,6645,1
3807,3488,1
3286,3446,1
1917,2123,1
3701,4961,1
1095,6653,1
1483,1363,1
2126,3842,1
674,604,1
1277,5933,1
6050,142,1
1949,944,1
6415,6454,1
1110,1493,1
944,2331,1
5043,4831,1
1404,1208,1
105,6619,1
3147,4606,1
1244,1062,1
107,554,1
641,1028,1
3348,3169,1
1415,5376,1
1471,4063,1
3545,6861,1
24,26,1
2431,3459,1
2282,2062,1
3147,4172,1
801,3647,1
1718,2759,1
10,4528,1
1351,2343,1
547,658,1
982,4945,1
3314,2956,1
1420,2765,1
3222,2459,1
1263,1853,1
2328,3849,1
5742,4892,1
254,221,1
318,5929,1
3475,4832,1
81,26,1
5317,6302,1
947,683,1
6390,3020,1
1471,1349,1
912,885,1
4437,4832,1
4919,4518,1
197,910,1
4253,1851,1
2750,3073,1
3668,3680,1
3669,4808,1
719,1518,1
2425,5167,1
1804,855,1
2078,1681,1
4705,5735,1
2348,2752,1
5806,4672,1
4417,3956,1
2463,3320,1
6029,5800,1
4962,5050,1
3669,3541,1
6146,5185,1
2697,2507,1
537,612,1
5921,5514,1
6335,6302,1
4506,5800,1
1060,1802,1
4817,2669,1
4552,5563,1
4616,1235,1
3059,1589,1
4430,4108,1
4561,5029,1
1256,6190,1
1759,2697,1
1530,4077,1
1585,2617,1
4910,2747,1
237,521,1
3273,6598,1
3921,3320,1
2463,2607,1
157,1364,1
2037,2208,1
7,346,1
2638,4808,1
7,387,1
4617,4559,1
904,3867,1
2476,2427,1
2757,2044,1
5360,4895,1
5750,5987,1
1110,2381,1
4417,5131,1
2294,2580,1
2151,2765,1
2431,6161,1
3444,4233,1
5512,5105,1
817,76,1
3273,4606,1
1297,1514,1
4425,5126,1
123,331,1
340,1961,1
2126,2063,1
1040,1550,1
310,363,1
2330,1664,1
626,2893,1
5081,4817,1
776,7029,1
5129,5630,1
1736,3861,1
1256,6733,1
4172,5034,1
1740,1372,1
2770,1184,1
1262,1485,1
3286,5167,1
232,495,1
2126,1485,1
2787,1761,1
1314,1961,1
5572,4472,1
1394,1724,1
3143,4552,1
2348,2617,1
5989,5107,1
316,2389,1
5146,5925,1
1105,2348,1
5672,4813,1
2078,2293,1
3329,3866,1
756,1613,1
2357,1924,1
3581,5232,1
3360,3691,1
2044,2582,1
5373,5688,1
1344,1096,1
1447,2477,1
9,675,1
1277,2356,1
4603,4801,1
697,2294,1
1478,910,1
719,4480,1
3109,2575,1
153,2760,1
1151,1061,1
649,733,1
4599,6349,1
292,398,1
52,239,1
1050,1095,1
755,1808,1
2471,2427,1
2282,2471,1
5137,2810,1
86,9,1
1615,1703,1
2169,2062,1
157,1590,1
3681,3387,1
5612,6202,1
2833,3255,1
1506,2019,1
6218,7109,1
3906,3781,1
917,645,1
422,1014,1
4377,2657,1
3147,6598,1
5127,6884,1
1625,2044,1
5236,4559,1
1756,4535,1
1471,1306,1
4819,5628,1
23,1471,1
1168,3580,1
3325,4499,1
4965,4287,1
6029,6647,1
2917,2348,1
1424,1448,1
1348,1353,1
3143,5470,1
4616,5073,1
232,1730,1
78,2250,1
2461,3446,1
5534,6029,1
4098,5505,1
4892,5431,1
683,876,1
1363,215,1
422,2810,1
99,4676,1
143,237,1
910,1306,1
5317,4910,1
2233,14,1
4477,5470,1
2898,4118,1
285,48,1
2463,3644,1
6010,5401,1
5792,6026,1
126,4823,1
2476,2381,1
3921,2818,1
2582,2123,1
2734,3108,1
2763,3488,1
2160,2381,1
6438,6334,1
311,855,1
3669,2127,1
604,5929,1
4463,3315,1
118,812,1
1370,1424,1
1615,1644,1
2431,3679,1
1880,1681,1
3336,5075,1
4038,2466,1
1150,972,1
5641,4038,1
5989,4924,1
286,1039,1
3150,4377,1
1415,6123,1
1404,2062,1
105,3926,1
1806,3255,1
1909,2371,1
4426,3360,1
692,1088,1
1131,1205,1
2721,2908,1
1420,1064,1
680,1802,1
4548,5588,1
5129,3529,1
6496,6650,1
4194,4411,1
1342,5149,1
2742,3457,1
591,1594,1
5,227,1
1609,2752,1
2912,4854,1
3138,2397,1
2617,1892,1
972,860,1
366,649,1
3200,2465,1
112,5628,1
422,5682,1
1658,4098,1
174,64,1
50,277,1
3807,2164,1
251,248,1
99,2455,1
2467,1057,1
2126,3907,1
4463,5149,1
6146,3926,1
6171,6526,1
6748,5734,1
3286,5145,1
5292,6029,1
735,1923,1
5309,5292,1
1421,2908,1
4140,3059,1
4463,5224,1
5989,4892,1
1233,1106,1
310,815,1
753,48,1
3204,3842,1
3086,7068,1
1675,669,1
4212,3845,1
286,372,1
839,76,1
2337,4558,1
6146,6798,1
901,1088,1
1205,1956,1
1578,3140,1
743,781,1
1032,3904,1
4629,4787,1
1172,1173,1
1116,1463,1
2789,1851,1
2746,270,1
779,774,1
1056,1676,1
5467,4912,1
4809,4867,1
4809,5050,1
3286,3873,1
1374,1001,1
6,1299,1
2357,2465,1
641,972,1
972,1296,1
1625,2191,1
3143,6686,1
1471,3644,1
2246,5161,1
2357,1881,1
48,606,1
3467,2980,1
1687,1415,1
1306,1214,1
3329,3330,1
422,6056,1
5713,1372,1
2444,2017,1
112,5734,1
5123,4219,1
5680,4366,1
5130,3306,1
118,1332,1
5672,5772,1
697,1266,1
2348,1184,1
1040,1463,1
6748,5330,1
6146,3594,1
1363,1066,1
1420,1631,1
1034,926,1
2444,2459,1
2571,2968,1
1946,1509,1
3147,3096,1
2327,2580,1
3610,2428,1
1930,6798,1
6146,6591,1
983,1419,1
279,930,1
305,4079,1
3208,3457,1
422,4850,1
4522,3306,1
2764,3301,1
3651,1828,1
4618,2995,1
422,2864,1
3653,1585,1
2760,3150,1
2151,2032,1
4078,3956,1
2037,1471,1
2525,2698,1
284,1483,1
1034,644,1
910,1415,1
4315,4032,1
1014,1089,1
3106,4730,1
1096,1276,1
1001,1130,1
3444,14,1
4098,4522,1
4194,3045,1
2772,2372,1
6137,4068,1
4194,4304,1
6151,6737,1
284,1294,1
2357,2572,1
860,1060,1
3168,2397,1
2761,3340,1
5151,5792,1
10,1851,1
2270,3531,1
2018,3242,1
3919,4872,1
1116,1143,1
835,1578,1
48,6349,1
4377,4456,1
1447,2010,1
2395,778,1
5144,4602,1
5146,4912,1
2172,2291,1
422,6850,1
4429,4518,1
2463,5527,1
1801,1173,1
294,536,1
38,25,1
3212,1933,1
5043,5401,1
3154,4952,1
4283,4672,1
422,5286,1
1235,505,1
2719,2166,1
3148,3842,1
6300,5827,1
57,675,1
6351,6798,1
6152,6653,1
34,361,1
7077,4773,1
2459,4606,1
5376,6161,1
1653,3286,1
4483,4822,1
10,248,1
3904,5735,1
1078,857,1
3716,4552,1
5734,5733,1
5771,5770,1
5317,6064,1
4051,4528,1
5989,6356,1
4541,6001,1
10,2420,1
6898,6916,1
5042,3168,1
5539,4961,1
6923,6926,1
967,521,1
6019,4634,1
2169,1803,1
4452,3140,1
2752,2767,1
5123,6015,1
4175,2476,1
6878,4477,1
4892,6146,1
10,1534,1
398,1915,1
142,4522,1
665,933,1
3919,2747,1
5356,5414,1
697,4576,1
294,4518,1
1237,1701,1
1471,2477,1
391,1730,1
1933,2567,1
2182,2004,1
5539,4602,1
2687,2331,1
159,141,1
3017,2204,1
2126,4023,1
5506,4801,1
3087,6123,1
2705,3644,1
4078,6065,1
766,2172,1
733,29,1
3248,3591,1
2477,3861,1
4899,2087,1
4899,669,1
1924,5109,1
3672,3971,1
2767,2566,1
1116,1707,1
2431,3134,1
2673,3169,1
111,2381,1
1050,2438,1
4430,4587,1
2617,2818,1
2785,2742,1
5870,5706,1
5769,6412,1
4063,4233,1
2752,2038,1
4965,3701,1
5929,6437,1
2471,5668,1
2459,2880,1
2813,2477,1
1811,1460,1
238,239,1
3732,3861,1
4910,6510,1
2652,1761,1
2050,1260,1
951,875,1
1938,2190,1
1099,1507,1
2270,5050,1
1962,1956,1
2752,2357,1
1141,2735,1
286,749,1
502,608,1
5354,5488,1
5127,6538,1
6029,6001,1
1829,1584,1
3189,1464,1
1880,2349,1
697,3649,1
5918,7109,1
2548,1184,1
2373,1419,1
5147,3529,1
680,1562,1
913,719,1
2758,3845,1
701,1664,1
2676,4525,1
5792,6420,1
3643,3134,1
1365,1890,1
5786,5512,1
4603,2301,1
2761,3861,1
3548,4077,1
697,4449,1
317,526,1
398,2760,1
23,1415,1
2506,3630,1
2471,2740,1
3446,3320,1
1178,1254,1
422,1944,1
2197,1676,1
2151,1562,1
755,1747,1
3051,2761,1
1306,1476,1
422,4552,1
398,4312,1
157,1453,1
99,3315,1
2617,2810,1
2836,4108,1
4194,318,1
1415,3645,1
3446,5247,1
3146,4499,1
2492,3195,1
3147,3581,1
2465,4561,1
279,660,1
1398,1578,1
2348,5073,1
1141,3059,1
2518,5112,1
1471,1094,1
669,5929,1
3681,4787,1
697,1197,1
6207,3926,1
6952,6953,1
99,3529,1
1471,1447,1
641,1306,1
1192,2160,1
6327,5929,1
1014,1415,1
155,2099,1
5870,3926,1
3919,4676,1
1166,588,1
6923,7068,1
1050,1816,1
1890,656,1
912,575,1
4451,4528,1
22,125,1
4591,4782,1
286,207,1
697,3252,1
1951,3059,1
2463,5792,1
2975,3464,1
68,547,1
4613,4561,1
3737,3971,1
632,743,1
2463,2758,1
1020,1019,1
2603,1238,1
4691,2191,1
2348,7080,1
6695,6861,1
4910,5087,1
2763,2760,1
2204,3160,1
1303,1244,1
1766,1578,1
2913,3301,1
3058,2760,1
10,3702,1
2833,896,1
3413,5194,1
286,747,1
4603,5050,1
1154,1136,1
1492,1415,1
4601,4377,1
1672,2366,1
1032,4705,1
5317,6161,1
6293,6420,1
1256,1759,1
1376,910,1
4180,3286,1
279,1376,1
5989,6186,1
310,6861,1
292,1294,1
2463,3861,1
2357,6087,1
5,482,1
285,1669,1
2548,1820,1
1933,2838,1
2463,2697,1
1471,2405,1
609,933,1
3680,3904,1
4417,5827,1
2890,3054,1
3919,1655,1
2348,6833,1
2037,1184,1
6096,6693,1
3889,669,1
2463,5799,1
3087,6403,1
3920,4535,1
197,1623,1
1629,1730,1
697,4424,1
1256,2071,1
236,1238,1
1625,910,1
695,4641,1
6161,6429,1
662,660,1
3989,2617,1
54,2492,1
2500,3195,1
6100,5921,1
2763,2740,1
1593,2815,1
2766,3475,1
154,4195,1
2169,930,1
2456,2617,1
1050,2371,1
1945,5198,1
3149,2765,1
287,270,1
3584,1420,1
1062,2582,1
422,3627,1
2463,2357,1
3679,6180,1
1763,1594,1
1828,5766,1
1002,3009,1
20,729,1
2122,5480,1
2396,2315,1
794,1355,1
5585,4287,1
14,1892,1
3314,5548,1
3654,5102,1
4323,3189,1
5474,6756,1
3287,4558,1
1811,1464,1
6810,6777,1
734,1602,1
69,44,1
7031,7048,1
5127,4952,1
4738,5034,1
2548,3452,1
4315,4725,1
967,669,1
372,5792,1
1050,3320,1
1562,1184,1
1949,2564,1
3990,2831,1
697,5157,1
1555,1064,1
3153,5073,1
43,1021,1
2747,4552,1
1761,2765,1
5912,4213,1
1664,1968,1
1002,781,1
2179,2004,1
4149,4177,1
904,3644,1
1420,2863,1
4283,4482,1
4897,5738,1
22,640,1
896,872,1
683,815,1
3490,4687,1
3314,2912,1
1363,1670,1
4606,4508,1
5,408,1
2926,4108,1
4609,3529,1
289,726,1
5284,3644,1
1553,4535,1
1342,2071,1
279,832,1
2343,3287,1
3087,5420,1
1136,2980,1
1447,1420,1
2285,2428,1
1394,1405,1
1105,5293,1
1062,2580,1
2693,1567,1
2763,2563,1
701,571,1
2090,2571,1
241,1791,1
1032,3134,1
5827,6281,1
3153,14,1
2904,2575,1
4406,14,1
2721,2063,1
972,2048,1
1143,1699,1
3654,4850,1
1359,270,1
3189,5282,1
1002,2366,1
54,1984,1
3654,4705,1
2191,2980,1
7,167,1
6192,6351,1
284,581,1
873,937,1
910,1611,1
6207,5127,1
3513,1197,1
41,125,1
5921,4581,1
5286,5743,1
862,1112,1
1447,1643,1
3111,4164,1
3168,3360,1
77,1142,1
5469,3445,1
294,1559,1
2063,2371,1
4164,1655,1
3148,3555,1
1824,1890,1
6633,5890,1
6220,4463,1
4310,4872,1
3248,3904,1
3261,4561,1
3464,3997,1
948,2328,1
3297,3627,1
896,1956,1
2127,1892,1
5354,6026,1
28,76,1
3248,2270,1
801,4031,1
5317,5966,1
1233,1575,1
4149,5782,1
4738,6161,1
910,2838,1
1835,379,1
1220,2293,1
3731,3287,1
5292,5514,1
3316,4063,1
5301,6752,1
501,498,1
1348,2191,1
4315,4226,1
1684,1915,1
6574,6798,1
4561,2315,1
340,512,1
1041,2698,1
945,3444,1
4612,4118,1
2463,4872,1
2760,5330,1
3094,1493,1
301,69,1
904,1062,1
2428,4979,1
2466,2457,1
5904,4961,1
4222,2250,1
5534,5539,1
5131,5493,1
4677,4068,1
3287,4177,1
5669,5668,1
3718,3763,1
2127,2430,1
3084,698,1
2127,2379,1
1137,1096,1
4676,4098,1
3718,3825,1
718,1919,1
3242,3685,1
1192,1984,1
877,1555,1
112,4605,1
68,1080,1
315,125,1
5396,5292,1
5,1128,1
105,6833,1
1239,1253,1
6514,5329,1
5263,4552,1
3921,1593,1
1979,2587,1
3140,3004,1
647,1457,1
1192,1285,1
10,4499,1
2706,2064,1
942,680,1
5146,3261,1
3990,4463,1
232,510,1
2463,2604,1
2348,2191,1
6646,6770,1
1106,1968,1
5705,5222,1
5360,5087,1
3921,4787,1
5129,5073,1
3150,5628,1
2348,2564,1
2425,1295,1
6171,4447,1
2705,2127,1
62,3004,1
2444,1062,1
1062,3885,1
1244,794,1
284,2138,1
4943,4576,1
2348,6107,1
62,2855,1
6176,1820,1
2290,3295,1
5766,4672,1
2463,4420,1
3313,2548,1
5129,5105,1
19,860,1
3495,3581,1
3150,3999,1
2456,3295,1
5161,4892,1
1961,3508,1
746,4672,1
1366,1404,1
1233,1483,1
4910,4605,1
1370,4499,1
2166,2567,1
1032,669,1
743,2476,1
4567,4854,1
2164,4310,1
1424,1124,1
1963,1956,1
5539,5228,1
1002,2356,1
1874,4576,1
680,2540,1
285,615,1
1578,1759,1
2040,1795,1
735,1892,1
1916,1915,1
2810,3045,1
3978,1585,1
6096,6107,1
3086,2575,1
2371,2381,1
3746,2799,1
222,2560,1
2912,4427,1
591,848,1
3053,2753,1
528,4787,1
285,1701,1
1027,2810,1
18,196,1
4597,3649,1
5073,5247,1
6852,6819,1
23,3261,1
1761,1961,1
6632,6705,1
912,1984,1
5149,5534,1
2705,383,1
1032,4559,1
4477,2747,1
111,2756,1
1450,2625,1
6574,2956,1
912,2604,1
42,227,1
3449,2044,1
1233,1264,1
628,1094,1
2233,4444,1
2044,3128,1
1714,2018,1
5218,6737,1
6029,7036,1
766,1515,1
6922,6735,1
2781,2764,1
733,1297,1
6415,6755,1
910,1448,1
231,1082,1
3128,2533,1
5127,6389,1
285,1298,1
1001,2995,1
2467,2669,1
2270,2908,1
3140,5586,1
5043,4518,1
5249,5247,1
5102,6770,1
954,5232,1
292,807,1
2127,781,1
2377,2575,1
4910,6020,1
5932,5534,1
1984,2398,1
2471,1649,1
697,2394,1
1050,4535,1
609,860,1
5983,6107,1
133,638,1
2459,1184,1
2425,428,1
2465,2908,1
3168,2815,1
4819,2074,1
3619,2507,1
5470,5929,1
5,294,1
4561,3901,1
379,1215,1
6171,6585,1
2525,1178,1
1192,2871,1
3990,5743,1
36,5102,1
6096,3518,1
294,3581,1
3862,3904,1
2044,2389,1
2348,5105,1
5734,5706,1
719,1670,1
1664,1237,1
896,1024,1
1615,2176,1
3147,4097,1
3681,1811,1
1984,1892,1
1143,2995,1
281,1404,1
1555,4552,1
3163,3287,1
1136,2740,1
1001,2427,1
2263,2582,1
1744,1742,1
1478,1168,1
99,3459,1
6596,4482,1
1763,2756,1
4215,3845,1
2338,4129,1
863,4424,1
1759,3680,1
1136,1205,1
577,1613,1
4427,2747,1
2021,1824,1
4149,3647,1
0,25,1
1559,2301,1
2382,5061,1
5037,4508,1
5238,5127,1
398,3169,1
4541,1285,1
3716,2697,1
6415,6599,1
5150,5624,1
7014,4961,1
3329,2787,1
1917,1803,1
2177,5792,1
1961,2425,1
2151,51,1
3242,891,1
696,495,1
6080,4627,1
3267,3825,1
4897,5554,1
2746,5070,1
3143,4641,1
964,1802,1
3151,3306,1
5672,3392,1
3981,4543,1
3143,4979,1
2100,3459,1
1366,1143,1
3204,2459,1
2294,2546,1
2752,3040,1
3546,2366,1
1365,1699,1
3854,2064,1
6029,5493,1
2767,3252,1
2761,5050,1
2048,2430,1
825,76,1
783,1703,1
3718,3861,1
1201,1183,1
1408,2091,1
4477,4456,1
279,1423,1
5051,5050,1
2173,2127,1
2463,2371,1
5113,3649,1
1099,3146,1
1875,2702,1
2126,3347,1
4430,3475,1
1731,2430,1
697,2328,1
5750,5207,1
5129,5996,1
128,1575,1
857,1172,1
2738,4610,1
972,1562,1
1174,4007,1
1415,2431,1
3145,3148,1
811,785,1
959,1353,1
2617,2567,1
2348,767,1
422,3581,1
4597,3529,1
3111,3581,1
77,1184,1
159,1064,1
5129,6332,1
3149,4304,1
3149,1961,1
831,1021,1
1235,1447,1
5043,5247,1
2447,6047,1
81,684,1
1424,1471,1
2382,4033,1
6773,3981,1
3109,5161,1
5706,5236,1
4430,5733,1
756,3555,1
81,668,1
6029,6026,1
2595,1584,1
2078,930,1
3140,4131,1
4606,5073,1
3250,3591,1
1192,29,1
1836,2381,1
3990,5179,1
2620,428,1
2179,3446,1
5127,2733,1
5941,3410,1
1465,5058,1
951,187,1
782,587,1
119,1476,1
1486,1168,1
159,320,1
4844,4854,1
2772,4033,1
4391,3644,1
1032,3580,1
1935,1734,1
5539,5768,1
3406,2091,1
3449,4801,1
235,234,1
4430,4616,1
718,1568,1
1066,926,1
704,546,1
1629,874,1
1471,1961,1
2270,4118,1
4892,6263,1
1205,1613,1
157,696,1
5480,5479,1
3653,3873,1
3150,3330,1
133,69,1
817,405,1
5376,5286,1
3449,3134,1
2322,187,1
1927,2842,1
4606,4605,1
5129,4222,1
23,2071,1
93,5019,1
2767,2294,1
1256,553,1
801,756,1
1105,1366,1
3441,4832,1
1363,1320,1
2705,2430,1
1458,2908,1
4417,6302,1
5870,4216,1
1554,1890,1
1951,4854,1
4892,6335,1
1256,4687,1
2463,3340,1
1555,944,1
948,674,1
291,1170,1
5123,4924,1
6632,7048,1
1418,1256,1
10,271,1
4253,5736,1
624,1578,1
3287,3563,1
1024,4233,1
5480,7063,1
4617,6591,1
1342,2867,1
1097,1881,1
1900,2351,1
4180,2398,1
125,592,1
5870,5742,1
937,1562,1
1131,373,1
2867,187,1
1238,2752,1
1568,2556,1
755,341,1
4386,4522,1
1420,2258,1
1348,3627,1
2282,3176,1
5129,5827,1
4605,5395,1
1506,698,1
279,48,1
2420,2819,1
172,599,1
5783,4805,1
1041,2378,1
3992,2301,1
2786,3849,1
2338,4131,1
3360,5050,1
3145,3645,1
4606,4676,1
5493,6733,1
1555,2580,1
3286,2370,1
5141,5198,1
2348,2038,1
284,1575,1
2600,3446,1
1050,1420,1
2071,2604,1
982,5768,1
3053,1493,1
5514,6946,1
2301,2382,1
1106,1168,1
1208,1371,1
1018,154,1
5123,4456,1
5286,4672,1
3424,2204,1
1002,2477,1
2017,891,1
2126,2697,1
285,76,1
1306,1256,1
4068,2584,1
10,1249,1
1977,1984,1
2348,4118,1
2348,2430,1
2833,1464,1
1027,857,1
5113,4606,1
422,4272,1
3441,4098,1
538,2004,1
5769,6413,1
4720,3904,1
2608,2396,1
2044,3109,1
3714,1130,1
99,1585,1
2458,2071,1
2550,2732,1
5870,5131,1
1098,1178,1
4230,4641,1
5706,4892,1
697,4979,1
4310,6024,1
2348,1238,1
1171,862,1
4616,3486,1
2548,2864,1
1502,4588,1
515,51,1
5539,4576,1
5029,5075,1
106,2004,1
1237,1640,1
2689,2707,1
697,4195,1
1890,1540,1
1017,1960,1
1594,2658,1
4897,2531,1
3150,5165,1
4256,5770,1
4827,4350,1
1432,1699,1
142,168,1
5127,6986,1
35,387,1
5394,4272,1
792,210,1
1838,5152,1
4548,3286,1
4038,669,1
2471,2270,1
284,911,1
578,898,1
4430,5685,1
78,605,1
2282,1106,1
1256,51,1
1050,3160,1
2430,4672,1
6171,6479,1
697,1235,1
755,1363,1
4600,3446,1
846,2291,1
1478,1629,1
1050,5414,1
5129,6876,1
3287,2850,1
591,711,1
3248,3287,1
2995,2747,1
1940,2372,1
2357,2518,1
773,281,1
4033,5871,1
1802,855,1
277,827,1
76,239,1
3551,2912,1
1663,2787,1
3654,1235,1
3406,2548,1
756,2908,1
5669,5420,1
1056,1106,1
6050,4788,1
2428,3651,1
141,363,1
105,4226,1
755,1423,1
1050,6819,1
2469,4131,1
3722,2044,1
78,2669,1
5317,6038,1
1684,2698,1
1024,735,1
578,592,1
1909,1014,1
1034,888,1
1655,2658,1
3222,2420,1
157,859,1
2090,3205,1
5865,669,1
4253,1542,1
1105,1940,1
157,1829,1
2824,3007,1
650,649,1
1034,1172,1
5449,5155,1
6269,4687,1
23,875,1
23,4312,1
1383,1128,1
701,2580,1
4377,3956,1
3415,3248,1
8,316,1
768,1112,1
3059,4808,1
4552,669,1
362,29,1
4613,5534,1
743,3387,1
10,4172,1
3153,2191,1
3395,1892,1
4910,5207,1
5512,5514,1
422,1432,1
4377,3154,1
1105,2349,1
1684,1977,1
77,26,1
4361,5493,1
938,1503,1
2430,2997,1
80,489,1
697,2477,1
6973,3644,1
4566,4605,1
6709,6946,1
279,684,1
6923,7080,1
1370,1937,1
1205,2289,1
2204,3108,1
81,1344,1
167,956,1
2548,2430,1
5105,6139,1
2471,5563,1
877,1795,1
1477,1398,1
6218,6819,1
7094,5800,1
3313,3248,1
719,768,1
333,2323,1
604,1026,1
3261,5087,1
13,3763,1
1798,1796,1
1192,2357,1
724,1437,1
3033,4459,1
1420,1830,1
4477,5247,1
609,645,1
119,116,1
3651,3248,1
6488,6334,1
285,735,1
93,546,1
32,118,1
5472,4672,1
422,3330,1
1262,892,1
3151,4217,1
4430,5050,1
428,3464,1
4477,5043,1
1477,1703,1
10,2004,1
398,875,1
1900,1734,1
3314,5058,1
2607,3598,1
54,5426,1
2444,2465,1
2571,2465,1
3654,4193,1
1478,1205,1
2078,781,1
546,76,1
912,2356,1
3302,3870,1
546,1676,1
1056,1088,1
1811,2706,1
4943,6064,1
2071,2477,1
2926,2740,1
41,903,1
5171,5026,1
3643,3594,1
1811,4832,1
5616,5043,1
2767,2373,1
1032,1851,1
571,1215,1
638,2138,1
1669,2533,1
157,571,1
36,51,1
111,2706,1
5793,5480,1
2550,2381,1
126,5292,1
740,1112,1
764,215,1
1063,1493,1
3746,2867,1
2785,3255,1
647,1306,1
1961,5152,1
2689,2731,1
6200,6195,1
698,1115,1
3314,2995,1
117,1052,1
4602,3486,1
1032,5026,1
4463,4854,1
422,3519,1
1366,2389,1
3207,3096,1
6486,6479,1
521,571,1
3286,4283,1
2584,3303,1
954,5117,1
1420,1205,1
3720,3661,1
5672,6565,1
3621,2428,1
3151,2617,1
5149,6510,1
1192,2742,1
253,1584,1
50,683,1
10,3097,1
77,320,1
4784,5050,1
546,445,1
3222,2838,1
1001,2697,1
1664,1937,1
3862,3861,1
285,5916,1
4279,6820,1
3495,2908,1
4332,2533,1
2348,3504,1
578,1064,1
2707,2697,1
422,5925,1
4108,4459,1
27,5,1
4149,6165,1
5634,6038,1
1894,2735,1
3286,4108,1
3839,3848,1
2126,3816,1
3647,4097,1
910,909,1
735,1699,1
3387,3242,1
5514,6084,1
10,2787,1
5786,5073,1
2425,3108,1
1485,6146,1
5123,2079,1
1032,2855,1
3151,2270,1
2348,1940,1
1002,6085,1
36,262,1
2471,1828,1
3496,3624,1
3394,698,1
2767,2428,1
3143,4177,1
48,2059,1
4033,6064,1
1416,2315,1
4211,3845,1
2315,3816,1
281,48,1
546,780,1
5222,4226,1
2669,7036,1
4213,3845,1
1415,14,1
1370,1366,1
3551,4171,1
1394,428,1
4078,5772,1
3087,2600,1
1477,1657,1
54,2714,1
2705,2476,1
5534,6537,1
4253,2250,1
1824,3580,1
192,680,1
6171,6334,1
1320,1404,1
3143,3002,1
3286,3238,1
6780,4444,1
2770,2127,1
14,49,1
1594,1944,1
4552,5293,1
6156,4477,1
670,76,1
4417,5224,1
2290,2970,1
4561,3701,1
3921,4636,1
3654,5029,1
3143,4558,1
2141,1759,1
1824,1613,1
6385,5966,1
6146,4366,1
1736,379,1
604,1951,1
1348,3160,1
2425,383,1
3669,3128,1
1949,885,1
3607,4066,1
5687,5474,1
1590,1366,1
4429,2466,1
2343,2270,1
3151,4210,1
2707,2389,1
3248,4064,1
863,680,1
4613,3672,1
5695,6612,1
4617,5784,1
1056,1804,1
2662,2665,1
4587,3956,1
502,1351,1
5929,3153,1
3651,3087,1
1979,2087,1
270,1810,1
106,466,1
528,2518,1
6310,3981,1
2890,2428,1
3087,4068,1
5,556,1
6683,3427,1
2585,4233,1
964,1657,1
4192,1192,1
910,3861,1
1458,1457,1
2465,2752,1
4627,5146,1
5141,5682,1
1351,3160,1
1034,1168,1
4116,4605,1
4587,3360,1
2328,2815,1
226,24,1
632,4108,1
284,1205,1
142,6202,1
2705,3647,1
3596,3867,1
5116,5232,1
3150,4700,1
719,901,1
5,883,1
3174,3168,1
672,660,1
1613,2140,1
4177,3581,1
30,4233,1
718,2140,1
1519,1802,1
3747,3488,1
6161,2348,1
5354,7005,1
3654,6281,1
6928,6833,1
3109,2815,1
1095,2209,1
3059,4129,1
1763,2010,1
2018,971,1
4616,5966,1
2721,4504,1
5339,4606,1
3207,3150,1
5238,2815,1
2792,2582,1
1718,3866,1
1811,1201,1
285,292,1
4595,5185,1
773,208,1
4377,4108,1
957,962,1
3654,5766,1
985,309,1
1471,971,1
5811,5827,1
862,51,1
93,605,1
3143,2661,1
5174,4979,1
912,4801,1
4984,4677,1
5713,4522,1
2166,6598,1
2705,5050,1
81,270,1
2277,3306,1
1256,5152,1
2164,6178,1
2447,5376,1
6048,6047,1
1811,2397,1
5292,5107,1
294,4108,1
2062,3004,1
421,739,1
4897,2669,1
3147,5198,1
755,391,1
735,1115,1
1186,1704,1
3776,2357,1
1629,1640,1
1056,1421,1
2600,5228,1
2790,2471,1
5304,3765,1
5,235,1
35,239,1
904,3046,1
1619,5784,1
6335,5131,1
4607,5612,1
3678,5152,1
5143,5292,1
6151,6770,1
3771,3627,1
232,1802,1
3150,4033,1
5143,2233,1
4109,3680,1
4451,5050,1
3206,2740,1
2372,1984,1
4444,3644,1
165,363,1
4437,5185,1
719,1208,1
3330,2476,1
155,2396,1
1756,4541,1
292,2746,1
135,1355,1
1029,2183,1
718,3055,1
6300,6456,1
1035,2046,1
3152,3661,1
4897,5668,1
3453,1627,1
2463,2063,1
983,1770,1
912,3763,1
1415,1080,1
1567,1933,1
1531,2451,1
3059,2673,1
187,405,1
3328,2270,1
2656,6598,1
801,3580,1
1997,1014,1
284,1115,1
2742,3320,1
3097,2204,1
778,2506,1
2463,4981,1
1961,4672,1
3286,5864,1
4897,5966,1
2348,891,1
2347,2760,1
3185,2396,1
6378,5534,1
4100,4097,1
2348,6752,1
1891,855,1
422,5470,1
1458,832,1
1001,735,1
5430,5770,1
3446,5070,1
5539,6001,1
2492,2099,1
1029,628,1
697,6619,1
2348,6389,1
2975,1054,1
2062,862,1
1032,3128,1
2705,2908,1
3545,4377,1
1032,3488,1
1555,4219,1
4004,4097,1
3111,4064,1
3746,2301,1
2427,2758,1
4979,4981,1
2348,2976,1
422,5766,1
6037,5933,1
3450,2127,1
697,2680,1
2680,5289,1
2090,3691,1
4035,3124,1
4244,2735,1
3444,4787,1
4543,6614,1
5292,7070,1
2361,3248,1
917,898,1
3149,4499,1
4192,3518,1
2431,2126,1
1420,2138,1
1629,1060,1
3109,2492,1
779,963,1
286,683,1
1233,1805,1
4226,669,1
4377,4705,1
4809,3649,1
967,1514,1
7,498,1
1420,3531,1
8,347,1
73,51,1
111,4782,1
719,612,1
4910,5534,1
697,6107,1
983,4801,1
669,5633,1
143,44,1
2101,2731,1
2459,2397,1
4522,4617,1
251,1649,1
1640,2202,1
5539,5983,1
2044,2348,1
1672,1940,1
4617,4164,1
4603,5034,1
755,1094,1
4149,1419,1
4078,4722,1
4149,5612,1
72,50,1
4193,4310,1
414,2017,1
286,1437,1
4943,5743,1
1050,3315,1
373,2563,1
718,580,1
24,614,1
2607,2799,1
2463,2373,1
1141,2430,1
910,1259,1
3147,4098,1
3654,3033,1
6116,6123,1
1555,4118,1
5237,4672,1
1578,5537,1
857,1555,1
4617,5247,1
2650,3475,1
22,897,1
4819,4256,1
2452,2451,1
2282,1940,1
1829,910,1
2680,2740,1
4823,6151,1
4193,2044,1
2101,4636,1
2926,3719,1
2062,391,1
3668,669,1
1641,1003,1
3495,4480,1
2457,2758,1
794,875,1
3109,2430,1
292,445,1
2270,1853,1
1471,3059,1
2397,4226,1
683,29,1
371,4787,1
638,2564,1
1208,910,1
1655,4787,1
6173,6043,1
697,3901,1
2089,2090,1
4374,3653,1
546,270,1
1205,1670,1
1420,2760,1
4607,2315,1
285,4867,1
1062,2057,1
284,5688,1
4489,4700,1
4522,5292,1
2607,2765,1
2348,4335,1
3261,5185,1
1062,1235,1
1627,1937,1
957,1112,1
904,2566,1
3171,2063,1
10,1646,1
2604,2071,1
284,794,1
160,1063,1
2756,1178,1
80,153,1
1520,6782,1
917,698,1
3328,5480,1
2099,1493,1
4629,4621,1
3440,5034,1
4430,4272,1
4171,3845,1
4377,4443,1
4627,2680,1
2348,3141,1
3150,4805,1
1478,1066,1
3943,2301,1
2818,6180,1
111,1298,1
983,1297,1
2328,2287,1
1961,3971,1
2760,14,1
1060,1515,1
1056,947,1
163,6650,1
10,858,1
2463,5685,1
10,1296,1
2425,2289,1
3647,2382,1
1949,862,1
2123,187,1
3140,3644,1
3144,3316,1
2772,2863,1
716,681,1
1909,2287,1
2913,2063,1
6151,5330,1
3807,2476,1
1027,1951,1
6146,4836,1
3800,4077,1
2343,3124,1
6151,4581,1
3969,3967,1
410,962,1
502,739,1
1478,1623,1
3330,4052,1
2548,2204,1
4956,2064,1
624,309,1
4522,2531,1
4613,4628,1
3151,1585,1
6300,3679,1
2425,1759,1
1370,2287,1
422,3097,1
2459,2761,1
10,3002,1
154,1150,1
2177,6645,1
281,2580,1
1366,1424,1
4705,5131,1
4261,2191,1
964,1796,1
99,5179,1
1233,1288,1
5042,4979,1
6050,5911,1
1306,1952,1
4463,4149,1
2867,2787,1
830,719,1
422,604,1
2548,3141,1
157,1112,1
2620,2761,1
4599,6526,1
4603,1351,1
4576,5766,1
3605,3644,1
4617,6281,1
5672,5105,1
1298,962,1
3919,3701,1
4377,4118,1
4616,2295,1
6021,4924,1
4892,6565,1
370,363,1
2891,2430,1
4033,5126,1
4599,5889,1
591,281,1
3189,4892,1
4599,4068,1
1001,2707,1
3733,3316,1
2503,2511,1
1256,1989,1
340,2381,1
4897,5537,1
5989,5236,1
2763,2490,1
454,3160,1
2867,3138,1
2785,2968,1
5129,5155,1
2474,6776,1
3459,3059,1
1393,1168,1
681,4988,1
546,1393,1
697,2372,1
5436,6015,1
2338,4459,1
3248,3651,1
253,1064,1
1761,2140,1
3307,2315,1
2463,1605,1
87,6038,1
1580,1579,1
6843,6123,1
1192,2294,1
5037,1593,1
4599,7036,1
5145,5630,1
157,1457,1
4470,3140,1
3314,5065,1
1806,2373,1
1675,2172,1
2548,3045,1
1629,1823,1
697,3475,1
1951,3644,1
1032,4229,1
4733,4705,1
4897,5027,1
912,3885,1
1915,2004,1
5095,1351,1
917,855,1
743,2059,1
1404,1657,1
5127,5742,1
1050,5107,1
1478,1897,1
186,1014,1
627,4118,1
1166,1321,1
4919,6047,1
2374,1937,1
1404,1424,1
5669,1972,1
1002,5870,1
4417,6645,1
5783,6429,1
3329,1892,1
1404,2395,1
2752,2753,1
5116,5395,1
2389,3465,1
305,4304,1
2459,3340,1
4180,5470,1
1485,2019,1
4406,5921,1
4694,4064,1
148,1355,1
3465,2348,1
2170,2372,1
277,740,1
5835,5420,1
2946,2548,1
105,4788,1
3306,5127,1
2366,2427,1
2166,2430,1
5493,5800,1
1424,1131,1
26,163,1
2425,3160,1
5929,4627,1
1469,1770,1
3111,2572,1
3213,891,1
2995,4676,1
896,1018,1
1363,1493,1
1325,1128,1
111,4872,1
5783,3045,1
111,4063,1
719,5075,1
6638,3009,1
129,7,1
912,1915,1
1136,1420,1
1268,1742,1
3314,2382,1
2456,3109,1
571,237,1
3672,2697,1
904,3059,1
3313,4216,1
3140,5870,1
872,1082,1
163,1358,1
4576,1367,1
2421,2209,1
2638,2760,1
122,239,1
1174,1892,1
1050,3150,1
422,5987,1
3990,2563,1
5016,3904,1
275,64,1
3053,1464,1
2463,2315,1
2377,2289,1
2357,1637,1
3997,4710,1
2818,5921,1
422,4420,1
5735,3045,1
2059,2758,1
3296,3781,1
78,262,1
3622,1950,1
5803,6024,1
972,863,1
743,2294,1
2421,1393,1
1704,2044,1
701,1260,1
130,310,1
2431,4297,1
615,381,1
2323,3160,1
422,6735,1
4697,4310,1
167,592,1
1393,1643,1
615,797,1
1951,4787,1
3643,6038,1
4714,3150,1
2617,2746,1
3800,4561,1
3306,3598,1
5539,2233,1
19,363,1
286,1113,1
2378,5496,1
1420,1613,1
1063,827,1
20,76,1
3150,2584,1
735,719,1
11,735,1
19,683,1
3296,2044,1
5493,4463,1
639,871,1
4033,4522,1
3541,4477,1
4194,3800,1
2154,2740,1
281,321,1
1363,2425,1
3667,4097,1
4377,2995,1
950,1450,1
6096,6850,1
3627,4226,1
1456,1984,1
3315,5075,1
3394,1330,1
40,552,1
2064,5112,1
4149,6349,1
4603,2079,1
6618,6770,1
3654,1057,1
353,1062,1
1356,1793,1
2447,1820,1
1238,695,1
697,1064,1
3781,4787,1
2506,3452,1
1366,1405,1
5292,2233,1
285,1244,1
1192,2759,1
3669,4641,1
697,6613,1
2866,5139,1
910,827,1
2159,4059,1
5870,6613,1
1365,1386,1
3150,2370,1
5921,5073,1
3163,3203,1
1105,1172,1
157,410,1
4033,4504,1
111,2560,1
3149,3619,1
4677,2540,1
2697,3138,1
756,3059,1
2654,2787,1
3152,3901,1
2359,1937,1
328,1064,1
1205,1892,1
3444,6479,1
4827,5026,1
3026,2064,1
954,2301,1
4149,3427,1
78,936,1
1263,3320,1
2471,2124,1
57,5050,1
874,489,1
4607,2079,1
8,76,1
2164,6334,1
126,14,1
4664,5153,1
2395,3160,1
3412,2270,1
135,571,1
2788,1649,1
3207,3653,1
2657,3904,1
1675,4616,1
937,285,1
54,342,1
119,855,1
10,3128,1
3261,5784,1
6028,4687,1
5170,5026,1
373,768,1
3649,4312,1
3150,3459,1
5514,5043,1
5,1264,1
2465,575,1
875,1637,1
779,1184,1
4149,2315,1
4599,4788,1
1235,1423,1
1359,1364,1
279,3169,1
2294,2371,1
4979,5330,1
4612,4930,1
656,1453,1
1680,1790,1
2323,2375,1
5271,4850,1
3204,3825,1
1050,1611,1
5870,5613,1
3150,2544,1
2763,2815,1
4596,6015,1
2548,2980,1
3143,4275,1
2425,553,1
3138,3150,1
1002,3252,1
1900,1937,1
10,815,1
3096,5330,1
533,1172,1
2126,2740,1
2037,1940,1
5971,4261,1
2091,2044,1
2463,3153,1
6024,5107,1
2633,1664,1
2617,2831,1
1172,2459,1
5127,3009,1
285,1064,1
528,3033,1
2425,2767,1
2539,2540,1
20,228,1
4613,5224,1
5918,6020,1
107,76,1
6335,5736,1
2191,2758,1
2575,2459,1
4618,4226,1
3360,2572,1
40,363,1
335,357,1
4190,4459,1
5105,6261,1
1358,1559,1
1415,4722,1
3153,4226,1
2431,5734,1
1268,1390,1
792,1205,1
6351,6180,1
5123,3701,1
4267,4297,1
3138,1176,1
697,1054,1
3733,2127,1
768,287,1
2126,2732,1
743,1803,1
5782,5514,1
1949,1629,1
644,1306,1
917,207,1
534,1803,1
4945,5747,1
1420,521,1
5414,6351,1
2506,3347,1
54,1637,1
4548,5613,1
1471,1887,1
2867,2124,1
762,1594,1
3643,2177,1
1050,6015,1
3164,2471,1
2913,1464,1
535,28,1
4602,6650,1
6875,4537,1
4897,5414,1
5736,6737,1
286,614,1
1239,2855,1
3189,2747,1
5043,6986,1
910,1562,1
2997,2381,1
99,3331,1
4489,4924,1
5100,4648,1
2323,4945,1
10,1830,1
6426,6001,1
3701,3124,1
6900,3644,1
490,3286,1
35,326,1
2127,5149,1
3287,2204,1
285,1056,1
4576,2074,1
2658,2357,1
2430,2847,1
4428,3495,1
5129,6026,1
5680,5092,1
1446,1168,1
2747,3189,1
4776,2521,1
2585,4229,1
1233,1523,1
1669,1613,1
3812,4854,1
743,2567,1
5063,5070,1
4108,4558,1
157,271,1
3612,4177,1
1951,1811,1
695,3002,1
2471,1295,1
5859,3045,1
422,3719,1
2763,4822,1
917,1423,1
2348,2764,1
6162,5376,1
4502,4482,1
1482,1681,1
1761,2090,1
3919,4822,1
904,2731,1
2357,3108,1
3682,1892,1
1478,1631,1
3314,4477,1
6649,6809,1
279,3624,1
2049,1609,1
1392,930,1
2747,4066,1
3087,2956,1
1095,2331,1
1168,794,1
3329,3842,1
6420,5613,1
2706,5868,1
4607,6302,1
2463,3751,1
2044,3580,1
2425,3019,1
328,668,1
1156,1804,1
263,1184,1
5153,4561,1
6156,6087,1
1420,2767,1
525,6850,1
3444,4822,1
50,139,1
3261,5966,1
2287,3781,1
2607,698,1
697,3019,1
4430,4123,1
2126,698,1
1471,3153,1
1686,1130,1
1177,1437,1
780,445,1
154,807,1
6034,6029,1
2204,2548,1
3809,4059,1
3146,2127,1
697,2790,1
3286,3261,1
5989,4777,1
133,875,1
3030,3248,1
1415,4463,1
3217,1853,1
563,254,1
5669,4672,1
4606,6722,1
4606,5027,1
1374,2617,1
4279,3154,1
4897,6149,1
1062,5628,1
172,1437,1
3446,3873,1
232,279,1
4078,4226,1
756,755,1
6182,5092,1
644,2377,1
1891,2371,1
4426,4528,1
4522,4414,1
1056,1113,1
5043,4616,1
4149,4472,1
4520,3002,1
4603,3901,1
3287,2758,1
2617,1585,1
983,373,1
3173,2893,1
1424,1486,1
6430,5161,1
3873,3316,1
422,2531,1
3449,62,1
6176,6585,1
1471,3446,1
2396,4787,1
134,926,1
4615,4720,1
6422,5185,1
285,1048,1
1348,1670,1
5153,6619,1
1177,1259,1
6358,6598,1
2648,1950,1
3701,5738,1
2467,4819,1
2294,1515,1
1664,1432,1
639,797,1
1178,1215,1
3242,2756,1
3097,2697,1
134,284,1
2270,4377,1
1909,1649,1
3095,4961,1
3679,4787,1
2620,3661,1
6146,6619,1
2126,2430,1
5107,5286,1
4149,6565,1
3647,3059,1
1056,827,1
292,936,1
157,1237,1
50,228,1
3306,5590,1
1050,3781,1
1530,4522,1
23,5376,1
656,1256,1
4477,3153,1
1131,864,1
5586,5685,1
157,1174,1
4616,5157,1
1960,3685,1
28,5126,1
1233,1646,1
4477,5155,1
2503,2395,1
5912,6546,1
1063,1349,1
5138,4700,1
1339,1332,1
2390,2459,1
2833,3861,1
6179,142,1
279,5232,1
4374,5050,1
1116,1448,1
2425,2507,1
2707,4627,1
1417,1386,1
4910,5966,1
1835,1260,1
6597,4482,1
289,168,1
4149,6026,1
289,797,1
118,2123,1
904,3002,1
4599,5127,1
3134,2758,1
3189,2301,1
105,5132,1
3465,3971,1
4901,3598,1
2914,1156,1
4522,4828,1
370,1393,1
3287,2127,1
2707,3719,1
4315,669,1
38,863,1
4366,6794,1
644,1048,1
1890,533,1
4640,6050,1
3701,5029,1
422,1578,1
2464,2301,1
81,1795,1
938,391,1
912,3956,1
1262,1363,1
5989,6263,1
51,193,1
8,330,1
1027,1901,1
916,4979,1
1242,1457,1
2348,3148,1
4612,5224,1
2431,2090,1
4078,4854,1
6640,6991,1
14,26,1
2476,2032,1
3849,3647,1
157,1063,1
3222,2787,1
155,3108,1
756,3541,1
4617,4033,1
591,1944,1
4283,6733,1
5139,4628,1
872,871,1
697,5479,1
910,971,1
1589,2976,1
862,694,1
1363,832,1
5144,3529,1
2705,2017,1
1348,794,1
1321,1320,1
4477,5269,1
644,2430,1
122,684,1
3382,2742,1
4901,14,1
4608,4602,1
2425,2435,1
641,1151,1
3109,4835,1
3150,553,1
1256,6399,1
5742,4038,1
5329,2431,1
3940,3581,1
4417,4835,1
4607,2191,1
5129,4177,1
3746,3446,1
1421,3330,1
122,495,1
697,5768,1
4552,4602,1
310,568,1
5222,5921,1
1471,1829,1
1802,2691,1
292,753,1
1031,1745,1
5354,6705,1
2687,1295,1
5136,2912,1
3138,4787,1
3465,817,1
3610,6770,1
3594,4480,1
1949,2258,1
3392,1184,1
10,3967,1
1172,5224,1
6709,6990,1
3017,3195,1
1393,1835,1
2043,2381,1
5552,5768,1
3143,3168,1
2177,3134,1
2912,3701,1
3147,6001,1
1874,4543,1
1366,5165,1
1192,2435,1
4950,5738,1
1984,6585,1
251,64,1
4430,3885,1
2763,3387,1
1002,5928,1
14,97,1
857,1486,1
2444,3904,1
1056,1448,1
2032,2381,1
5104,5534,1
3390,5224,1
1056,2666,1
966,1523,1
5735,4522,1
404,855,1
2080,3315,1
575,3701,1
1205,1480,1
1890,2471,1
1233,1518,1
641,1082,1
2348,4449,1
2638,2226,1
6114,6429,1
28,2046,1
3722,2191,1
822,1816,1
233,1278,1
2126,1062,1
2425,3842,1
362,4952,1
1351,2287,1
4502,4149,1
2456,2976,1
69,739,1
849,1028,1
3303,2397,1
5222,5747,1
1192,1184,1
3809,3307,1
5129,3594,1
2809,2371,1
4315,3360,1
10,1491,1
697,4528,1
3799,3647,1
5539,3020,1
628,394,1
5566,2531,1
855,2270,1
1928,4535,1
1811,1613,1
5472,3306,1
3248,4226,1
3313,4559,1
3286,4061,1
1398,1651,1
1627,694,1
502,820,1
2134,2133,1
2767,2204,1
5151,1507,1
1062,2531,1
2600,4687,1
5528,5527,1
2166,3861,1
2459,3160,1
6171,6085,1
157,1035,1
1244,1344,1
7,9,1
4604,4867,1
118,2381,1
6683,5734,1
281,29,1
4493,4528,1
4430,5792,1
3979,2617,1
1471,1664,1
428,4822,1
353,1509,1
7,161,1
4979,2233,1
10,668,1
2032,2425,1
1237,983,1
2348,3056,1
5436,6717,1
373,695,1
157,2044,1
4617,1675,1
1686,696,1
48,803,1
5782,4664,1
4061,3320,1
284,1026,1
1002,4943,1
48,25,1
4477,4559,1
2270,2829,1
2357,2290,1
1008,14,1
3765,4226,1
2722,3861,1
13,2258,1
3794,3189,1
2179,3387,1
589,739,1
2763,2956,1
106,763,1
5870,5736,1
6,262,1
3314,6510,1
1664,1386,1
5992,3644,1
6011,6227,1
340,1567,1
5597,4456,1
1761,1106,1
1256,6777,1
4377,5179,1
4616,5293,1
1002,5131,1
4502,2956,1
186,2301,1
719,4477,1
4892,5772,1
5430,4945,1
422,4558,1
2575,2742,1
755,1431,1
3002,2396,1
735,3866,1
1961,3303,1
410,321,1
422,6403,1
4091,3580,1
285,883,1
1824,910,1
6521,3153,1
2099,5590,1
6300,884,1
5174,3189,1
128,232,1
2377,2169,1
4552,4676,1
4077,4424,1
5263,4981,1
1951,2815,1
5151,5293,1
2250,5092,1
5575,5573,1
4500,6770,1
1002,2046,1
7,657,1
2833,2871,1
4542,7063,1
1471,2123,1
340,1096,1
7,573,1
4552,3261,1
6152,5493,1
422,4787,1
1105,1259,1
5123,5092,1
1068,14,1
5792,3594,1
2101,4664,1
5918,4924,1
4613,3306,1
284,3124,1
3106,1589,1
4823,2733,1
2620,2756,1
5176,3261,1
3059,3541,1
222,1509,1
6412,6733,1
1432,2787,1
1002,5146,1
5348,4910,1
4430,6000,1
1937,2191,1
4607,5590,1
3919,3306,1
11,658,1
5129,6180,1
4552,4788,1
5586,4463,1
3681,2908,1
48,4943,1
373,1796,1
656,5929,1
644,718,1
3163,2810,1
3682,2617,1
1485,2053,1
251,1578,1
10,232,1
1143,1473,1
6587,6180,1
2459,1244,1
917,1214,1
3087,4443,1
4587,2831,1
287,857,1
2622,1275,1
3142,4097,1
5989,4472,1
2790,2430,1
588,76,1
2263,2032,1
5306,6332,1
3313,5075,1
6095,6146,1
4657,4656,1
2548,2371,1
2956,6770,1
2064,1593,1
2348,6024,1
28,3672,1
1192,3160,1
6151,4444,1
5129,5092,1
988,1676,1
5002,6510,1
1478,1500,1
292,638,1
4603,553,1
2707,4129,1
571,2855,1
284,2169,1
591,1298,1
4965,3581,1
5701,5966,1
267,1320,1
969,2226,1
545,733,1
2680,2697,1
5377,5087,1
3261,6722,1
743,1418,1
1664,2357,1
5869,5864,1
5870,6479,1
6271,4687,1
3623,14,1
4548,3124,1
3273,3406,1
5185,5800,1
2348,6412,1
3654,4543,1
422,3885,1
2463,2348,1
1136,3452,1
2707,3661,1
3146,4283,1
5123,5668,1
6146,7027,1
2758,2373,1
756,2756,1
3152,2912,1
3027,2375,1
10,875,1
6587,5317,1
2890,3939,1
3159,1062,1
2492,4131,1
1736,962,1
3794,5075,1
5123,4543,1
5470,4456,1
78,495,1
221,681,1
624,1297,1
2471,2375,1
3672,3445,1
632,812,1
1415,5169,1
5479,6614,1
1177,1184,1
3189,2090,1
3387,3054,1
6001,5800,1
1951,2250,1
3147,3150,1
2357,5330,1
2758,2425,1
2425,1828,1
2912,4949,1
2810,2191,1
5539,4616,1
2335,2560,1
1050,2270,1
3390,3904,1
3336,2566,1
4819,5127,1
284,1940,1
6700,6717,1
725,926,1
1699,3541,1
1050,916,1
912,2767,1
2348,2697,1
1380,1376,1
1062,2818,1
69,232,1
4676,5050,1
4090,3619,1
3138,2871,1
1393,1892,1
398,505,1
5238,4634,1
4172,4827,1
2447,6024,1
2988,4672,1
904,2707,1
546,2371,1
3672,1197,1
2357,2764,1
2127,2405,1
765,774,1
6024,6173,1
3148,1420,1
1609,2690,1
2327,2444,1
289,1951,1
6171,3153,1
3199,2270,1
3150,4603,1
4952,4924,1
1256,2540,1
5929,4522,1
2101,3040,1
1681,1759,1
2548,1613,1
3406,2427,1
2348,3926,1
6021,6180,1
5127,6161,1
917,1294,1
3794,4817,1
692,695,1
3647,1820,1
48,844,1
1471,1365,1
4482,3644,1
3106,2396,1
644,1805,1
697,553,1
768,489,1
155,2863,1
1062,3849,1
4854,669,1
3390,2270,1
17,1,1
10,229,1
316,1296,1
3488,698,1
3799,3320,1
1769,1704,1
755,1968,1
155,3007,1
6599,5800,1
2348,2396,1
6388,142,1
1348,5641,1
2078,2208,1
2030,2191,1
982,5155,1
1568,2191,1
4817,2290,1
1031,5537,1
1420,2323,1
4607,4443,1
4300,3529,1
3360,3818,1
2270,2492,1
3138,891,1
2348,3248,1
1504,1365,1
1306,1703,1
3649,5395,1
6334,6149,1
1566,2169,1
2522,1960,1
1306,855,1
3087,4414,1
502,2430,1
2037,1803,1
1002,1064,1
534,915,1
53,150,1
3446,3800,1
50,49,1
42,25,1
6372,5687,1
340,187,1
4857,4177,1
964,936,1
6146,6050,1
3465,5966,1
1471,1272,1
1098,1559,1
5149,4836,1
28,665,1
3679,5102,1
5145,3286,1
4437,4656,1
2463,2880,1
1761,2066,1
1506,1839,1
1609,2506,1
36,4801,1
4033,5666,1
3273,4782,1
3164,2396,1
2712,2348,1
1205,1540,1
4261,6227,1
1456,2880,1
1530,4477,1
1478,693,1
579,660,1
2101,2460,1
253,386,1
2372,1699,1
5306,4606,1
1124,1669,1
2506,3252,1
644,1172,1
4149,3315,1
490,2099,1
1792,3059,1
6052,4892,1
4463,1420,1
1298,2451,1
3314,4895,1
3159,6178,1
2038,1366,1
2786,3845,1
3150,2048,1
5786,5092,1
1458,1523,1
4431,4872,1
5431,6756,1
2463,5505,1
23,571,1
1172,853,1
154,588,1
3174,4061,1
1627,1060,1
3647,6454,1
2347,891,1
5548,5996,1
1532,1509,1
973,3150,1
23,2127,1
1940,694,1
316,638,1
719,701,1
762,910,1
3678,3261,1
5870,6084,1
3147,3446,1
697,4489,1
6420,4522,1
2166,2698,1
698,6598,1
4522,5152,1
3444,5563,1
4892,1420,1
284,2063,1
5102,4687,1
76,208,1
3328,2908,1
1818,1944,1
599,1064,1
3093,1493,1
1305,3691,1
1277,2451,1
3147,4275,1
2348,1935,1
4482,4522,1
4618,4996,1
5119,5117,1
1625,4552,1
130,379,1
1244,826,1
604,6733,1
4479,3541,1
155,693,1
853,1745,1
238,838,1
1609,1640,1
2377,3630,1
4172,2661,1
4552,5827,1
1172,5050,1
2348,5907,1
4556,4573,1
1766,1415,1
1268,1294,1
4439,4032,1
5870,5921,1
1041,1734,1
956,1276,1
112,270,1
2785,1420,1
2475,3685,1
974,774,1
54,546,1
4222,5868,1
1415,1690,1
913,1048,1
5123,3644,1
4279,4275,1
1105,5126,1
13,1709,1
3794,3529,1
2742,4787,1
2127,2176,1
1170,1266,1
4897,5073,1
1811,4587,1
3059,2048,1
5123,6065,1
2763,5685,1
10,665,1
1464,1892,1
41,25,1
875,916,1
6810,4961,1
2127,3248,1
1900,1584,1
2473,1669,1
3598,4226,1
6757,4522,1
2233,4945,1
2166,1566,1
2824,2863,1
3865,3861,1
2377,2746,1
4892,3004,1
2397,2761,1
6065,6064,1
3799,3800,1
2763,4602,1
360,359,1
153,719,1
4223,3150,1
1656,1682,1
6029,6755,1
10,1124,1
826,638,1
2204,3007,1
2492,669,1
2261,1584,1
422,1493,1
8,356,1
1256,2366,1
1358,1805,1
1806,1584,1
4943,5738,1
3701,318,1
3446,4059,1
23,911,1
2062,4297,1
1471,1613,1
1166,644,1
4180,5132,1
4315,6595,1
2044,2459,1
6151,6864,1
93,2459,1
6517,6178,1
5123,2431,1
4149,4456,1
1050,2183,1
3059,1141,1
4604,4033,1
3852,3320,1
5929,5209,1
4892,4910,1
2733,1605,1
701,735,1
5781,5554,1
2348,6065,1
2600,6782,1
1032,5395,1
1471,1824,1
2758,1267,1
4444,5921,1
2205,1366,1
5720,6038,1
857,628,1
4899,5738,1
4705,3315,1
1555,669,1
2463,3160,1
410,383,1
3152,6591,1
1658,1275,1
735,1060,1
1184,874,1
910,1215,1
1424,1623,1
6786,6819,1
4502,2680,1
157,822,1
1168,2140,1
398,2057,1
6786,6026,1
3316,3630,1
5127,6916,1
2166,2032,1
4624,5966,1
3059,3140,1
490,1742,1
3672,1176,1
4892,4970,1
4300,4299,1
1420,3153,1
3313,5043,1
2348,3007,1
4444,6123,1
1555,2366,1
2705,3849,1
277,1770,1
4567,5590,1
4943,5827,1
310,612,1
6021,3045,1
6050,6502,1
3647,6302,1
6001,6537,1
697,2697,1
203,139,1
5123,817,1
3148,3624,1
2742,2566,1
1830,2381,1
4483,4164,1
80,684,1
31,64,1
6683,6876,1
542,138,1
945,1520,1
1804,1260,1
641,950,1
3507,2044,1
3168,3870,1
4077,4233,1
6247,3585,1
398,1658,1
912,2398,1
3149,2799,1
2733,4456,1
1951,5505,1
251,320,1
5129,5132,1
2463,5112,1
2342,1062,1
1669,3150,1
422,3861,1
274,1142,1
2469,2270,1
1922,1562,1
945,1376,1
2460,2455,1
2673,3004,1
912,2123,1
983,1299,1
1050,6107,1
951,624,1
2705,2250,1
1951,756,1
3255,1062,1
4943,5286,1
3250,2758,1
5245,7029,1
4738,6705,1
3997,2657,1
5701,6334,1
3735,6302,1
1366,1520,1
5288,3644,1
3140,5050,1
697,2571,1
4417,3334,1
3147,2158,1
294,1676,1
2785,3563,1
1237,1989,1
2666,2838,1
5641,6195,1
3807,4229,1
19,1551,1
2191,3415,1
1177,896,1
5,896,1
144,285,1
1615,2058,1
3449,4782,1
3446,5027,1
4032,4108,1
2428,14,1
2463,4424,1
5377,5141,1
701,1306,1
2705,4079,1
1668,2756,1
1471,2190,1
3336,5179,1
642,863,1
3314,6502,1
964,29,1
2763,3009,1
1555,5996,1
1471,1014,1
1813,1814,1
105,5043,1
2044,4007,1
1050,6335,1
912,826,1
743,1734,1
69,48,1
1095,2764,1
3678,4032,1
23,2507,1
3800,3140,1
5539,5854,1
1909,1298,1
5,5792,1
5868,6064,1
270,1192,1
4171,5050,1
2463,4999,1
4606,6830,1
1450,2379,1
1050,6776,1
1131,2343,1
3839,1950,1
10,1709,1
3087,4177,1
157,719,1
697,6545,1
4626,4621,1
2177,2518,1
1909,2451,1
697,3999,1
571,875,1
719,1371,1
2518,4552,1
4617,4981,1
285,665,1
4482,4449,1
47,2531,1
1394,3680,1
719,724,1
3143,4621,1
3669,2348,1
2328,2465,1
144,812,1
2078,1961,1
3421,2430,1
680,852,1
4578,3997,1
4910,6064,1
13,356,1
1233,2048,1
2658,2371,1
5309,5624,1
1562,1956,1
3680,4233,1
2348,7027,1
1050,6114,1
2330,2366,1
5141,5613,1
656,743,1
1734,3661,1
1984,2366,1
2607,2127,1
4618,4449,1
318,2665,1
913,1353,1
697,1839,1
5782,5547,1
862,29,1
1096,1095,1
5043,6735,1
5354,5800,1
1001,2172,1
3981,5141,1
1961,5983,1
6151,6926,1
860,1898,1
4705,3189,1
1205,2048,1
18,234,1
5547,4219,1
5127,5792,1
3445,6165,1
5514,4068,1
279,3059,1
4431,4722,1
237,5967,1
756,6733,1
48,6024,1
1398,1648,1
5695,6538,1
1450,1704,1
2957,1567,1
3682,3054,1
285,1961,1
3809,1192,1
1559,3160,1
4897,5087,1
281,2556,1
1056,1064,1
10,1370,1
3212,3303,1
5286,5228,1
1535,3255,1
3051,2294,1
2348,428,1
1024,910,1
1979,2125,1
1917,2970,1
719,581,1
2428,5029,1
1177,698,1
1984,2691,1
6055,4482,1
1615,930,1
3446,4541,1
591,909,1
422,7090,1
4892,6038,1
6392,5966,1
373,1370,1
4194,4217,1
3387,3452,1
3654,3280,1
56,5,1
3681,3529,1
718,694,1
5116,4610,1
3594,1285,1
5989,6320,1
10,1562,1
4897,5132,1
5037,5167,1
3147,4787,1
6335,4444,1
285,2063,1
1625,3457,1
2431,5237,1
10,1760,1
4038,4628,1
5989,5105,1
3111,5050,1
286,1088,1
1961,1420,1
3143,3619,1
1063,1933,1
277,1514,1
4673,3154,1
606,1589,1
24,719,1
1370,1295,1
2022,1824,1
1131,2057,1
1450,187,1
4602,6733,1
48,0,1
697,3861,1
2761,2759,1
5225,5224,1
5411,3286,1
990,239,1
4552,5784,1
422,5928,1
669,3152,1
1961,3956,1
1792,4801,1
7,32,1
1263,2166,1
2427,2566,1
28,2908,1
6154,6146,1
3059,4787,1
2608,1761,1
6548,5330,1
7,273,1
4033,5222,1
5129,5292,1
7,529,1
5786,5534,1
2762,3247,1
1954,1174,1
16,536,1
4254,3647,1
2767,3295,1
1050,1568,1
1129,1332,1
99,1493,1
3234,2375,1
454,807,1
4473,4822,1
1938,2372,1
5102,4522,1
4552,5155,1
6369,3585,1
4561,1972,1
1256,5534,1
2270,2702,1
3654,2295,1
6095,6349,1
3394,3904,1
2173,3651,1
1002,5537,1
756,2204,1
4940,3529,1
48,5687,1
1050,5034,1
4315,4787,1
6353,6351,1
1031,1088,1
4817,5324,1
4599,6735,1
28,1024,1
4607,4118,1
4801,5966,1
1277,2128,1
81,405,1
4522,4696,1
2162,2348,1
6944,5146,1
3444,4350,1
2371,2587,1
4434,1627,1
3286,4177,1
3009,3055,1
2531,4676,1
5648,5641,1
1095,2038,1
1370,1940,1
3390,1585,1
3446,3360,1
5138,5996,1
2470,2690,1
1669,3870,1
3157,2760,1
2348,5329,1
5145,4605,1
4901,4988,1
5127,5493,1
697,3097,1
1743,1173,1
3654,5141,1
1351,1924,1
563,815,1
3204,669,1
743,739,1
5674,6000,1
1366,4787,1
340,1276,1
2706,1295,1
4892,5043,1
4677,4061,1
2348,4079,1
1205,827,1
422,967,1
3990,5747,1
1684,2394,1
3287,3149,1
5792,2733,1
1415,5125,1
5404,4559,1
1415,1682,1
2348,3972,1
2707,3334,1
19,5145,1
2946,4687,1
1259,1184,1
855,1485,1
5129,4961,1
1811,3007,1
3248,3330,1
10,2158,1
2522,2521,1
23,656,1
743,1294,1
4033,3781,1
5072,5149,1
6034,6456,1
2477,3040,1
4226,4463,1
1566,1940,1
1192,915,1
1062,1174,1
285,1923,1
5539,5857,1
1244,2343,1
5792,2431,1
1828,3672,1
701,1351,1
776,1701,1
3111,4449,1
912,1500,1
5474,5864,1
1320,1321,1
1056,1453,1
5141,4213,1
2648,1759,1
5218,6798,1
1664,2698,1
6151,5612,1
1371,1128,1
3286,4808,1
2944,2032,1
4616,5102,1
1173,853,1
1924,1351,1
591,394,1
4091,4403,1
2477,3867,1
1298,2062,1
6388,6733,1
2867,3248,1
4180,5292,1
2620,2477,1
1562,1486,1
4598,2956,1
4018,3997,1
1141,4066,1
755,369,1
284,445,1
1242,1590,1
6802,6798,1
48,3691,1
2944,1669,1
6423,5742,1
191,24,1
4609,5628,1
590,1330,1
2371,2838,1
2465,4007,1
937,1096,1
2758,3347,1
1014,2190,1
2471,2575,1
1478,1919,1
5148,5185,1
2043,1669,1
2348,6456,1
5713,5317,1
4612,5198,1
2431,3147,1
3150,4621,1
4053,4171,1
1192,3203,1
6176,6306,1
6173,4607,1
242,1579,1
421,4444,1
4965,669,1
398,1567,1
2427,2017,1
1653,5966,1
765,740,1
792,1363,1
2126,2975,1
2799,2765,1
756,1062,1
4109,3845,1
2062,3160,1
167,1027,1
4213,6203,1
277,1745,1
1606,1602,1
1205,2697,1
3020,5706,1
6518,5868,1
4616,5480,1
398,1486,1
422,3203,1
162,1064,1
1277,2048,1
591,1294,1
697,2397,1
5236,5151,1
1639,2381,1
28,2451,1
422,1593,1
3314,4924,1
4892,4479,1
3990,5641,1
1917,2707,1
2463,2968,1
1894,2127,1
2043,2123,1
3168,4403,1
1616,1706,1
3328,4576,1
5149,6598,1
3313,4822,1
6171,5127,1
2462,1951,1
5795,4463,1
1420,2829,1
1458,341,1
1945,2867,1
3986,2600,1
4405,3128,1
5151,5141,1
1432,2476,1
5558,6864,1
2465,2742,1
1668,6334,1
656,853,1
3059,2829,1
1581,1804,1
3210,3109,1
289,2838,1
1050,3518,1
3153,4543,1
681,2526,1
3287,1420,1
245,911,1
78,5256,1
490,3701,1
1404,822,1
4310,4895,1
5921,6107,1
2457,3295,1
1838,1366,1
2680,2738,1
1363,1555,1
3157,4097,1
701,51,1
5141,5864,1
3156,2572,1
697,4299,1
4033,4463,1
4808,3475,1
983,780,1
3678,4508,1
4897,6020,1
3148,2697,1
270,168,1
2890,3287,1
1172,1174,1
50,69,1
1356,1629,1
2305,1064,1
4427,4628,1
69,587,1
681,1501,1
5286,2398,1
6928,5925,1
2732,2057,1
4417,4773,1
172,711,1
2204,2373,1
4502,5742,1
9,24,1
6647,7070,1
1268,1237,1
3545,5395,1
3899,3306,1
3661,4541,1
230,229,1
6377,6429,1
5742,5149,1
279,1562,1
4180,5747,1
3444,5330,1
2464,2044,1
875,947,1
3199,3651,1
4421,4118,1
1811,2815,1
5042,4628,1
1590,2372,1
19,910,1
5123,4605,1
2164,669,1
1420,1664,1
2427,669,1
1002,1290,1
2431,2204,1
604,698,1
3350,2127,1
3580,3146,1
77,1933,1
966,5682,1
157,1450,1
4606,3446,1
2467,5573,1
5,1512,1
2179,5194,1
3716,4541,1
4561,5141,1
1609,2087,1
292,641,1
1629,1646,1
1891,1450,1
531,369,1
105,3410,1
5127,5129,1
7,168,1
1589,3644,1
3398,2204,1
2044,3222,1
10,279,1
525,5329,1
4272,2079,1
5222,4831,1
232,592,1
56,2004,1
6389,5966,1
1951,4999,1
2617,3287,1
4892,5329,1
6059,4068,1
2956,1585,1
579,1395,1
285,936,1
6351,6173,1
138,2291,1
3223,3624,1
312,332,1
4068,4377,1
5127,5161,1
2064,4219,1
2101,7029,1
1478,827,1
743,1183,1
1250,1823,1
2832,1244,1
1233,1386,1
111,694,1
5138,4924,1
751,587,1
1306,1793,1
1370,2289,1
4283,6850,1
57,387,1
983,1408,1
6029,3594,1
5104,6248,1
1342,1664,1
2164,3306,1
719,4641,1
4194,4459,1
6560,5139,1
1001,1184,1
8,9,1
1302,1437,1
1477,2532,1
279,3649,1
155,3464,1
157,4482,1
1542,4641,1
3174,4730,1
4701,4403,1
884,6916,1
3189,5157,1
1233,1512,1
2341,2752,1
1757,1520,1
3444,6405,1
988,874,1
306,1205,1
2762,2270,1
4606,6085,1
1277,1802,1
422,5921,1
1034,962,1
1811,1675,1
697,2733,1
2395,2864,1
6901,5330,1
719,656,1
5685,3486,1
1263,910,1
2291,5293,1
718,1707,1
6322,6693,1
1172,1271,1
4897,5102,1
1256,3059,1
3874,3870,1
580,2140,1
2575,2357,1
719,4403,1
2767,3751,1
4543,6165,1
1836,3591,1
2680,5185,1
1136,1128,1
1029,944,1
279,724,1
3260,5688,1
1961,3452,1
6001,6454,1
5218,6026,1
5870,6351,1
3978,3904,1
3145,4171,1
4617,3904,1
197,1631,1
4616,4508,1
3643,5330,1
5736,4627,1
2763,4827,1
383,2740,1
3155,3446,1
2064,5117,1
4809,5380,1
2707,4517,1
3204,3452,1
1650,2658,1
2706,2323,1
4430,5470,1
2763,2357,1
2315,1420,1
6405,6293,1
2126,3109,1
2062,2328,1
1894,3148,1
3885,2091,1
5695,5868,1
3465,3387,1
6151,4607,1
1688,1415,1
157,862,1
1168,1523,1
3286,4552,1
155,1811,1
6634,6151,1
2090,2294,1
5912,6693,1
2041,6647,1
1420,1459,1
2062,3315,1
2127,1881,1
3314,6056,1
4377,2818,1
2048,2864,1
1233,1796,1
1659,2735,1
2705,3287,1
1420,2438,1
3237,3347,1
3672,2518,1
4377,4808,1
2126,1828,1
1485,1670,1
1376,2444,1
5360,3508,1
756,3594,1
2492,2377,1
6636,4522,1
1233,1745,1
2425,5146,1
3059,3647,1
4616,5929,1
1277,1066,1
697,4835,1
10,395,1
2810,3109,1
2703,3108,1
4972,1285,1
3143,3134,1
2463,5996,1
5155,5026,1
6029,7029,1
5,547,1
3084,4787,1
576,2323,1
2823,2970,1
3173,2427,1
6407,6415,1
5766,5493,1
3148,3685,1
4261,6180,1
604,683,1
4561,3150,1
571,262,1
2204,2838,1
910,1823,1
5782,5911,1
1344,2250,1
99,698,1
3097,3149,1
1535,4648,1
1616,1923,1
5979,5983,1
48,482,1
5114,2533,1
5286,6227,1
3210,2430,1
3146,2172,1
41,3415,1
528,1960,1
4488,3719,1
4522,4335,1
285,872,1
857,2066,1
2101,2127,1
128,292,1
197,1052,1
604,658,1
5312,2522,1
697,6650,1
697,2669,1
1463,4672,1
1014,1419,1
718,822,1
5,399,1
2471,3445,1
294,1584,1
1672,1256,1
3751,3842,1
1420,2038,1
5002,5058,1
10,1095,1
281,641,1
5868,4970,1
5889,4910,1
1420,3320,1
4521,3002,1
3248,4077,1
3701,669,1
1393,2066,1
3314,1507,1
604,3002,1
155,1244,1
2348,3406,1
1404,1670,1
4714,1351,1
6300,6798,1
2647,1984,1
4429,4463,1
4149,5034,1
5127,5151,1
697,4823,1
2377,2425,1
4522,5043,1
2575,2897,1
286,848,1
2465,6770,1
3286,3861,1
5137,5772,1
2705,4177,1
4033,5132,1
4897,2747,1
891,2617,1
2427,4312,1
2260,2516,1
1835,2356,1
3551,4787,1
3919,4782,1
5129,6737,1
307,2492,1
5792,2600,1
5,359,1
245,0,1
2762,2348,1
4429,2357,1
5469,5772,1
4892,884,1
2179,4656,1
917,1344,1
78,2191,1
4463,4627,1
743,1238,1
1675,3672,1
701,930,1
3156,2518,1
2761,4459,1
2742,3295,1
4606,5132,1
2758,2566,1
69,573,1
6151,6782,1
2270,7048,1
1168,1106,1
3594,2466,1
422,1297,1
3286,3315,1
2132,2658,1
604,587,1
1714,1323,1
1105,1897,1
1415,2507,1
5769,6650,1
1173,1584,1
5082,5126,1
2099,2191,1
2833,3295,1
160,1400,1
1156,1646,1
3313,5405,1
697,2735,1
632,1021,1
1456,1968,1
1136,1172,1
1306,1492,1
4068,3873,1
292,698,1
755,1450,1
904,1681,1
373,394,1
6954,6953,1
1566,2698,1
5286,6537,1
917,1284,1
81,3019,1
697,1421,1
24,43,1
6791,6789,1
1404,1366,1
398,915,1
6674,7029,1
3039,1585,1
3807,4424,1
910,1699,1
6629,5867,1
4618,2657,1
2127,1366,1
2071,2575,1
1835,1988,1
1653,5222,1
6335,5414,1
285,794,1
4437,3885,1
857,1094,1
3189,2172,1
2707,669,1
4149,4032,1
6538,6537,1
2454,2451,1
2343,6733,1
3623,2428,1
1035,2427,1
23,3315,1
1811,1106,1
2191,2465,1
1945,3685,1
38,428,1
697,62,1
5043,5573,1
1539,1094,1
6420,6456,1
1097,1892,1
7,372,1
1233,1370,1
1593,3059,1
1262,1318,1
1811,2123,1
697,612,1
2767,2838,1
701,3169,1
5236,5966,1
2427,2372,1
982,5772,1
4609,2521,1
1487,1802,1
117,719,1
5005,6650,1
4417,6180,1
485,64,1
1740,1420,1
6176,6479,1
1306,1393,1
6128,6565,1
41,1142,1
6734,5800,1
5446,14,1
1949,2140,1
1263,1635,1
2760,5733,1
2459,5590,1
881,1258,1
3059,3150,1
954,4676,1
105,6537,1
1277,1928,1
61,1088,1
3157,3406,1
1996,1201,1
5123,5593,1
3084,1267,1
5,279,1
888,683,1
4552,6024,1
1256,5070,1
2348,4952,1
743,1306,1
139,24,1
6440,4961,1
6426,4537,1
2323,3901,1
2282,2742,1
1814,910,1
2707,3580,1
1256,1156,1
4705,4788,1
756,2087,1
3087,5474,1
4607,5209,1
3287,3907,1
2159,2378,1
2760,669,1
5736,4788,1
233,205,1
41,227,1
4608,3649,1
2260,2071,1
2705,3763,1
904,3176,1
4226,3518,1
1471,1770,1
4616,5034,1
4606,1285,1
99,4787,1
4819,5864,1
5534,5800,1
1050,2731,1
285,1456,1
2123,2847,1
3242,3320,1
3059,3763,1
2575,2732,1
2996,2372,1
128,2532,1
3360,1655,1
4897,767,1
1835,1839,1
1770,1704,1
6220,5185,1
1150,2740,1
5131,6794,1
5129,4696,1
167,388,1
3212,2459,1
1655,5125,1
1128,1404,1
1460,2976,1
3701,4229,1
1205,1432,1
697,2046,1
697,3176,1
546,1420,1
4892,5867,1
40,3129,1
2164,7063,1
2427,2980,1
3150,2533,1
1032,1184,1
5539,5092,1
1050,1824,1
4892,6512,1
2686,2706,1
5175,4098,1
3148,3719,1
281,3134,1
23,4801,1
5929,6149,1
4222,669,1
1945,3248,1
2742,2790,1
1467,1143,1
7,342,1
4473,4687,1
3147,3529,1
3313,3956,1
2169,3939,1
716,726,1
2453,4108,1
3095,3203,1
373,341,1
57,634,1
5809,6351,1
735,1492,1
5138,5966,1
2348,4617,1
719,2476,1
4892,6096,1
289,2381,1
3303,3873,1
5777,5772,1
5003,4164,1
5123,2233,1
3097,2850,1
1761,2516,1
5,1400,1
5548,5688,1
4606,5871,1
502,561,1
7,554,1
3446,1960,1
3452,2761,1
1032,3097,1
5929,4463,1
5674,5073,1
5769,6181,1
2676,3719,1
6810,7021,1
1105,1062,1
2946,2815,1
3445,5563,1
1105,575,1
1555,2970,1
1949,2145,1
1961,2756,1
719,4149,1
78,4945,1
2463,1585,1
2397,2880,1
2465,2172,1
169,1184,1
743,3751,1
6335,6693,1
1761,2381,1
10,967,1
1050,2467,1
6156,6545,1
788,1853,1
294,910,1
1107,857,1
2270,187,1
4377,4098,1
279,2506,1
4491,3149,1
154,916,1
2648,2575,1
698,1021,1
697,1669,1
2348,3019,1
1277,1237,1
1277,1330,1
2044,1501,1
5143,3529,1
6180,5330,1
3147,1593,1
4636,4606,1
23,1724,1
5983,6686,1
1482,1306,1
1578,1106,1
4377,6403,1
1184,2492,1
5123,5405,1
4226,5537,1
4612,4310,1
1471,2372,1
1348,5766,1
4788,5864,1
398,4108,1
1938,2053,1
170,2381,1
1668,2867,1
3601,2315,1
372,608,1
2463,2457,1
3914,7027,1
3314,5966,1
3097,2867,1
3654,4602,1
1303,1299,1
1649,1747,1
2926,3176,1
6142,5800,1
4897,5800,1
6096,6782,1
40,357,1
4596,3508,1
5813,6050,1
2328,5666,1
3286,4648,1
157,1795,1
340,774,1
3286,5050,1
2388,2381,1
599,232,1
669,5092,1
4444,5058,1
6152,6595,1
6928,4477,1
1830,855,1
3153,3541,1
1105,3598,1
3236,3295,1
5325,2233,1
3596,3842,1
28,783,1
2786,1062,1
32,25,1
2917,1933,1
2294,2038,1
5513,4616,1
2617,3150,1
5514,5827,1
4823,5161,1
5,118,1
294,2908,1
872,2291,1
1244,2166,1
5695,6050,1
1205,1344,1
719,277,1
154,1215,1
751,805,1
1828,4616,1
1256,6789,1
28,3787,1
4530,4528,1
4603,4606,1
698,14,1
4910,6000,1
3651,3719,1
1365,1306,1
1192,2732,1
1650,2752,1
23,1197,1
2867,1853,1
1319,1919,1
292,911,1
6369,5966,1
6462,4970,1
5493,5685,1
3587,1950,1
310,342,1
4032,3644,1
2902,2575,1
4607,2995,1
2096,1814,1
1105,2587,1
3168,3406,1
2099,2250,1
422,2572,1
2617,4541,1
99,3059,1
2617,2698,1
5155,5405,1
1814,2176,1
3204,3446,1
3854,2818,1
1256,2546,1
578,656,1
6776,1820,1
4477,5072,1
2895,2166,1
2101,5141,1
305,4213,1
3424,3169,1
6146,5376,1
743,1520,1
1394,3457,1
4616,4226,1
3242,2740,1
2062,1266,1
4629,3904,1
1306,2127,1
6173,5925,1
99,3719,1
2126,3781,1
1124,1172,1
502,237,1
2680,1062,1
6932,6777,1
4108,14,1
1655,5141,1
1156,2057,1
4607,5987,1
1370,2032,1
4801,5666,1
1351,2091,1
6335,5534,1
3140,5666,1
779,1551,1
2790,2756,1
4895,3781,1
4823,6178,1
122,592,1
28,1184,1
3314,3153,1
1755,4823,1
920,604,1
139,29,1
2191,1699,1
107,0,1
904,2163,1
5470,6819,1
1609,2621,1
4412,6026,1
6050,6526,1
5043,5480,1
3444,4079,1
5127,5563,1
3314,3054,1
697,2250,1
2421,1881,1
5780,5222,1
4477,4892,1
2395,1892,1
912,4588,1
2812,2765,1
48,838,1
857,1299,1
6976,3644,1
1056,1318,1
912,2521,1
1624,1646,1
5905,6598,1
2033,3849,1
3803,3972,1
3097,4787,1
2348,4607,1
3313,3685,1
284,1184,1
744,812,1
3077,2357,1
1179,398,1
398,729,1
8,116,1
4606,6502,1
1221,4193,1
10,2511,1
1323,1320,1
2038,5256,1
1465,783,1
5402,4817,1
2062,4605,1
1615,2074,1
697,1130,1
2531,1759,1
3444,4581,1
735,911,1
4317,2044,1
2260,2746,1
231,616,1
1177,1318,1
1653,5921,1
197,1611,1
1248,1278,1
1664,2127,1
3059,3248,1
5325,4616,1
2357,2420,1
1259,1258,1
6734,3585,1
1306,1349,1
119,1423,1
3058,3653,1
4897,5470,1
4950,5505,1
4596,4892,1
10,2607,1
154,936,1
81,505,1
307,1493,1
473,3019,1
4672,6798,1
1701,1890,1
4892,5330,1
4033,4499,1
310,1578,1
1811,3487,1
5149,5126,1
284,622,1
2026,1323,1
4541,6087,1
695,2323,1
1880,2004,1
2377,3303,1
1110,1594,1
1110,1790,1
1050,1984,1
2742,428,1
2233,3045,1
270,2838,1
3077,6026,1
2758,2057,1
2471,2732,1
3385,2697,1
275,2091,1
4602,5573,1
1836,2765,1
794,680,1
1306,1483,1
3178,1054,1
794,898,1
4892,4068,1
3212,2810,1
1351,1173,1
3885,14,1
2680,5768,1
3672,3972,1
1640,4297,1
2431,3387,1
2761,2270,1
4098,3548,1
7095,5800,1
157,1023,1
2261,2564,1
2463,5282,1
6059,6149,1
197,718,1
2048,3287,1
422,1366,1
5539,3453,1
6691,5800,1
422,4720,1
2467,4817,1
4615,5224,1
2395,1420,1
794,1703,1
4607,1351,1
2294,2377,1
2090,2507,1
5329,2747,1
6453,3912,1
4610,4930,1
48,608,1
4180,5029,1
3548,4641,1
5708,4068,1
1056,1205,1
284,971,1
6405,6412,1
6634,4477,1
11,604,1
1027,962,1
4865,1593,1
2462,1464,1
2142,2140,1
5057,5050,1
155,2226,1
78,871,1
1369,1594,1
5493,5127,1
197,271,1
3124,4730,1
5181,5240,1
1116,1613,1
697,4813,1
3871,2164,1
1349,1364,1
2444,2038,1
5706,4522,1
2357,1244,1
5701,1285,1
6599,5161,1
4033,6619,1
1591,1928,1
1420,575,1
1420,5742,1
422,505,1
1032,2697,1
1263,1476,1
972,694,1
1981,2465,1
4602,5198,1
571,916,1
4603,4996,1
2758,3148,1
1485,2956,1
2833,3055,1
1002,5527,1
1890,2176,1
2126,3751,1
10,4299,1
169,405,1
4616,5141,1
1001,5075,1
2522,3306,1
6029,5867,1
4172,3926,1
3654,5590,1
1062,874,1
197,1366,1
1277,2053,1
2476,2908,1
4984,4605,1
3153,2747,1
575,287,1
294,884,1
2179,4508,1
3598,3320,1
1393,962,1
2425,3495,1
2463,2375,1
1945,2430,1
1002,1761,1
1420,2507,1
1625,1001,1
5142,6510,1
5769,6726,1
3654,2533,1
6150,6546,1
3306,6546,1
141,963,1
1131,1503,1
5571,4892,1
20,812,1
1900,2296,1
4463,2600,1
3681,3649,1
2431,6820,1
69,76,1
2357,2995,1
1675,1790,1
1629,2066,1
3353,2575,1
4522,6084,1
294,5050,1
1105,2301,1
822,944,1
1420,2360,1
2758,4312,1
1811,1759,1
3350,3459,1
3873,4233,1
3005,3787,1
4941,2521,1
1763,2790,1
3128,2563,1
1050,5247,1
2287,4522,1
3739,5474,1
5539,3926,1
5831,6218,1
4417,3465,1
2100,3866,1
743,5224,1
3137,14,1
4427,3140,1
4654,2680,1
286,1805,1
4610,5179,1
1686,1790,1
254,512,1
698,571,1
2287,698,1
3277,1062,1
1062,2431,1
2373,3751,1
1256,4606,1
1205,1297,1
4430,5058,1
1060,1901,1
3919,4988,1
3501,2787,1
279,797,1
2446,1830,1
718,1297,1
36,1237,1
697,2062,1
1415,4924,1
50,665,1
2348,3280,1
195,474,1
6029,5185,1
1471,2379,1
1820,6756,1
1233,1616,1
6029,6585,1
4378,1851,1
5695,6565,1
5641,5092,1
3222,2740,1
5634,4463,1
3150,4961,1
1095,4517,1
1594,2381,1
2348,6429,1
3155,1960,1
3302,4063,1
2458,2032,1
6176,6302,1
1088,1529,1
4612,4617,1
1890,1613,1
4163,4164,1
2746,4066,1
3786,3444,1
1002,2750,1
1578,6953,1
3004,2815,1
1256,5488,1
2289,1961,1
2747,1593,1
294,1448,1
912,553,1
2763,5555,1
4144,5925,1
2765,4131,1
912,3849,1
2,26,1
1578,4867,1
6154,5547,1
4232,3904,1
3465,2191,1
6734,4522,1
1366,864,1
80,2725,1
3376,428,1
6833,6830,1
4113,1960,1
3314,5165,1
5123,3045,1
1002,1924,1
4330,4801,1
1478,520,1
4972,3901,1
6415,6864,1
10,3651,1
674,2487,1
3087,2295,1
1420,1358,1
3261,6429,1
1256,2698,1
2348,2202,1
3446,2544,1
4305,4431,1
3643,4226,1
5146,4489,1
2048,2122,1
2553,3644,1
973,6809,1
4310,2815,1
5792,6614,1
2339,2546,1
4792,4787,1
2467,4272,1
3143,2584,1
138,764,1
512,529,1
1056,2855,1
1424,1937,1
697,719,1
1024,1366,1
1105,1747,1
1056,1294,1
857,1393,1
983,1237,1
4604,2810,1
3885,2158,1
3039,3751,1
3087,3445,1
20,603,1
5685,5770,1
5674,5668,1
3145,2673,1
1356,1493,1
3746,5058,1
5126,3529,1
1370,1094,1
2206,2506,1
3106,4217,1
4616,4628,1
23,1509,1
2767,3248,1
10,1130,1
6176,2431,1
6377,3585,1
10,1267,1
2463,3627,1
1450,391,1
340,254,1
1681,2361,1
4477,5823,1
3143,3059,1
3152,6770,1
3968,3967,1
1018,1271,1
237,1254,1
221,658,1
882,638,1
5043,3168,1
3807,4265,1
279,2294,1
5674,5800,1
2525,2071,1
4603,1057,1
3723,1892,1
4603,669,1
4430,4335,1
2348,3487,1
6016,5376,1
2044,3999,1
6029,5734,1
1894,1629,1
2469,2291,1
1358,1441,1
2971,2738,1
2458,2372,1
791,1514,1
34,50,1
863,3956,1
3328,1589,1
1625,1061,1
6176,5827,1
5043,4489,1
587,658,1
1456,1295,1
1415,1761,1
956,701,1
2836,3287,1
4463,6351,1
1891,1903,1
5127,4606,1
4892,6302,1
1456,1976,1
1150,2430,1
4596,6161,1
3739,3861,1
1415,3624,1
1770,606,1
1002,1178,1
576,521,1
2209,930,1
1456,1266,1
2673,2127,1
1664,1584,1
5131,5127,1
5695,4456,1
6336,4813,1
5127,5222,1
294,1063,1
155,2575,1
7071,5904,1
2263,2863,1
1624,2691,1
2159,1244,1
1420,3591,1
1050,1610,1
2222,781,1
3147,1655,1
855,1734,1
2338,2583,1
5979,5987,1
134,910,1
5685,5126,1
2733,4610,1
1105,1745,1
1351,521,1
2505,5185,1
3778,3315,1
5116,4910,1
674,292,1
5792,6598,1
4555,1838,1
4910,5921,1
1801,1968,1
2152,1793,1
5414,6598,1
23,2665,1
3390,4482,1
4522,5050,1
2741,3034,1
4542,5324,1
4500,2810,1
5571,5929,1
6683,7109,1
1924,1493,1
4610,5075,1
6405,6038,1
792,1306,1
2742,2746,1
967,4064,1
1801,1643,1
4230,3885,1
193,852,1
2090,3703,1
6405,6403,1
1356,1492,1
2742,3563,1
28,2172,1
3059,2732,1
6812,6916,1
2476,2850,1
1002,1298,1
1256,6876,1
172,28,1
1202,910,1
500,1432,1
294,726,1
1568,2546,1
1256,6598,1
2926,3360,1
1256,5868,1
2323,2706,1
1002,2872,1
2463,1637,1
28,4222,1
328,2765,1
674,600,1
2463,2177,1
5925,6798,1
3152,2492,1
4740,2760,1
2742,1613,1
4033,4226,1
2126,2467,1
277,876,1
2721,4222,1
2746,1892,1
294,614,1
697,4477,1
285,4366,1
1314,1881,1
345,640,1
6042,5073,1
286,495,1
2841,1184,1
3146,3956,1
6026,6146,1
1277,1131,1
133,1294,1
2348,6181,1
3911,4528,1
4640,3303,1
4372,3128,1
662,1371,1
581,926,1
3446,1593,1
3148,4079,1
2420,1178,1
2091,1267,1
4338,2044,1
28,2250,1
4188,1192,1
4910,4610,1
546,781,1
6028,6403,1
1664,1761,1
1566,2057,1
4945,2398,1
2747,2127,1
372,614,1
4429,5027,1
3464,2572,1
1668,2838,1
2457,2607,1
10,1064,1
28,208,1
3248,3452,1
644,641,1
11,331,1
289,711,1
2746,2604,1
10,971,1
4617,6146,1
1156,2465,1
1393,3661,1
3306,6001,1
2460,2435,1
3058,1961,1
6266,5092,1
1205,891,1
4058,5105,1
284,883,1
2758,2294,1
133,739,1
3097,3160,1
1828,5685,1
2166,2226,1
1804,1802,1
2492,3751,1
1248,398,1
4463,4616,1
311,901,1
3655,4813,1
99,3138,1
3287,3464,1
3486,2980,1
5043,5134,1
743,2673,1
3143,3778,1
3004,2787,1
2044,2425,1
422,7070,1
1393,2194,1
746,718,1
4906,2233,1
3148,4459,1
1663,3446,1
910,1701,1
1936,2381,1
1814,2066,1
3313,5479,1
3035,3034,1
20,1353,1
2055,2511,1
2707,3154,1
1951,4123,1
5548,5932,1
3647,6026,1
6669,7029,1
4601,2301,1
2872,2425,1
1431,1651,1
1023,1830,1
28,641,1
1418,910,1
3680,3464,1
3147,3045,1
2267,6064,1
1306,1447,1
292,768,1
3157,2831,1
99,2560,1
4149,2831,1
2348,2507,1
983,888,1
2289,321,1
743,857,1
674,1353,1
640,373,1
756,3140,1
778,2038,1
4618,3446,1
5129,6064,1
284,774,1
2444,2425,1
28,1197,1
578,2127,1
3087,5624,1
4892,6456,1
2721,2348,1
2790,2761,1
4627,4033,1
3164,2893,1
718,1018,1
5,278,1
604,616,1
3143,4077,1
2680,5131,1
1366,1730,1
6176,5146,1
4430,2398,1
6028,5612,1
1256,6809,1
3580,2079,1
3286,553,1
972,29,1
6050,6332,1
1227,2226,1
2064,5735,1
19,130,1
2164,3781,1
1404,1143,1
6146,6123,1
1205,2855,1
5708,4216,1
3654,3508,1
768,1703,1
1404,1805,1
67,64,1
3207,5145,1
10,1050,1
4943,3315,1
112,897,1
668,1332,1
3189,5375,1
1192,2420,1
3306,3701,1
2464,2366,1
1250,3034,1
2191,2126,1
2427,2357,1
4430,6248,1
2956,2172,1
1348,4895,1
3444,2697,1
5329,4817,1
5918,5073,1
5330,4606,1
3313,3320,1
788,76,1
4149,4525,1
6220,2600,1
5783,4414,1
1949,51,1
285,656,1
2890,756,1
3087,2396,1
1450,1448,1
5174,4561,1
432,616,1
681,719,1
1471,1649,1
23,1584,1
4828,5800,1
310,1183,1
5786,6047,1
5795,5768,1
1478,1747,1
4283,4477,1
5174,5198,1
9,572,1
2431,3334,1
4175,1961,1
3444,3387,1
285,3984,1
5634,5414,1
3747,1961,1
2294,2202,1
322,405,1
3818,2091,1
1050,945,1
912,2956,1
2290,2740,1
3009,7109,1
1625,3703,1
3097,2127,1
2372,2434,1
1156,885,1
5246,2815,1
701,1441,1
701,2289,1
1192,2371,1
4471,4872,1
1371,1400,1
1566,1415,1
232,1437,1
2395,2372,1
2457,3488,1
1277,2698,1
1050,2293,1
1553,1295,1
305,6502,1
4429,5050,1
628,846,1
4033,4606,1
2033,5105,1
1027,3059,1
4776,4587,1
5472,4605,1
5586,5149,1
2348,4656,1
5534,5827,1
345,889,1
2758,3691,1
3977,3653,1
2591,2707,1
5127,4892,1
3390,4541,1
111,3169,1
1519,6180,1
681,505,1
571,29,1
490,1061,1
3449,3320,1
5129,3679,1
4310,4543,1
4430,4517,1
279,605,1
5534,3926,1
2086,1366,1
3143,5426,1
2132,885,1
4910,2315,1
4552,5687,1
3992,2617,1
5705,1972,1
1416,3280,1
912,4171,1
912,2183,1
4543,5734,1
3148,4063,1
1095,575,1
576,5050,1
285,1629,1
4522,1542,1
5354,2030,1
4612,5050,1
3701,4605,1
51,97,1
6335,6733,1
1625,3108,1
1485,1306,1
1759,696,1
4426,1627,1
2471,1197,1
5522,5742,1
285,2349,1
1192,2532,1
2348,6349,1
4038,5420,1
3045,3870,1
5072,7048,1
5129,6114,1
279,2127,1
6180,3518,1
3336,3624,1
1106,1088,1
3990,7063,1
2126,2908,1
644,869,1
1928,3488,1
3286,4522,1
4718,4672,1
6050,5827,1
3654,3967,1
3990,4219,1
1124,695,1
2607,3464,1
10,122,1
1235,1936,1
5129,3004,1
3545,2127,1
587,3504,1
1027,428,1
743,2122,1
887,883,1
286,28,1
1205,1759,1
5403,5537,1
2463,3004,1
107,279,1
3794,2301,1
3654,2540,1
3053,3261,1
1095,1795,1
4609,4118,1
1625,1623,1
2167,1803,1
3147,4213,1
2705,2742,1
756,4479,1
373,855,1
576,1260,1
32,640,1
5149,6752,1
735,1024,1
10,1485,1
1062,1351,1
1894,1664,1
2031,2381,1
284,4552,1
3150,2250,1
99,3295,1
0,547,1
3153,4720,1
2741,3040,1
4164,4256,1
54,51,1
2833,2457,1
6034,6993,1
3654,2815,1
2676,391,1
5141,4676,1
1106,1682,1
1487,2138,1
157,1664,1
4613,4038,1
4101,3680,1
3731,2127,1
5686,6595,1
6244,3392,1
1262,1098,1
5680,6085,1
1334,1332,1
5989,6139,1
632,1742,1
111,2471,1
1811,4725,1
3084,4605,1
3372,1420,1
1613,3073,1
3672,3787,1
2348,3149,1
1050,1235,1
3152,3531,1
2127,5563,1
1478,2145,1
23,1052,1
3004,1541,1
1933,2731,1
1828,4489,1
1420,694,1
1477,2328,1
3647,5329,1
3143,4459,1
530,340,1
2531,6056,1
3095,3521,1
134,2787,1
2719,3320,1
1824,862,1
1699,5766,1
4226,6479,1
1829,1178,1
2705,3303,1
13,0,1
7,44,1
1415,4222,1
11,1500,1
41,2691,1
169,5554,1
2348,933,1
718,1695,1
3853,3148,1
2758,2867,1
4149,6650,1
1972,2970,1
1032,2357,1
6146,4149,1
285,641,1
898,774,1
1595,1208,1
2338,2662,1
5813,5983,1
5239,4605,1
3085,1493,1
1127,1056,1
4502,6598,1
1458,1574,1
3150,3508,1
2841,2291,1
23,27,1
2462,2396,1
2758,3861,1
972,2062,1
1818,1897,1
54,1096,1
4654,6180,1
4855,5929,1
718,1611,1
6649,6614,1
2746,2427,1
2463,5165,1
1502,3445,1
3022,2425,1
4819,5145,1
294,285,1
6300,6595,1
4606,5666,1
2818,1951,1
746,207,1
3313,4366,1
3799,4517,1
4891,3781,1
2790,3867,1
3610,3303,1
4606,4819,1
578,948,1
3090,2099,1
2638,5224,1
1002,6065,1
2792,2377,1
1192,2968,1
3151,6195,1
2291,168,1
1844,1951,1
2648,2430,1
2462,2099,1
718,1493,1
4819,5641,1
54,1759,1
2752,1951,1
6179,6405,1
3189,4672,1
4033,5827,1
591,1254,1
5058,5126,1
1220,1651,1
2867,2294,1
3058,2584,1
2373,3059,1
422,4287,1
2348,4581,1
3286,4118,1
221,281,1
105,5125,1
2048,4961,1
106,656,1
3087,6608,1
184,937,1
422,5131,1
2506,1605,1
4616,4602,1
2322,2062,1
917,794,1
4228,3002,1
6152,6334,1
2703,756,1
3794,4587,1
4984,5073,1
3799,2680,1
2425,187,1
3306,1655,1
1629,2287,1
5149,5628,1
4616,5747,1
10,1063,1
3248,3719,1
2055,2083,1
3733,3248,1
2,167,1
6415,1820,1
1035,911,1
3153,2829,1
1141,1441,1
3156,1080,1
5127,5207,1
6026,6178,1
1050,1936,1
4430,2521,1
3140,3150,1
758,910,1
3296,2048,1
576,3521,1
1420,5149,1
2348,6302,1
3921,3541,1
340,398,1
30,800,1
5129,6545,1
2767,2091,1
3643,3644,1
2343,2428,1
3155,3661,1
5,1353,1
4603,4892,1
581,292,1
3286,5586,1
2705,2735,1
2866,7068,1
817,6085,1
5286,6782,1
2469,2124,1
1686,1898,1
4616,4949,1
1566,2328,1
2895,4312,1
2761,2127,1
5222,4892,1
2717,3904,1
6323,5929,1
1244,1450,1
4612,2382,1
697,5152,1
938,2868,1
910,1940,1
4038,6123,1
1394,2331,1
2717,5890,1
5785,5539,1
2327,1594,1
4425,4424,1
6146,5867,1
1268,1707,1
697,4149,1
2172,5682,1
2342,3248,1
4275,4066,1
2761,1062,1
7017,7109,1
398,1529,1
2833,2970,1
4149,7109,1
1345,875,1
5002,5165,1
6156,6050,1
10,76,1
2763,4033,1
3394,3701,1
5973,4952,1
4648,4522,1
3919,1838,1
1277,2759,1
4606,6861,1
1615,341,1
6562,6613,1
640,1761,1
3314,4892,1
725,1515,1
1686,1035,1
1704,1559,1
2742,2838,1
2954,2087,1
4283,4479,1
2038,3040,1
5571,6861,1
1890,2838,1
1356,1386,1
1105,3644,1
1553,3242,1
6001,7027,1
1996,5966,1
5181,5395,1
3643,3901,1
4547,4558,1
4144,2533,1
910,1796,1
1591,2176,1
5141,5207,1
111,2451,1
5769,6614,1
2395,2427,1
1062,1464,1
2767,1420,1
1277,1977,1
93,1820,1
5149,5766,1
760,1294,1
6122,5921,1
4430,3719,1
163,239,1
99,2395,1
1116,1294,1
5792,6637,1
3059,4403,1
1706,1124,1
1684,1936,1
2270,2091,1
6549,4522,1
4576,2164,1
4033,5087,1
3990,4193,1
2506,4297,1
5820,6861,1
5782,5149,1
1131,1804,1
4430,5395,1
603,2425,1
251,2397,1
2465,3160,1
1761,1890,1
1237,1898,1
1655,3594,1
1949,2397,1
3033,3034,1
799,287,1
860,210,1
3803,3138,1
3059,3360,1
3644,3189,1
24,546,1
6155,5019,1
133,122,1
756,2761,1
3584,3624,1
2159,3252,1
4377,3306,1
2044,2444,1
1116,1060,1
3929,4892,1
2721,4823,1
32,150,1
2760,4605,1
6155,6733,1
6019,6986,1
743,1944,1
48,76,1
279,676,1
6496,4805,1
719,2760,1
404,3465,1
1731,2038,1
4463,2079,1
5449,5966,1
2428,4312,1
581,4304,1
3643,6545,1
40,28,1
2447,4177,1
5784,4177,1
5879,4463,1
5813,5987,1
4315,5871,1
1105,51,1
1562,1793,1
3174,1057,1
1348,3873,1
718,1627,1
2746,2697,1
6151,7116,1
5514,1285,1
4926,2995,1
320,910,1
2463,1330,1
3147,3320,1
2456,3160,1
2282,2451,1
2705,2018,1
5013,4605,1
1447,1366,1
4444,6161,1
1938,2176,1
5226,5224,1
28,3045,1
3174,5395,1
649,653,1
1415,2290,1
398,681,1
719,915,1
3023,2127,1
6180,5209,1
1366,1003,1
604,888,1
4606,3124,1
6297,3912,1
3987,3956,1
253,2349,1
2270,3055,1
1366,1823,1
78,2531,1
5572,6203,1
904,2428,1
4984,4256,1
910,915,1
4801,5735,1
23,1295,1
638,2038,1
1032,3464,1
3710,3848,1
5129,5043,1
938,756,1
4892,4195,1
4149,3446,1
3013,3487,1
2263,2872,1
2294,2323,1
4377,5207,1
778,3295,1
3106,3320,1
241,2164,1
41,257,1
2044,4875,1
6173,6733,1
746,1507,1
1658,1838,1
1890,1184,1
3387,3751,1
10,1258,1
4788,4895,1
93,592,1
311,572,1
1553,1761,1
4640,5534,1
3854,4621,1
3807,1627,1
2703,2607,1
1034,187,1
1366,520,1
4377,2191,1
61,546,1
3446,4377,1
254,521,1
5911,4213,1
1056,1670,1
2746,1130,1
2463,4730,1
3548,4616,1
4897,5772,1
1097,1723,1
6683,6798,1
3147,4222,1
2064,3033,1
6813,7029,1
1578,1486,1
528,4171,1
5461,5505,1
277,1796,1
2348,6087,1
3387,3825,1
4819,5983,1
1105,1215,1
5138,6047,1
345,956,1
4910,6139,1
1266,2323,1
1099,4283,1
281,1142,1
891,14,1
725,3651,1
1184,1064,1
3360,3971,1
1615,1651,1
4618,4335,1
1519,5527,1
697,1060,1
955,701,1
1256,1940,1
3087,5145,1
3261,4628,1
870,1064,1
779,521,1
1035,2166,1
934,1802,1
2038,14,1
2467,2531,1
3303,2315,1
697,3392,1
3087,4628,1
6028,5107,1
4897,5978,1
159,872,1
277,725,1
1256,5792,1
5602,5141,1
5138,3475,1
2290,1940,1
3210,1933,1
2470,2163,1
1801,1670,1
93,6173,1
1027,3763,1
157,5414,1
4606,2669,1
1150,1294,1
2126,3452,1
945,1486,1
2895,2204,1
3427,2600,1
4713,2301,1
904,4961,1
193,372,1
4522,5070,1
2459,3138,1
2721,5029,1
5139,3153,1
4603,1593,1
5178,4664,1
2390,2315,1
2833,1761,1
719,4310,1
2763,4999,1
2434,3295,1
506,51,1
2823,1295,1
916,885,1
817,5534,1
2628,2572,1
5149,6403,1
6104,5921,1
4612,3541,1
1404,1306,1
1761,1432,1
1940,696,1
5571,5474,1
792,817,1
2816,4222,1
1460,1940,1
2450,817,1
4310,1655,1
1432,1001,1
6455,6598,1
3087,2323,1
4664,2572,1
1050,1370,1
2521,1509,1
2463,1838,1
6171,3087,1
5307,4226,1
3449,4480,1
4430,2735,1
2044,2059,1
1110,863,1
862,604,1
680,1082,1
2756,3002,1
23,1637,1
2815,2765,1
2995,3059,1
4910,5792,1
3716,3444,1
1555,1238,1
7,116,1
954,1450,1
1062,1298,1
5141,5073,1
1725,1724,1
2763,3999,1
157,4730,1
3143,2818,1
1140,1816,1
1950,1828,1
2761,3939,1
3314,4979,1
2980,2372,1
5455,6047,1
305,669,1
1593,14,1
3885,2617,1
5073,5155,1
17,50,1
2055,2381,1
54,49,1
312,125,1
306,395,1
3157,2799,1
3058,2765,1
10,1082,1
3681,4310,1
4427,4788,1
373,1790,1
1900,2395,1
2995,4217,1
1062,3059,1
3969,3406,1
3134,2250,1
4979,2912,1
917,1142,1
875,1493,1
3097,1892,1
857,1096,1
6056,3679,1
1471,2356,1
10,1512,1
2150,944,1
10,2371,1
36,6190,1
6155,4836,1
3153,3649,1
1938,2648,1
5989,5043,1
1256,5547,1
2607,3763,1
54,657,1
3919,4605,1
286,239,1
4033,5414,1
4601,5102,1
911,1088,1
4180,4981,1
6923,7109,1
4417,4725,1
1486,1644,1
5,153,1
3751,3867,1
490,2323,1
1984,2018,1
1464,1184,1
1131,4007,1
3147,3901,1
701,1501,1
1062,1001,1
1351,1062,1
2030,3685,1
5836,6180,1
4374,4730,1
755,2038,1
3921,3306,1
2366,2838,1
1056,2740,1
6249,6248,1
5123,6782,1
4897,1420,1
1271,1063,1
167,889,1
776,1264,1
2589,2731,1
862,1088,1
3649,4064,1
872,1476,1
62,892,1
2758,3255,1
2673,1420,1
972,1988,1
4617,5921,1
2463,4312,1
697,3154,1
5571,5153,1
5634,6650,1
3678,1593,1
3145,1589,1
2589,2507,1
6096,6332,1
3189,4177,1
6148,6405,1
1002,2764,1
4855,4605,1
1555,1940,1
1256,5736,1
3303,4875,1
3207,3719,1
2162,2518,1
4150,3800,1
1050,1956,1
2397,1295,1
632,701,1
1192,1427,1
422,3956,1
5043,5825,1
3287,3939,1
4961,2191,1
1593,5590,1
1069,2372,1
422,4788,1
719,1063,1
7,363,1
862,855,1
2382,4999,1
254,203,1
81,2004,1
1220,1701,1
576,862,1
3446,4032,1
5941,6429,1
1014,1447,1
499,1664,1
7026,6001,1
294,3045,1
5476,5537,1
2043,2604,1
2287,2291,1
340,3703,1
2427,2575,1
287,794,1
3716,2127,1
1166,1349,1
2890,2864,1
2044,3848,1
862,1284,1
3174,4910,1
2673,3033,1
3737,2048,1
4576,2831,1
2127,5127,1
983,29,1
920,3679,1
5,125,1
4276,4275,1
1502,1485,1
896,1088,1
4078,2572,1
4910,5987,1
972,2451,1
3206,2680,1
2236,2226,1
1714,1288,1
5151,5864,1
5586,5966,1
2123,2829,1
3543,2864,1
24,139,1
5105,5127,1
6691,6585,1
1256,2169,1
3314,5414,1
1982,5573,1
1471,1657,1
10,1944,1
3143,4525,1
1017,1288,1
1725,5539,1
1131,2731,1
3669,4535,1
1420,1141,1
2707,2158,1
2177,4999,1
3086,1820,1
1951,4335,1
1420,2328,1
157,287,1
3261,4627,1
5769,4627,1
169,5420,1
751,838,1
2038,1471,1
3148,1585,1
2290,2976,1
99,2371,1
5376,5375,1
1940,3153,1
1890,1898,1
896,1256,1
3598,4077,1
232,512,1
48,2348,1
2763,3340,1
904,874,1
2867,3169,1
4897,4705,1
743,1353,1
111,3307,1
4552,5185,1
5586,6000,1
1949,2532,1
1415,1507,1
6310,5185,1
756,1197,1
6206,6653,1
3314,4634,1
2382,3124,1
6614,5330,1
697,4456,1
6084,6038,1
2132,2293,1
3444,1197,1
6412,6335,1
642,1039,1
718,2357,1
743,1761,1
4599,5112,1
3669,1141,1
2062,1431,1
1420,2017,1
872,1923,1
5176,4123,1
1555,6770,1
4606,3598,1
1262,1366,1
2763,5430,1
10,1574,1
6587,5734,1
285,1343,1
502,3331,1
5680,6782,1
976,3624,1
4108,5165,1
128,612,1
105,5641,1
898,2506,1
1032,2533,1
186,2323,1
590,909,1
609,653,1
1986,2604,1
6050,6726,1
5,330,1
2457,3842,1
245,394,1
1062,2735,1
546,682,1
1616,1704,1
2270,1238,1
4910,6429,1
5488,6645,1
1277,1459,1
4950,5470,1
1325,1306,1
718,1802,1
2126,3627,1
105,5149,1
588,1238,1
862,2371,1
4632,2657,1
5582,5125,1
1233,1392,1
2282,2372,1
2328,4517,1
1835,2258,1
1650,2506,1
4962,5152,1
2071,2583,1
5750,6190,1
3781,1960,1
1156,1562,1
5597,3306,1
3990,4431,1
1050,1174,1
4700,3124,1
4140,3134,1
4209,3045,1
1035,1761,1
2622,2381,1
48,373,1
4481,5405,1
6709,5868,1
1306,1098,1
638,2356,1
4417,4108,1
695,1578,1
5317,5911,1
4033,4672,1
4164,4988,1
6640,5800,1
2463,891,1
1949,863,1
4445,4447,1
3159,3594,1
5870,6024,1
3921,4033,1
2287,2382,1
904,2048,1
4897,4988,1
3313,3150,1
5043,4463,1
2126,2018,1
3077,3073,1
2471,2223,1
6683,5782,1
5061,4676,1
186,1795,1
755,1381,1
2980,2381,1
1050,3531,1
51,1106,1
133,1376,1
120,50,1
756,2829,1
6146,5414,1
1237,3901,1
5641,3701,1
1740,3129,1
4272,5395,1
2057,1814,1
2758,4210,1
2758,1669,1
2044,1192,1
1820,5588,1
4228,4573,1
3169,2732,1
340,76,1
1105,6050,1
3313,2600,1
1184,1088,1
2348,5149,1
831,911,1
286,941,1
2862,2863,1
910,604,1
3412,2348,1
57,2661,1
912,2083,1
3147,3845,1
2172,1937,1
1370,1244,1
2126,3861,1
3336,2533,1
4897,2680,1
1714,1909,1
1949,2525,1
1171,1734,1
1471,1830,1
3972,2420,1
756,4097,1
1934,4098,1
3207,4350,1
6923,1820,1
3654,1961,1
3140,1197,1
999,2287,1
2628,3825,1
2309,1064,1
5870,4654,1
3722,3146,1
2044,3007,1
2348,5784,1
3401,4424,1
5873,5996,1
5105,6000,1
2204,2691,1
2833,3176,1
2062,2511,1
910,1366,1
285,855,1
2099,2017,1
23,29,1
2164,4912,1
874,1184,1
53,4787,1
5252,3518,1
3394,3519,1
6067,1372,1
1638,916,1
1415,4878,1
6646,4447,1
723,936,1
4171,4217,1
604,4573,1
2099,2451,1
23,848,1
3059,3295,1
105,6186,1
3969,3904,1
4605,4449,1
4004,5512,1
1136,215,1
4429,6595,1
3311,2617,1
3261,6667,1
6091,5554,1
1829,2691,1
62,1486,1
719,1061,1
1235,1695,1
4809,4892,1
2762,3129,1
4892,5613,1
3143,3653,1
4809,4552,1
1471,1699,1
2666,2366,1
299,495,1
4443,4605,1
155,2864,1
2766,4787,1
956,341,1
904,7021,1
1404,1579,1
1471,2366,1
3330,3644,1
5129,4463,1
3148,2761,1
157,1021,1
2680,3763,1
1383,1390,1
2473,2732,1
1593,6598,1
56,210,1
1398,1306,1
1930,698,1
2348,1298,1
2897,2032,1
3287,2518,1
5309,1811,1
6084,6227,1
2430,4420,1
3672,5710,1
2357,6146,1
2531,2127,1
2908,2471,1
1035,1271,1
6414,2956,1
674,740,1
6128,4537,1
1050,5666,1
1141,962,1
2159,4217,1
669,4216,1
78,4518,1
6514,5925,1
4300,4981,1
4226,5590,1
3990,3320,1
2348,3729,1
2810,4233,1
36,3059,1
3138,3195,1
1131,3842,1
5997,4910,1
4599,5420,1
2463,3870,1
490,50,1
4361,6029,1
1672,2123,1
2161,2405,1
1844,2378,1
10,1253,1
3027,2507,1
6038,6123,1
6161,5929,1
1032,3140,1
3143,3845,1
2062,4233,1
6334,2431,1
1050,2071,1
2043,2765,1
3143,4988,1
5534,5131,1
701,807,1
5597,1811,1
5233,5868,1
6710,2431,1
5042,4857,1
4035,3059,1
1686,1908,1
4482,6809,1
28,3242,1
1740,2818,1
2127,2871,1
1814,2138,1
1420,1330,1
1759,2740,1
667,660,1
306,217,1
1062,3307,1
4377,2572,1
2348,3563,1
4522,3009,1
133,339,1
1374,781,1
3319,2980,1
638,604,1
1001,3019,1
1306,2556,1
3845,3680,1
2463,4213,1
4892,6454,1
3165,2044,1
3223,2465,1
340,570,1
5127,4366,1
4477,5198,1
3524,3521,1
18,153,1
5571,4463,1
5680,6195,1
4477,5878,1
57,620,1
4892,767,1
3710,2617,1
2425,3176,1
371,3295,1
1629,1661,1
5143,3701,1
765,1602,1
3668,5375,1
683,739,1
2767,2753,1
2705,756,1
398,1578,1
5043,1235,1
499,571,1
7097,5800,1
1562,1805,1
129,239,1
4892,6986,1
3059,1828,1
5105,6756,1
3305,3751,1
4177,5868,1
7067,6926,1
2123,2752,1
3672,4052,1
1418,832,1
2357,2564,1
755,1695,1
4264,3059,1
2425,3138,1
2584,5050,1
2048,7027,1
4430,4064,1
3668,4605,1
1027,3873,1
41,7063,1
6425,5742,1
3360,3445,1
4194,3315,1
3651,3541,1
2043,2425,1
292,683,1
683,871,1
3678,2829,1
1256,2525,1
1166,1096,1
2373,3287,1
1150,2348,1
5402,4559,1
698,588,1
2717,6752,1
1256,1061,1
765,848,1
5123,6087,1
1988,2381,1
2666,1594,1
6632,2431,1
647,1370,1
638,891,1
3722,3624,1
4892,5668,1
2705,3205,1
3314,6149,1
4482,5019,1
1524,1661,1
2166,2293,1
2628,1655,1
896,51,1
285,2323,1
5664,5735,1
2301,4867,1
2767,3816,1
6150,6537,1
2620,3645,1
2680,2956,1
23,910,1
10,1259,1
2463,5109,1
1924,2372,1
3977,3719,1
6415,6776,1
3444,2765,1
19,161,1
2425,2090,1
792,910,1
2741,2753,1
4576,5735,1
5133,5496,1
1168,807,1
4310,4210,1
966,6064,1
4305,3807,1
1835,1064,1
3699,3848,1
155,5800,1
723,4672,1
1917,2838,1
5105,5514,1
3148,4431,1
4502,6015,1
489,580,1
1664,2328,1
5680,4482,1
307,405,1
865,1441,1
1900,2564,1
2425,2738,1
1669,1761,1
1352,2430,1
1659,781,1
6155,6335,1
5792,6087,1
2164,3997,1
2348,1197,1
3303,2064,1
4078,4720,1
10,2532,1
4248,3406,1
3386,4787,1
2078,863,1
3982,3845,1
3622,2975,1
2764,2697,1
2749,1178,1
2799,2381,1
13,1853,1
6028,2680,1
5043,4961,1
48,7,1
5781,4472,1
6151,6993,1
159,50,1
1415,3529,1
2833,2396,1
1838,5050,1
2687,2864,1
3440,4628,1
1951,6598,1
1559,2531,1
10,474,1
2191,3195,1
743,2166,1
153,604,1
692,698,1
422,5420,1
936,933,1
14,546,1
2044,4852,1
578,600,1
10,161,1
4607,2733,1
246,1174,1
2343,3866,1
5376,6479,1
6349,3679,1
4892,5554,1
2843,3644,1
1755,1520,1
2427,2465,1
5672,6415,1
863,1892,1
4910,5539,1
2738,1176,1
24,371,1
1450,2176,1
1205,1500,1
4606,5131,1
155,2968,1
2705,4052,1
2506,3248,1
5463,14,1
6151,6916,1
1613,2250,1
862,2477,1
345,1128,1
1900,2731,1
4605,5668,1
4943,5929,1
1050,2004,1
3328,5050,1
422,3172,1
1031,2544,1
2974,1935,1
3147,5050,1
3415,2430,1
698,680,1
2348,2868,1
2463,3465,1
3938,3701,1
422,1386,1
284,398,1
3329,2492,1
4377,4823,1
4607,5534,1
6734,6026,1
3313,3387,1
1959,1956,1
4910,5735,1
5138,4867,1
3143,1838,1
1348,1135,1
3444,1238,1
1802,6861,1
5783,5480,1
1063,1404,1
5792,6820,1
1415,3087,1
3140,3722,1
279,208,1
4705,4033,1
1530,4910,1
698,2425,1
5705,6000,1
13,482,1
2038,2224,1
2463,2017,1
1370,1613,1
69,579,1
1208,2560,1
1682,1450,1
1283,4543,1
580,774,1
2548,3037,1
2741,3055,1
1192,2270,1
5129,7062,1
2204,1828,1
2459,3055,1
644,783,1
4677,2382,1
3283,2740,1
1996,2665,1
632,684,1
697,4444,1
1383,875,1
1235,1796,1
6084,6809,1
2055,5534,1
5136,5527,1
5918,4627,1
680,4424,1
289,800,1
6156,1372,1
28,1056,1
792,615,1
6928,4970,1
106,869,1
5043,4672,1
2353,2356,1
5320,3649,1
2765,4535,1
1268,1676,1
381,2657,1
912,2361,1
4347,2044,1
23,751,1
3213,2191,1
2666,3195,1
3336,4068,1
4267,4299,1
4033,6993,1
1524,1562,1
2287,2838,1
2666,2430,1
2299,2296,1
5217,6993,1
3446,2995,1
2926,3160,1
1314,3624,1
48,764,1
2456,2435,1
788,4335,1
3097,2172,1
3390,5480,1
2741,2752,1
5488,3594,1
3605,5590,1
768,1172,1
2575,1605,1
6026,5493,1
3237,2459,1
2260,1566,1
398,4097,1
2620,3521,1
4417,4541,1
6459,6456,1
2758,3406,1
1969,1420,1
4830,5747,1
4943,5628,1
4049,3459,1
4227,3307,1
1615,2224,1
4617,5151,1
3097,2059,1
2995,3701,1
2763,1130,1
3450,4031,1
10,2518,1
743,807,1
1256,1795,1
5792,6777,1
62,4892,1
3807,3406,1
1031,2204,1
2548,3007,1
3150,4427,1
3280,3059,1
1375,862,1
1256,4832,1
1917,2356,1
972,1405,1
1478,1578,1
5750,5058,1
281,827,1
8,387,1
3157,2850,1
3138,2124,1
1420,916,1
2371,2471,1
286,733,1
3746,6335,1
604,956,1
1371,1421,1
1824,2381,1
964,1881,1
4239,2250,1
2062,2546,1
1684,1901,1
6574,6050,1
5043,5490,1
904,2348,1
5705,5155,1
2463,5167,1
3994,2617,1
1934,2540,1
2586,2583,1
3059,2566,1
2064,6203,1
294,278,1
3646,3645,1
1938,3956,1
5889,5921,1
3155,3647,1
3799,6306,1
1105,1944,1
1420,2790,1
141,44,1
4603,3150,1
3611,2315,1
3223,2270,1
216,29,1
6380,5131,1
910,4131,1
157,1244,1
1415,5742,1
1098,1704,1
134,2758,1
2890,1330,1
373,1584,1
2427,3203,1
1593,4822,1
2763,5405,1
1192,3073,1
3287,3109,1
1471,3007,1
3059,1080,1
3005,3580,1
2353,2361,1
1624,1793,1
118,2976,1
2431,6667,1
3111,2995,1
967,1131,1
4436,2735,1
3111,1351,1
3143,4131,1
134,3939,1
4502,6178,1
2270,3203,1
1408,2746,1
128,405,1
15,807,1
50,287,1
36,1745,1
374,363,1
19,983,1
1530,1529,1
285,1589,1
3807,3033,1
1984,2202,1
5870,2540,1
116,239,1
1235,1676,1
719,1795,1
398,1064,1
1263,1566,1
2338,2746,1
4437,6595,1
578,1059,1
3650,3825,1
36,198,1
2091,2287,1
692,812,1
3189,5050,1
2083,2004,1
4522,4836,1
1870,3108,1
669,2818,1
270,341,1
3106,4275,1
96,306,1
4616,6861,1
3155,1080,1
5144,3004,1
2721,4648,1
197,1064,1
1415,1675,1
719,4312,1
1097,1519,1
1761,2819,1
1415,3020,1
1002,5430,1
6914,6913,1
6980,3644,1
3287,2427,1
1017,2381,1
1131,2372,1
2575,2430,1
6079,5742,1
1476,3702,1
4542,6546,1
3150,3331,1
4793,4787,1
5571,3475,1
253,1795,1
5539,5317,1
4430,5921,1
2127,2758,1
2444,2059,1
3140,5376,1
5056,5050,1
3171,2842,1
862,2032,1
546,1493,1
1615,916,1
111,3019,1
6335,5616,1
2785,3464,1
105,4720,1
2430,2897,1
2752,2815,1
2044,2465,1
4310,5929,1
2127,3169,1
24,726,1
4607,2956,1
1593,1235,1
4616,5167,1
3395,4854,1
1035,4312,1
167,1052,1
22,221,1
2833,3624,1
656,28,1
7014,7062,1
1272,2434,1
913,1365,1
5769,6380,1
3765,5682,1
756,3845,1
23,3445,1
756,3452,1
6118,5921,1
10,1810,1
2289,3624,1
28,1940,1
1891,2451,1
2459,2127,1
1029,1972,1
28,2855,1
2258,2758,1
57,3997,1
3651,669,1
3155,4999,1
3653,3148,1
1835,930,1
5042,5534,1
2739,14,1
5149,5932,1
3143,2669,1
4555,5050,1
644,949,1
1420,1418,1
5586,5127,1
2463,3904,1
5514,1820,1
2371,2122,1
2457,2059,1
1485,1984,1
576,4628,1
345,1830,1
4482,6946,1
4522,4077,1
2548,3153,1
2166,1649,1
781,1676,1
983,1353,1
422,4872,1
6811,4773,1
3173,3452,1
3668,3140,1
2099,3842,1
1844,4193,1
4617,5161,1
3867,4063,1
964,2394,1
389,1266,1
2747,5666,1
2669,2707,1
1471,4123,1
5795,5864,1
3644,2697,1
755,1669,1
3446,2370,1
2617,2177,1
697,1901,1
7,153,1
3733,4930,1
3313,4895,1
42,320,1
5309,4819,1
3143,4798,1
2095,1734,1
6300,6332,1
2270,2761,1
916,930,1
910,3555,1
4984,5490,1
141,254,1
4617,4808,1
1531,1064,1
1740,1106,1
1277,1613,1
2005,1961,1
3147,1267,1
1891,2226,1
4718,3997,1
6152,5185,1
3172,5496,1
2348,6050,1
4377,2158,1
3672,2617,1
1949,874,1
3124,2673,1
5470,5800,1
783,1143,1
697,2738,1
1951,1961,1
6180,6413,1
3444,6415,1
1105,1115,1
1366,1594,1
4596,6809,1
1844,1851,1
1681,874,1
3185,2975,1
901,29,1
253,1575,1
4192,5232,1
106,800,1
2908,1853,1
2431,5633,1
3649,4559,1
4971,6809,1
5792,6726,1
1829,2169,1
3137,1420,1
5037,2815,1
2048,6953,1
307,535,1
4817,2760,1
1996,6165,1
3150,2079,1
4502,6029,1
1256,1027,1
1478,1724,1
6028,4627,1
3059,2466,1
1605,2291,1
502,812,1
2396,1464,1
10,341,1
246,1903,1
4964,5027,1
5670,2600,1
912,2706,1
286,616,1
2044,2372,1
1306,2753,1
57,653,1
105,1128,1
828,4522,1
305,4912,1
2879,1295,1
1061,1892,1
4613,5688,1
668,1050,1
6683,6986,1
2463,4605,1
1056,693,1
4613,5539,1
4628,4787,1
2373,4605,1
3033,3360,1
1050,1237,1
5547,5688,1
5766,5161,1
5925,6737,1
2398,5736,1
2694,2691,1
1192,2564,1
34,310,1
2129,6026,1
2447,1830,1
697,5420,1
2832,2099,1
718,2360,1
1669,2425,1
2444,3301,1
5138,4216,1
1394,2583,1
1675,3154,1
2705,1627,1
4463,5395,1
3248,3316,1
2348,3644,1
3147,3644,1
2292,2451,1
4149,4463,1
1370,2371,1
1478,1670,1
6200,3410,1
2799,2753,1
674,656,1
864,239,1
29,272,1
6514,3410,1
4477,5179,1
3156,3653,1
19,279,1
2727,2746,1
910,1745,1
2348,5921,1
3147,4988,1
7,51,1
3647,4444,1
1056,1358,1
1844,1156,1
1131,1271,1
285,1520,1
3173,2492,1
910,1431,1
3605,6195,1
701,1459,1
3605,6733,1
1002,51,1
955,5736,1
1093,917,1
2348,2831,1
20,780,1
3701,2956,1
1555,4823,1
2425,756,1
857,29,1
1448,1142,1
4522,4222,1
2164,3153,1
1394,3956,1
3654,4912,1
3927,3150,1
3411,2270,1
1664,1562,1
1205,2122,1
2522,2838,1
4226,5685,1
4430,4403,1
6846,6123,1
4310,2079,1
13,340,1
912,2226,1
34,340,1
2975,3816,1
1001,3719,1
99,239,1
222,239,1
718,1923,1
4892,5228,1
587,726,1
3751,6782,1
910,1130,1
2347,3873,1
122,51,1
1363,1610,1
4066,3189,1
6462,4773,1
4596,5058,1
1509,2525,1
234,257,1
2425,4535,1
279,2420,1
1829,2863,1
934,751,1
340,684,1
1801,2019,1
4819,2760,1
5329,4979,1
3111,4518,1
6414,5185,1
2463,5735,1
3240,2427,1
864,4525,1
1502,1908,1
1477,2970,1
3600,5145,1
1478,1657,1
910,2258,1
5989,4687,1
1878,1559,1
3314,4654,1
5181,5198,1
3261,5685,1
2762,2976,1
2607,4297,1
1235,880,1
299,445,1
6511,6510,1
1924,2377,1
982,5996,1
1420,4587,1
1029,1441,1
2044,2810,1
910,1676,1
4468,3465,1
6683,6180,1
4004,6598,1
1984,2349,1
251,14,1
422,4924,1
6328,5207,1
1818,2740,1
955,4587,1
4477,2912,1
3095,1184,1
69,859,1
3083,2099,1
1205,1492,1
4491,3002,1
119,2658,1
4910,5131,1
1835,1898,1
1471,168,1
2270,3189,1
1417,3248,1
2505,2209,1
2260,2044,1
2048,2425,1
1259,1631,1
3144,3580,1
6189,6203,1
3672,1589,1
2991,2381,1
3406,3464,1
533,724,1
281,391,1
4537,5027,1
695,581,1
1664,1805,1
4477,4788,1
810,785,1
674,774,1
4179,4177,1
306,340,1
2823,2575,1
5768,933,1
1763,1275,1
2348,5449,1
34,279,1
5143,2531,1
2431,6798,1
1131,1168,1
6180,5827,1
2209,1178,1
1686,1968,1
2975,553,1
4604,4817,1
1471,1064,1
2756,2976,1
1156,2731,1
2427,2016,1
1473,1745,1
2018,2058,1
3287,2428,1
2572,2706,1
719,3320,1
6568,6595,1
2127,874,1
6811,3644,1
2548,2465,1
5783,5376,1
2707,1192,1
1761,2582,1
3087,6667,1
23,644,1
1062,2004,1
369,64,1
3980,1960,1
2044,3904,1
972,1960,1
4914,5933,1
3342,2294,1
2926,2430,1
362,5145,1
2270,2331,1
912,2790,1
2705,3733,1
579,682,1
3444,4411,1
422,3624,1
2465,4052,1
3654,2301,1
1348,4787,1
3885,1589,1
4607,1838,1
5997,6047,1
10,2250,1
972,2908,1
3286,3661,1
4183,4177,1
3654,4895,1
1235,1510,1
2157,948,1
4705,5050,1
4123,4226,1
3799,2563,1
1192,2375,1
2761,3150,1
2790,3295,1
2030,3679,1
864,1574,1
2062,2697,1
4614,3446,1
2533,2765,1
3261,5688,1
972,644,1
4253,3849,1
2860,2855,1
10,554,1
1420,3630,1
5043,6047,1
3265,3287,1
4892,5641,1
3273,2476,1
1415,1730,1
2892,4427,1
1917,1699,1
3719,3825,1
3153,4350,1
4542,5240,1
4617,4576,1
3444,6650,1
3296,3867,1
3643,4961,1
5474,3644,1
23,1629,1
5689,5153,1
5139,5141,1
1659,3873,1
1668,2428,1
2338,2555,1
1951,2301,1
697,6335,1
6335,5868,1
499,3108,1
187,1956,1
2477,1960,1
4898,3781,1
1625,2127,1
3812,3644,1
42,1106,1
6151,3644,1
292,665,1
6706,6705,1
5354,6990,1
649,1207,1
238,3392,1
285,237,1
2912,5070,1
1824,4291,1
904,6913,1
4463,6227,1
4377,2735,1
1245,1682,1
2753,3679,1
2673,1054,1
1838,3926,1
1961,3644,1
649,207,1
4467,1542,1
3475,4787,1
2233,3334,1
580,489,1
6128,6864,1
1040,521,1
3151,4817,1
4078,4164,1
28,680,1
2572,2575,1
2575,2315,1
1366,3647,1
5415,5414,1
318,1062,1
200,547,1
550,253,1
546,1014,1
2607,3644,1
2,536,1
3986,5107,1
904,6819,1
5750,4444,1
2372,2357,1
13,2405,1
2050,2373,1
3148,3647,1
3129,4052,1
2463,4304,1
2090,2270,1
1050,2124,1
1050,2010,1
2270,5395,1
141,1492,1
972,1116,1
6180,3594,1
237,1989,1
373,1294,1
904,2518,1
2260,2583,1
2531,2815,1
1763,2691,1
2270,3825,1
157,4535,1
3585,2607,1
3207,4672,1
1032,1956,1
6405,6598,1
2767,2787,1
3837,2673,1
1014,910,1
55,1795,1
2428,5864,1
5695,5878,1
1408,1290,1
366,521,1
6021,6306,1
1099,1271,1
967,2740,1
2127,2975,1
499,1704,1
2956,4854,1
5921,5222,1
1131,1664,1
3716,2223,1
286,284,1
5035,5034,1
5989,3303,1
4566,2074,1
4897,817,1
4548,1141,1
2707,4924,1
3213,1892,1
3336,2273,1
3587,6733,1
5317,2431,1
2048,3252,1
576,254,1
910,2847,1
1728,853,1
22,690,1
2282,2032,1
3174,3508,1
6415,5706,1
5786,3926,1
697,6794,1
698,4350,1
4801,3529,1
1811,1594,1
6138,4068,1
3643,6650,1
2099,2872,1
1940,2145,1
2681,3591,1
163,1655,1
5329,6538,1
904,2293,1
3701,5222,1
4776,4403,1
2377,2357,1
2227,2226,1
5870,142,1
1940,1944,1
3885,2191,1
2038,2293,1
863,2425,1
1806,1805,1
4332,4641,1
2973,3624,1
2348,2382,1
34,205,1
1477,4210,1
281,719,1
2467,4403,1
29,237,1
4,134,1
4897,5735,1
1420,2357,1
1418,807,1
3618,3845,1
62,883,1
3134,4063,1
286,1802,1
2061,944,1
6646,6705,1
591,815,1
4275,669,1
2373,1984,1
1890,1629,1
1277,1898,1
8,848,1
6300,142,1
656,1405,1
2343,2738,1
3143,5479,1
5507,5505,1
6026,3585,1
50,281,1
2525,2746,1
1625,1567,1
2738,187,1
4149,4836,1
1131,1473,1
3143,3647,1
1143,1644,1
4892,5127,1
1329,1205,1
2463,2507,1
1303,1096,1
5094,3649,1
681,3320,1
5512,5966,1
2767,1130,1
10,581,1
4377,1593,1
5736,4216,1
2166,2270,1
2041,2190,1
279,232,1
6810,6518,1
5479,6351,1
5572,6230,1
5769,1086,1
2372,2847,1
1032,2563,1
4068,6598,1
2043,2958,1
855,2706,1
6146,6195,1
6700,5734,1
5827,4835,1
6029,6056,1
3672,5854,1
178,237,1
6096,6686,1
3097,3581,1
735,2466,1
6024,6261,1
6152,6705,1
902,862,1
2204,3870,1
6151,6990,1
1050,1908,1
2348,2818,1
4788,4628,1
1447,428,1
1420,2702,1
2756,2842,1
4452,1820,1
624,1365,1
3395,2127,1
3296,3751,1
1394,3563,1
279,3487,1
4613,5624,1
1393,3007,1
7,797,1
5141,5854,1
5292,2315,1
111,1176,1
5548,6510,1
1460,2471,1
934,2208,1
4897,5534,1
514,512,1
5534,5887,1
422,4535,1
5617,5155,1
4417,6705,1
2166,2908,1
1110,3508,1
3336,318,1
6317,6782,1
4897,5490,1
292,785,1
1095,694,1
1611,1644,1
2742,4477,1
4736,3781,1
1828,2191,1
5302,3765,1
3678,2657,1
6683,4522,1
3313,669,1
3441,4064,1
624,945,1
638,3160,1
2425,3280,1
2799,2735,1
22,31,1
999,1003,1
1894,2032,1
2062,2740,1
2160,2405,1
279,910,1
19,381,1
11,388,1
3719,2348,1
2457,3651,1
4477,5799,1
5522,1285,1
2348,6335,1
756,2444,1
609,690,1
3871,2850,1
4522,3124,1
2767,3169,1
2204,3252,1
157,3134,1
3654,5153,1
2758,3280,1
2617,3487,1
93,167,1
4156,2765,1
23,1802,1
1035,1003,1
1996,2698,1
986,1088,1
1027,1026,1
6923,3981,1
6669,5317,1
99,1509,1
6574,5488,1
1471,1810,1
698,4588,1
5997,6585,1
2348,6173,1
6151,4836,1
5769,7027,1
4552,6537,1
6171,5512,1
697,3242,1
6406,6403,1
2648,2381,1
3150,2091,1
2742,2871,1
2620,3488,1
3610,3004,1
4047,2850,1
533,857,1
6176,5237,1
4116,2233,1
3157,4217,1
294,909,1
1460,3861,1
3904,6809,1
1235,1405,1
1415,5194,1
1890,2666,1
4705,4456,1
1034,1366,1
157,1503,1
4606,5376,1
1502,2691,1
3845,1585,1
2164,3644,1
6094,1820,1
857,947,1
2548,6139,1
1594,2492,1
5139,4912,1
546,2855,1
669,6114,1
4230,4229,1
2733,1493,1
1420,3203,1
112,2867,1
2833,1960,1
2814,5854,1
4548,4033,1
1052,936,1
1492,1658,1
2841,698,1
5782,6244,1
1574,1205,1
3155,2544,1
6050,6064,1
1363,853,1
4943,5747,1
5669,2398,1
1811,2366,1
1681,4535,1
817,1024,1
5226,6916,1
4041,6389,1
3977,2172,1
3495,4705,1
2463,4272,1
5664,3306,1
4009,4007,1
2041,948,1
1593,3591,1
1844,3141,1
2044,14,1
1938,1464,1
1277,2057,1
955,1184,1
5043,5933,1
1080,1610,1
3150,4730,1
697,756,1
4463,4606,1
3480,3644,1
279,2079,1
857,285,1
286,1215,1
3764,3763,1
53,780,1
160,1064,1
2348,6405,1
5366,4952,1
5129,6717,1
195,1172,1
1131,1555,1
6026,6510,1
1460,3645,1
2463,3956,1
169,2079,1
2032,2815,1
1056,972,1
6146,6403,1
1811,3124,1
910,3059,1
54,1353,1
6180,5329,1
422,4226,1
4950,5029,1
3296,5050,1
5680,6351,1
1358,379,1
6126,6024,1
3097,5198,1
3306,5470,1
28,2372,1
111,3464,1
1502,1853,1
3681,2370,1
6300,6334,1
3168,5887,1
24,2226,1
4606,4617,1
2872,1892,1
4078,5027,1
1050,1003,1
3432,3685,1
649,262,1
4616,5149,1
2707,4123,1
4439,4606,1
1337,1332,1
3143,3128,1
1002,930,1
1344,3800,1
10,1115,1
3655,6798,1
2790,3531,1
141,495,1
1788,1471,1
2463,896,1
1420,3486,1
4477,5126,1
1450,1509,1
6182,6608,1
2348,5376,1
1420,4606,1
1938,4007,1
718,383,1
284,3334,1
1420,1492,1
5292,5029,1
1779,2348,1
1478,1805,1
4456,5207,1
1370,1579,1
4616,2995,1
57,5165,1
1421,1054,1
398,2764,1
6548,4482,1
4552,4286,1
1940,2127,1
3151,1960,1
362,6050,1
3151,1372,1
2260,1315,1
2048,669,1
5782,6064,1
4608,5247,1
6180,6230,1
3087,6190,1
2463,2370,1
2099,3320,1
4788,6650,1
34,44,1
1370,1699,1
3641,3645,1
2468,3129,1
3134,3387,1
2457,3109,1
4430,669,1
23,733,1
5571,4219,1
1477,2604,1
5695,3153,1
279,2753,1
3643,4444,1
3654,4226,1
5634,2398,1
486,495,1
1034,903,1
294,658,1
3871,4573,1
157,4558,1
669,5904,1
3287,3627,1
2330,2294,1
422,3453,1
6335,6637,1
279,3870,1
4543,4522,1
2348,4636,1
4788,4606,1
2465,2038,1
11,237,1
13,406,1
1566,2580,1
3654,3548,1
2995,4377,1
3087,5799,1
305,4456,1
2270,2373,1
2975,3459,1
3574,2397,1
2348,3055,1
3654,3849,1
2427,3195,1
955,1928,1
5792,4444,1
253,2533,1
1900,795,1
698,1892,1
3682,2427,1
697,5129,1
855,971,1
1447,2582,1
172,545,1
2657,2301,1
1192,2764,1
2209,2123,1
333,1296,1
2707,3124,1
1684,1290,1
5141,3529,1
2439,2438,1
1192,1364,1
165,1795,1
2463,4875,1
4077,3446,1
5769,6755,1
2296,1937,1
4543,3286,1
6158,5149,1
422,5209,1
4606,4979,1
3314,6261,1
5146,5152,1
4543,6993,1
1450,1707,1
28,1014,1
5929,3445,1
674,3045,1
3149,3680,1
3092,2348,1
1029,1184,1
4149,5770,1
5932,5127,1
855,1027,1
1740,5586,1
1105,1295,1
882,1682,1
5148,2348,1
3174,1838,1
718,1150,1
3360,3816,1
3715,2127,1
286,292,1
1370,2507,1
138,911,1
2059,2471,1
5685,5073,1
1341,1493,1
1032,2290,1
1062,2064,1
2348,3981,1
1023,1956,1
23,3647,1
701,1493,1
3672,6335,1
1971,1835,1
3739,1972,1
4033,4219,1
4193,4672,1
2062,1420,1
2342,2394,1
3004,2492,1
1050,1205,1
5190,5224,1
2785,428,1
4556,4558,1
5586,5155,1
6200,4836,1
1627,2397,1
2835,3647,1
1062,187,1
157,826,1
718,2172,1
4828,6809,1
1348,1366,1
4261,5061,1
751,786,1
195,644,1
756,3320,1
1594,4606,1
3147,4648,1
2867,3046,1
904,3222,1
3898,3387,1
1938,2711,1
1262,698,1
3446,4312,1
938,3751,1
4677,3699,1
822,1578,1
6550,6146,1
217,606,1
6308,5185,1
942,239,1
4180,5733,1
3441,4479,1
502,1805,1
3670,1130,1
2151,1366,1
5916,5131,1
5547,4522,1
1205,2648,1
373,1829,1
801,2444,1
2044,3845,1
3446,3140,1
1803,2169,1
106,858,1
2123,4822,1
6056,4477,1
3058,3845,1
3017,3238,1
981,1706,1
5038,3453,1
4522,6060,1
3314,6181,1
2177,2348,1
169,1450,1
148,1027,1
2348,5967,1
1555,5152,1
2,239,1
232,599,1
778,2584,1
5146,5194,1
5043,4720,1
2467,5395,1
4616,2315,1
743,1142,1
4031,3904,1
3647,6926,1
626,950,1
2127,1676,1
3143,5747,1
1174,1903,1
4616,1811,1
57,161,1
1574,910,1
120,116,1
286,1321,1
3596,3787,1
911,683,1
3812,5050,1
2459,4850,1
2575,3109,1
157,1892,1
2756,2465,1
3446,5256,1
1829,1493,1
4164,4854,1
1168,3521,1
3394,4108,1
2301,5050,1
373,2123,1
10,31,1
755,1881,1
1032,3141,1
3404,2270,1
1348,1655,1
4943,4687,1
2459,3765,1
2372,3242,1
1894,1062,1
2890,5117,1
4192,3334,1
1415,4543,1
3736,3870,1
1701,1643,1
778,2690,1
2912,4108,1
157,1483,1
134,2571,1
157,3146,1
6029,2956,1
1609,2444,1
2697,2850,1
6390,6733,1
719,2079,1
307,320,1
2467,5282,1
910,1258,1
6300,3410,1
6300,5185,1
3013,1184,1
5655,4222,1
4283,4835,1
3662,1054,1
5617,6050,1
3459,3004,1
2638,5933,1
6029,5742,1
20,794,1
4617,4988,1
3143,1238,1
23,5145,1
1266,3320,1
3059,2507,1
1420,2044,1
1205,1790,1
2486,1501,1
4897,4672,1
221,24,1
1277,1676,1
5105,4463,1
2425,2191,1
1625,3059,1
801,3849,1
4469,4656,1
743,3589,1
546,4052,1
4607,2348,1
4533,1285,1
5904,6015,1
7,118,1
4892,6020,1
306,511,1
546,3059,1
3387,1267,1
5317,6420,1
1486,2976,1
1205,1562,1
719,2370,1
3654,2600,1
604,1984,1
2177,4118,1
2908,3301,1
4576,4077,1
6148,3153,1
1256,4603,1
3315,1960,1
2746,2799,1
1996,3594,1
1811,2571,1
4910,5043,1
3747,2867,1
3140,2572,1
5734,6667,1
1099,1192,1
6538,5734,1
2620,2975,1
4578,2370,1
3336,1655,1
4607,5027,1
2705,1585,1
3681,1950,1
281,1052,1
5512,3453,1
1961,5138,1
3313,5380,1
5073,4676,1
4616,5763,1
917,872,1
3335,6173,1
701,3703,1
3146,5292,1
2127,6429,1
23,4606,1
626,3073,1
910,262,1
1056,1061,1
5102,5127,1
5245,5668,1
1097,1989,1
4033,1372,1
1063,1450,1
4417,4588,1
697,3261,1
285,1173,1
4522,669,1
2463,2980,1
5105,5612,1
2334,1456,1
1172,694,1
680,3150,1
10,3680,1
340,789,1
1639,1003,1
2966,575,1
4066,3059,1
5,1448,1
22,800,1
3449,5405,1
4082,2290,1
2707,2048,1
5058,1235,1
3449,4518,1
317,546,1
693,1956,1
5488,6420,1
284,1363,1
1801,1976,1
2761,2396,1
2287,2428,1
1938,3059,1
99,1972,1
118,3644,1
4819,5666,1
2290,1275,1
4310,4272,1
16,239,1
4377,4654,1
6414,6161,1
1829,391,1
910,2032,1
2348,1244,1
2721,4038,1
2323,2761,1
1168,1890,1
1001,3134,1
2677,1664,1
1581,2270,1
422,1424,1
3845,3140,1
5470,5134,1
3248,4672,1
28,2533,1
3441,5590,1
3444,5092,1
1131,1272,1
3275,2908,1
2471,2842,1
5769,6926,1
1686,1829,1
3444,4171,1
4147,2815,1
2767,3444,1
3097,1791,1
3587,3148,1
111,2759,1
22,1021,1
1445,6420,1
6304,6029,1
718,3331,1
3148,2980,1
119,196,1
3303,2164,1
2044,2315,1
6848,6123,1
1363,3108,1
1032,6819,1
3746,5772,1
1664,1940,1
6331,6024,1
3921,3147,1
1530,5185,1
4180,5767,1
3854,2760,1
2348,2657,1
1846,4522,1
4606,6281,1
2032,696,1
2348,2420,1
284,287,1
5437,14,1
697,4219,1
18,5,1
1593,5058,1
5127,5996,1
1192,2516,1
3222,3316,1
1949,2707,1
157,3644,1
1131,1486,1
3854,4648,1
3248,4097,1
2233,3150,1
62,6993,1
277,1790,1
1675,4310,1
287,1404,1
335,262,1
5099,5770,1
1672,1669,1
1063,1613,1
1346,4621,1
5060,2995,1
1731,2062,1
62,163,1
3106,4480,1
2525,2665,1
718,2790,1
6084,3644,1
1062,2758,1
369,2071,1
4067,4063,1
626,726,1
3157,3647,1
3315,3406,1
4033,5129,1
3242,3861,1
4417,5075,1
779,1142,1
5783,5966,1
3113,3059,1
3812,4672,1
697,1593,1
4892,4795,1
639,1027,1
3242,2127,1
1477,1823,1
4177,6114,1
10,945,1
5136,2079,1
1235,1014,1
6151,6756,1
1097,822,1
57,130,1
1951,2765,1
6383,5131,1
3990,4805,1
29,234,1
118,239,1
3853,4981,1
2233,5612,1
4203,3845,1
2722,2348,1
5354,1372,1
1578,3347,1
53,229,1
3475,14,1
3140,3845,1
2506,2425,1
3465,3097,1
1420,2457,1
3303,3701,1
1027,1523,1
422,4414,1
2396,2756,1
983,695,1
3679,3154,1
2470,2767,1
1268,695,1
2099,4097,1
197,2208,1
3746,3488,1
1471,3129,1
4377,3002,1
2270,2707,1
2551,2357,1
1050,4875,1
575,579,1
6606,4463,1
1029,379,1
2037,2764,1
197,1393,1
1447,1062,1
1024,1956,1
1050,1682,1
5769,6454,1
1351,1613,1
5932,4627,1
3651,2427,1
392,64,1
292,1168,1
1972,2127,1
5539,4226,1
910,1135,1
2997,2765,1
2179,4617,1
2009,1909,1
3467,2018,1
126,3009,1
4522,6190,1
1244,1503,1
2254,5772,1
559,649,1
3097,2294,1
2348,1054,1
5123,5375,1
105,5329,1
2566,2127,1
4388,4193,1
656,2546,1
580,546,1
3106,2571,1
1035,1501,1
5161,5153,1
4335,4617,1
4310,4286,1
2575,2099,1
1220,1424,1
2897,3176,1
1105,6020,1
1408,778,1
4460,4149,1
4445,3149,1
1471,1551,1
1420,1589,1
422,3464,1
576,4541,1
169,765,1
2348,3661,1
5462,4672,1
6176,7070,1
5053,5050,1
148,751,1
285,3150,1
977,2133,1
2763,5236,1
3467,3630,1
982,3306,1
3387,2420,1
1090,1089,1
1664,2258,1
4068,2191,1
163,3529,1
1116,2968,1
5145,3508,1
394,763,1
1394,2133,1
1669,2343,1
972,2066,1
5022,1593,1
642,950,1
5989,4700,1
2126,2133,1
4599,4694,1
2997,2893,1
3002,2756,1
4067,3464,1
4892,4777,1
23,521,1
24,278,1
2703,3661,1
1471,3651,1
48,933,1
1168,1051,1
2270,6864,1
2078,656,1
279,603,1
2761,3531,1
910,2567,1
1519,1664,1
904,3939,1
6156,4463,1
917,1447,1
281,208,1
1125,1056,1
4603,4164,1
3247,2270,1
6151,3585,1
3765,3763,1
4171,4952,1
2733,4605,1
188,130,1
1656,1747,1
4943,3644,1
6229,6230,1
743,747,1
1050,2516,1
2733,2032,1
5918,5058,1
77,1453,1
5680,5141,1
2270,5742,1
1029,1290,1
3465,5109,1
2742,2471,1
3148,3653,1
1027,1485,1
977,239,1
1398,1514,1
10,2648,1
3898,3807,1
3990,2370,1
1079,1515,1
2680,2842,1
3716,3627,1
502,1237,1
3314,5747,1
5317,6056,1
4522,5734,1
1233,1968,1
5792,3679,1
4605,5087,1
3390,4007,1
3465,3848,1
1168,1699,1
233,271,1
3147,3680,1
6369,933,1
154,1395,1
1900,2190,1
2463,4032,1
5539,5641,1
3444,2191,1
6981,7048,1
2833,2270,1
697,2270,1
157,1661,1
697,2867,1
6059,5185,1
1458,1168,1
1458,1610,1
5105,5800,1
4078,2191,1
4272,4979,1
254,1370,1
5586,5612,1
6260,5141,1
5994,2956,1
14,532,1
2126,2460,1
292,725,1
81,1023,1
2895,2430,1
133,909,1
1995,2071,1
718,3004,1
546,14,1
422,4061,1
1156,1150,1
1478,2855,1
279,698,1
2548,3956,1
5534,5512,1
1184,781,1
285,1128,1
5786,4924,1
6487,4537,1
4617,5505,1
4033,2079,1
2427,187,1
5774,5772,1
1524,1629,1
1416,1644,1
2548,3347,1
1224,1453,1
5884,5827,1
1358,947,1
1002,2487,1
2348,6637,1
4171,4172,1
2550,2583,1
6794,1372,1
5706,5043,1
697,2208,1
2766,1235,1
1424,1575,1
533,906,1
1928,2191,1
3097,3140,1
967,2191,1
502,3138,1
3106,1605,1
779,3644,1
4300,2584,1
4897,5967,1
1629,1424,1
6212,3644,1
5181,5685,1
891,5149,1
1077,1064,1
2126,2810,1
2707,2850,1
2680,2348,1
1259,373,1
4892,4123,1
794,1066,1
48,363,1
1555,5474,1
2330,2057,1
1420,1370,1
4194,4233,1
6146,5966,1
3150,4573,1
6300,5431,1
2761,3787,1
662,1676,1
3222,3521,1
2290,2425,1
2126,3733,1
1420,3148,1
2533,3849,1
5022,3581,1
3719,3059,1
286,897,1
5736,3153,1
5420,5426,1
6171,6190,1
2824,1684,1
3610,3306,1
860,4787,1
217,669,1
8,381,1
1820,1890,1
398,763,1
718,2567,1
902,571,1
4542,5480,1
8,1003,1
3672,3842,1
2607,756,1
3024,2425,1
4618,3956,1
4430,5735,1
794,967,1
5414,5966,1
578,3007,1
41,138,1
1277,2746,1
945,1392,1
6472,6218,1
2867,3203,1
1888,6087,1
1002,2847,1
4606,6203,1
6029,4654,1
2266,3885,1
1002,6064,1
1578,3033,1
7099,5890,1
1192,2753,1
3173,2460,1
1763,1464,1
1079,1664,1
4300,553,1
718,740,1
3718,3287,1
10,3866,1
697,3108,1
1001,4064,1
1372,1063,1
373,1124,1
4618,4872,1
4425,5292,1
4261,6399,1
1835,1568,1
697,5107,1
2575,2204,1
3155,3644,1
10,4297,1
546,1519,1
1838,4177,1
1625,855,1
6707,3981,1
4663,1141,1
4899,5996,1
5161,5613,1
422,6429,1
5786,6024,1
24,393,1
3710,3867,1
2818,6650,1
3449,4164,1
571,612,1
5460,14,1
1756,3150,1
2043,1961,1
3678,3972,1
2123,1984,1
6146,5207,1
3152,3306,1
2287,2546,1
3986,3845,1
1001,2123,1
1938,3459,1
604,579,1
6338,4773,1
5705,5942,1
697,3519,1
972,3842,1
6300,6693,1
6851,4477,1
3643,3581,1
2124,2270,1
4226,3392,1
2270,2893,1
2741,1156,1
874,901,1
1979,1937,1
6369,4522,1
2746,1315,1
6300,6733,1
2733,5966,1
4606,4587,1
1256,3475,1
891,3255,1
1097,1143,1
10,572,1
642,1892,1
669,4788,1
5514,2233,1
10,495,1
3226,2465,1
972,580,1
1629,1035,1
128,657,1
4606,4226,1
4417,5139,1
6810,6916,1
1095,2815,1
2461,2976,1
2348,3781,1
2746,3703,1
69,306,1
1609,2018,1
911,29,1
294,3446,1
743,1124,1
157,1514,1
904,781,1
5073,3529,1
1306,1644,1
4091,3148,1
3287,1176,1
1050,553,1
307,76,1
0,272,1
1829,2532,1
3475,4275,1
3672,3128,1
888,1386,1
1519,3585,1
5043,4850,1
2,600,1
1890,2058,1
2465,4129,1
3146,4066,1
279,614,1
6176,6029,1
6176,6993,1
1946,1814,1
2641,2226,1
1050,1940,1
3919,2064,1
4604,4616,1
5,381,1
902,864,1
3668,1960,1
4613,884,1
2814,1184,1
1813,2226,1
1420,1594,1
2459,1853,1
2657,2847,1
6587,5736,1
1922,1431,1
1829,321,1
5572,6165,1
2136,2133,1
6811,6038,1
2078,1734,1
4050,3459,1
6776,5868,1
19,591,1
2233,3956,1
2473,3295,1
2657,2850,1
2895,3555,1
3495,3320,1
4616,6186,1
2463,3457,1
2270,2787,1
2463,2584,1
4606,4607,1
944,285,1
2888,2331,1
5988,5987,1
281,1278,1
5586,6227,1
2785,2444,1
3575,3664,1
743,5375,1
4226,4687,1
1616,1646,1
2359,694,1
4606,2290,1
4694,4108,1
26,363,1
1233,1492,1
5572,5586,1
2603,4535,1
2767,2444,1
6029,5329,1
4223,4656,1
4606,4403,1
1344,4299,1
4602,5414,1
287,1215,1
285,1730,1
3330,4431,1
3168,5165,1
6084,6722,1
2342,1699,1
4804,4705,1
2718,1853,1
3152,3147,1
2659,2665,1
1655,2428,1
1256,5161,1
2044,4535,1
6151,6143,1
6963,4477,1
3150,4634,1
5396,5405,1
2703,3971,1
2260,2698,1
2062,2032,1
331,330,1
76,26,1
1811,2062,1
2707,5889,1
2814,7029,1
2099,1828,1
1263,2343,1
5707,2223,1
2707,2544,1
2348,4517,1
4677,14,1
106,665,1
3672,1960,1
1398,695,1
4997,4996,1
1303,1060,1
6415,6206,1
10,3320,1
4607,5911,1
1370,2356,1
912,2434,1
5037,5034,1
1099,154,1
11,1491,1
3053,2396,1
23,239,1
5043,4945,1
6156,3153,1
3751,4213,1
3390,6084,1
2465,3971,1
4607,5490,1
898,4813,1
5581,5222,1
2457,2506,1
724,719,1
3446,4525,1
1478,846,1
4365,3045,1
333,64,1
292,933,1
2471,3320,1
2151,1062,1
4672,6173,1
604,701,1
2348,1627,1
4502,6202,1
1131,1060,1
2620,3531,1
2348,6756,1
755,2323,1
1032,3647,1
289,28,1
4176,1961,1
406,482,1
1256,2584,1
2040,2208,1
5786,5554,1
2810,6614,1
713,701,1
50,316,1
693,903,1
2164,1972,1
3401,4275,1
1277,2583,1
6021,6986,1
1486,2372,1
5110,4823,1
245,883,1
292,1392,1
2425,2323,1
4816,2760,1
2202,4787,1
1105,1420,1
285,1761,1
2453,2451,1
2758,2759,1
947,1096,1
4606,5688,1
3464,2864,1
2912,4654,1
4541,2600,1
4616,4098,1
957,701,1
1002,3040,1
3087,2090,1
3059,2091,1
1032,2850,1
5292,4033,1
5252,6585,1
41,1437,1
6028,6186,1
6220,5966,1
1938,2467,1
4672,5966,1
5736,6429,1
1262,1297,1
2707,4558,1
2348,1275,1
3807,2735,1
163,5029,1
2525,2378,1
4444,3585,1
546,1061,1
2591,2226,1
3672,4431,1
1106,644,1
32,556,1
5695,6146,1
6180,6755,1
1106,2127,1
2064,5496,1
2767,2467,1
2395,3685,1
4548,4636,1
2463,1351,1
10,787,1
697,187,1
6300,4482,1
1583,4541,1
2752,2864,1
4627,5736,1
2459,2398,1
3157,4275,1
2425,1184,1
4603,4449,1
5859,4522,1
1378,1376,1
3150,3406,1
1032,3765,1
1928,1330,1
3354,2575,1
2348,3295,1
2995,6180,1
3360,3169,1
322,381,1
4404,3128,1
6171,6737,1
1530,962,1
5105,5138,1
216,1088,1
10,2133,1
1014,237,1
5672,5800,1
1263,1747,1
4477,5766,1
2444,2315,1
217,1184,1
756,1675,1
10,7,1
23,489,1
912,1260,1
0,319,1
3293,3169,1
2127,2465,1
3990,6776,1
3138,2017,1
154,29,1
2417,3138,1
2043,2976,1
1365,1835,1
310,546,1
2457,2270,1
1035,2908,1
1027,1555,1
6182,5868,1
701,1019,1
1420,2270,1
134,2301,1
1035,1095,1
755,794,1
1917,321,1
681,1491,1
2462,1275,1
1032,553,1
67,638,1
952,1480,1
2377,2560,1
148,2381,1
195,1063,1
75,26,1
2394,2123,1
6587,5488,1
5411,5405,1
263,2296,1
4541,7063,1
1640,187,1
1277,1952,1
4033,6114,1
3140,2995,1
5486,3508,1
2907,1184,1
1105,3168,1
5680,5734,1
4437,4636,1
4223,4032,1
345,262,1
78,3508,1
6680,6087,1
1555,4602,1
1034,2546,1
7,405,1
2912,669,1
3794,5050,1
656,701,1
5,826,1
1811,3109,1
3082,2430,1
888,1063,1
1256,6056,1
19,571,1
1961,2287,1
4617,5767,1
4919,4988,1
1050,4605,1
1192,1935,1
286,950,1
4377,4827,1
2742,2764,1
683,281,1
6812,6809,1
10,1143,1
2969,2381,1
2373,2071,1
2420,1675,1
6151,5237,1
2202,1655,1
2291,2323,1
4502,3189,1
3794,4098,1
1141,3870,1
587,1021,1
1370,1003,1
912,1393,1
1256,5034,1
5239,2815,1
8,1,1
4077,1961,1
149,80,1
1802,1584,1
2617,428,1
904,2842,1
3168,3651,1
4892,5735,1
6543,6595,1
1056,1375,1
1689,2571,1
2044,3046,1
604,1271,1
2548,4672,1
624,604,1
3004,2348,1
6154,6454,1
2017,2202,1
10,3134,1
3869,2191,1
1370,2970,1
3296,5029,1
4615,5179,1
78,405,1
910,1271,1
3140,4420,1
1420,1699,1
5786,6000,1
1002,6693,1
2289,2492,1
4542,6001,1
669,6047,1
1659,1676,1
2343,2062,1
1761,1640,1
2575,1244,1
159,229,1
22,239,1
3919,3901,1
2752,2166,1
6019,4149,1
2087,2381,1
5616,6161,1
1485,944,1
6632,6173,1
221,229,1
23,3055,1
1105,2019,1
1447,1358,1
1420,1593,1
5043,5733,1
66,1512,1
2270,5317,1
4256,1811,1
4695,2572,1
972,1088,1
3990,4098,1
186,262,1
4078,4177,1
1002,1574,1
3156,3901,1
9,26,1
99,5929,1
571,76,1
1627,910,1
640,1968,1
3134,2471,1
2347,5772,1
3084,2270,1
1394,1892,1
3306,3150,1
62,234,1
695,962,1
2818,3541,1
3208,2871,1
4305,3719,1
2270,1080,1
1909,962,1
4613,7080,1
3143,3019,1
3286,3124,1
3747,3138,1
1370,1275,1
2463,2669,1
2764,2571,1
1056,1623,1
2033,2548,1
910,1578,1
681,739,1
5522,3392,1
1363,3007,1
6176,7068,1
5989,5134,1
3287,3004,1
81,681,1
2471,3280,1
3495,2223,1
5560,5470,1
13,1704,1
6639,6637,1
765,800,1
157,2301,1
4541,6335,1
4603,4910,1
4701,3124,1
1098,1244,1
4463,1285,1
1097,1562,1
1890,1989,1
1393,1485,1
3315,669,1
14,174,1
2164,5799,1
945,580,1
6146,4696,1
2693,1585,1
28,1835,1
5786,6454,1
3940,1961,1
1095,1669,1
3489,3487,1
5539,6913,1
3588,2980,1
2425,2381,1
2799,1892,1
490,5706,1
111,5240,1
4515,2158,1
1150,1088,1
4791,553,1
846,1892,1
6574,6776,1
1675,2572,1
3097,3619,1
2179,3124,1
1655,4832,1
1277,1266,1
644,604,1
167,588,1
1818,2138,1
658,917,1
19,2083,1
4543,5633,1
912,4996,1
2377,2759,1
2463,1853,1
24,320,1
3679,2908,1
1035,2372,1
3990,3701,1
1050,1681,1
638,2032,1
1761,1135,1
4538,4535,1
1740,6653,1
1880,910,1
279,945,1
3143,4335,1
372,284,1
2425,1080,1
2342,2759,1
5783,6537,1
1366,2740,1
604,3585,1
2995,4222,1
2224,2546,1
4606,2815,1
3719,3138,1
5782,5236,1
157,1510,1
912,2531,1
3146,4210,1
4918,5109,1
1829,1515,1
1946,2691,1
776,1295,1
743,2017,1
2756,1892,1
680,1935,1
2767,4031,1
3109,4541,1
157,1676,1
3682,2518,1
5514,5800,1
4502,3904,1
1238,4787,1
1895,2293,1
2425,5102,1
4892,6991,1
1746,1745,1
3145,2799,1
1168,1631,1
2290,2747,1
1408,2507,1
2742,5155,1
936,967,1
3853,3870,1
788,665,1
1471,827,1
3311,4172,1
3984,2617,1
2882,2044,1
270,874,1
719,1135,1
2044,2127,1
697,5488,1
1262,1027,1
2164,4720,1
2786,3719,1
2802,2057,1
523,139,1
3548,2756,1
3653,4350,1
2997,2732,1
5123,6123,1
3394,4291,1
6146,4788,1
695,2847,1
2247,2226,1
768,1579,1
1348,2127,1
718,2607,1
10,82,1
5713,4616,1
5043,4038,1
1801,1802,1
2092,1814,1
3978,2296,1
4552,4656,1
2348,4064,1
3148,2177,1
2746,3248,1
632,3787,1
2463,2673,1
3286,3320,1
2756,2204,1
3313,6190,1
3056,5131,1
1650,2124,1
1349,1555,1
2243,2226,1
862,1064,1
5127,4835,1
2690,2465,1
5792,5488,1
2063,2032,1
1471,2204,1
3302,3932,1
6415,6151,1
647,725,1
5043,6085,1
41,853,1
1001,3904,1
1669,698,1
5989,3445,1
4964,4705,1
6474,6218,1
4616,5573,1
3150,4561,1
6180,2600,1
1050,6861,1
2746,1761,1
3427,6850,1
3596,3287,1
3446,4573,1
1366,2177,1
1156,2397,1
1664,1298,1
3654,1197,1
4483,4403,1
1050,1509,1
4345,1235,1
279,4823,1
3481,1933,1
3084,6050,1
4430,3261,1
755,1623,1
2761,2294,1
1105,3956,1
2,547,1
1359,1151,1
4430,2172,1
1814,948,1
1506,5770,1
3110,3108,1
917,2855,1
1214,1318,1
285,445,1
576,4543,1
38,4193,1
247,138,1
1415,1267,1
3446,669,1
3087,5742,1
2048,1275,1
1593,2301,1
1788,2381,1
2329,1699,1
2620,2864,1
2463,2059,1
2431,4480,1
111,3645,1
1050,2017,1
6514,6123,1
2431,6794,1
5129,5633,1
23,4499,1
4602,2079,1
1900,2589,1
1471,1747,1
1132,1318,1
776,1682,1
1060,4850,1
1950,2908,1
4172,4420,1
6171,5547,1
982,5827,1
28,1627,1
553,4961,1
2735,2123,1
2204,2465,1
6084,6717,1
1238,4420,1
6702,6123,1
2166,874,1
697,3763,1
3901,4213,1
5073,4672,1
4374,2669,1
1256,4528,1
4607,5087,1
2430,2810,1
855,897,1
1063,1463,1
4842,1351,1
157,922,1
163,911,1
2705,4299,1
864,2194,1
1684,2477,1
972,604,1
422,695,1
2270,2123,1
4543,4068,1
1664,656,1
1949,2066,1
2548,1951,1
755,1208,1
2786,5967,1
6720,4522,1
4335,4528,1
766,4641,1
4226,4561,1
632,693,1
2172,3521,1
19,614,1
3807,3315,1
2431,6737,1
628,1363,1
1938,2425,1
6674,6537,1
2338,3495,1
157,4541,1
85,239,1
3146,4459,1
3649,4377,1
3543,1950,1
2126,1960,1
1982,2349,1
2447,5933,1
3009,6913,1
5470,4981,1
4784,2064,1
1949,2202,1
2506,2980,1
24,433,1
285,1810,1
4588,4177,1
2078,2381,1
6388,5782,1
996,571,1
1813,1174,1
1244,1398,1
2348,4032,1
1032,3331,1
2043,2790,1
4892,7005,1
6574,6637,1
4482,4961,1
4539,4108,1
6923,6752,1
2764,1637,1
5514,5376,1
4613,5247,1
1464,1386,1
3017,2864,1
3919,669,1
3742,4007,1
391,6598,1
725,638,1
2926,4032,1
2172,4827,1
5571,5058,1
1277,1447,1
2799,6038,1
4305,2044,1
3329,3967,1
3106,4131,1
1366,947,1
2734,3059,1
3261,3672,1
10,588,1
3446,4097,1
3794,4628,1
10,1915,1
2099,2289,1
1686,1892,1
576,957,1
2792,1613,1
1050,3984,1
1221,2226,1
3643,2607,1
2468,575,1
3148,3347,1
6852,4537,1
911,645,1
1471,2394,1
6462,1820,1
6289,4788,1
1050,4696,1
697,681,1
6056,5161,1
2850,2425,1
917,2658,1
1393,1830,1
4897,6565,1
2348,6717,1
450,262,1
1811,1637,1
2818,2466,1
2531,3529,1
2044,3252,1
5145,4979,1
3921,2584,1
3381,3242,1
2617,2289,1
2361,5050,1
1420,696,1
5539,4456,1
3150,3138,1
5680,5966,1
2705,1201,1
4417,6916,1
4164,4636,1
719,4518,1
5786,6020,1
286,624,1
1034,1128,1
5730,6180,1
1035,4480,1
2841,4477,1
5286,5688,1
367,624,1
111,2714,1
2457,3645,1
1763,1420,1
2467,3150,1
2462,2381,1
2486,3007,1
3649,4193,1
1420,4561,1
3095,3002,1
1001,1924,1
1256,3912,1
4066,3647,1
5129,5420,1
2055,6084,1
3148,3651,1
853,2270,1
3722,1960,1
133,125,1
1237,4801,1
2204,2057,1
6152,6429,1
6293,142,1
7,141,1
656,76,1
2761,3169,1
1415,5490,1
5332,4606,1
2746,2435,1
1151,695,1
99,4607,1
6964,7048,1
3306,4427,1
853,1173,1
2628,2706,1
4667,5641,1
6735,1820,1
1977,2711,1
1900,1944,1
5286,4819,1
1486,1450,1
5038,4687,1
6428,4463,1
2357,3295,1
1594,6861,1
2044,3138,1
1050,6429,1
4300,2233,1
4522,4892,1
111,2059,1
3392,2428,1
4919,4164,1
5139,4798,1
22,153,1
938,2381,1
166,239,1
2476,2767,1
4892,5588,1
2270,4480,1
373,2847,1
2170,1256,1
2697,3531,1
967,680,1
751,747,1
3240,1184,1
111,2166,1
1594,3160,1
1650,2294,1
2126,1006,1
62,749,1
6661,3679,1
4299,4648,1
1731,2477,1
2705,3999,1
5514,5073,1
7102,7109,1
2036,1156,1
1761,2371,1
57,669,1
1205,862,1
2707,5710,1
6146,4835,1
1996,2956,1
6026,6735,1
2347,5058,1
1106,2516,1
1684,1432,1
697,4304,1
2463,2420,1
1553,4832,1
2348,4573,1
4082,2079,1
193,495,1
4430,5426,1
157,1131,1
2044,1594,1
292,394,1
2126,2790,1
2263,270,1
7,217,1
292,820,1
2323,4123,1
5989,3460,1
5493,5612,1
575,294,1
2758,2427,1
4616,1675,1
795,820,1
697,3751,1
4149,5146,1
285,2405,1
1349,5207,1
4819,3529,1
1900,2434,1
5105,5921,1
4892,6143,1
112,765,1
3143,4283,1
289,815,1
719,3004,1
3097,2420,1
6151,7029,1
6562,4463,1
1615,2707,1
1917,2831,1
587,668,1
1615,2328,1
5874,2680,1
4439,4552,1
5058,3261,1
951,3644,1
3027,2294,1
2856,2855,1
755,2863,1
4606,4552,1
1609,822,1
3178,2289,1
5602,5512,1
5043,4676,1
23,3150,1
1471,2287,1
697,6876,1
5514,5742,1
2294,3238,1
857,1613,1
2282,2430,1
2126,2191,1
1639,1594,1
5129,6161,1
3084,4052,1
141,1575,1
38,2291,1
4897,4828,1
5563,4696,1
904,2377,1
2525,1509,1
281,28,1
2463,5151,1
31,532,1
6300,6770,1
3020,5414,1
281,1968,1
157,1903,1
1363,1793,1
2123,1493,1
148,50,1
1050,1130,1
5218,6146,1
2292,2397,1
5924,4854,1
966,1928,1
2810,3415,1
1031,606,1
3143,5026,1
2301,2361,1
1653,3701,1
6084,4414,1
2997,4171,1
4717,2584,1
1348,1370,1
2123,1589,1
1277,1566,1
5562,5996,1
662,669,1
2697,2294,1
4377,4628,1
1032,693,1
4522,4895,1
373,1174,1
3077,2430,1
2463,3154,1
2431,142,1
1415,4587,1
1478,1450,1
2975,3781,1
5,532,1
2463,3563,1
5980,6186,1
1938,1493,1
4748,3154,1
4776,2760,1
3678,3651,1
1674,1897,1
5141,5131,1
6434,5633,1
1002,6181,1
3146,4226,1
2463,2124,1
3286,4730,1
5396,5155,1
99,5131,1
105,6916,1
6176,4350,1
5236,4817,1
3150,4210,1
1851,2226,1
2699,2698,1
3261,5916,1
41,614,1
5218,4444,1
139,592,1
3701,2531,1
1625,4535,1
3090,2191,1
28,739,1
398,815,1
4430,2273,1
5782,6173,1
3140,3045,1
1131,1098,1
6149,6647,1
422,2838,1
3899,5431,1
697,3334,1
2763,3138,1
2506,2460,1
285,797,1
3286,2533,1
5206,4610,1
2752,778,1
2890,4007,1
5470,5292,1
6513,6850,1
641,1365,1
2338,3808,1
2394,694,1
1192,2970,1
1890,1988,1
956,1594,1
1961,6833,1
2057,971,1
1653,5043,1
5123,4447,1
1349,1375,1
3387,3733,1
2758,2829,1
695,694,1
41,1174,1
2430,2059,1
5286,6186,1
6760,4444,1
3799,4312,1
5988,5514,1
2126,2373,1
4222,4177,1
2973,4420,1
3242,1892,1
1509,1094,1
2062,2138,1
3313,3287,1
6180,4522,1
2348,1892,1
4463,5666,1
1394,3624,1
1032,215,1
1471,1701,1
253,2356,1
3598,2765,1
1370,1961,1
642,239,1
3744,2815,1
112,1330,1
3059,4217,1
298,69,1
6155,6454,1
3662,2617,1
3649,2815,1
4283,5155,1
1836,1062,1
1420,756,1
29,875,1
3204,2357,1
5572,5132,1
5782,5139,1
3392,2818,1
3672,2348,1
3087,5228,1
743,1770,1
1298,3160,1
1824,874,1
910,1349,1
2697,2810,1
2464,1613,1
6923,6302,1
68,330,1
1062,1192,1
2705,1197,1
1984,1940,1
622,579,1
4543,6926,1
3672,3242,1
3143,3541,1
1002,2381,1
1256,1664,1
581,254,1
1205,379,1
24,1471,1
571,1892,1
3701,5628,1
2548,4558,1
251,547,1
6028,5687,1
1583,1579,1
806,6650,1
2680,2758,1
1277,1703,1
1640,1890,1
372,1519,1
1420,4852,1
1205,2381,1
20,161,1
2506,2063,1
2191,2507,1
1420,3702,1
2973,4801,1
3166,3644,1
4407,3904,1
1184,1215,1
6914,6302,1
1408,3624,1
1415,5324,1
6900,6916,1
1366,3630,1
3286,1655,1
1953,1952,1
1366,4219,1
4779,2760,1
6624,2956,1
1156,1658,1
2127,3685,1
910,1664,1
4552,3997,1
1298,2759,1
2810,6454,1
3643,5146,1
4479,3124,1
6373,6349,1
3286,1961,1
4705,4616,1
2971,2373,1
3152,4463,1
1416,4787,1
157,628,1
656,1131,1
1664,2420,1
2895,3531,1
5317,6024,1
560,592,1
1890,1485,1
628,28,1
1792,2270,1
2041,1937,1
1558,1555,1
1256,4226,1
57,167,1
546,581,1
6148,6518,1
1640,1485,1
5680,6064,1
2764,1853,1
4599,6585,1
3679,5527,1
3149,4077,1
1814,1734,1
1894,1184,1
1156,1405,1
912,1476,1
3152,5590,1
6849,6114,1
1234,237,1
5151,5073,1
2377,2564,1
1763,2567,1
1811,3486,1
698,6565,1
111,2506,1
422,6777,1
4607,4602,1
2431,3680,1
286,656,1
4110,4291,1
5680,5207,1
2763,3873,1
3147,2850,1
765,1610,1
3303,3971,1
1277,2032,1
3587,5292,1
3719,2127,1
3140,5554,1
3650,3763,1
5150,5613,1
4834,4832,1
281,2133,1
2204,2864,1
940,683,1
2427,4097,1
2956,4310,1
1031,2226,1
2767,2758,1
2703,2062,1
5153,4788,1
1898,1260,1
3109,3347,1
5,634,1
28,768,1
2048,891,1
5,1503,1
111,2698,1
4310,5087,1
5127,5146,1
4738,6733,1
3109,5324,1
698,2291,1
952,239,1
1432,2434,1
4804,1838,1
2477,1420,1
2680,2471,1
5591,4672,1
1478,1184,1
3248,2607,1
4897,5401,1
10,2287,1
973,2815,1
5813,4414,1
1050,321,1
1344,3702,1
911,922,1
5002,5735,1
4827,3904,1
1088,1457,1
77,1658,1
28,3701,1
1050,2459,1
1585,2908,1
6149,6598,1
4952,5194,1
2767,2427,1
3286,2815,1
3654,3488,1
3143,4892,1
1394,5232,1
3699,3529,1
801,1184,1
5274,3261,1
1259,1390,1
5539,2223,1
3737,3307,1
4393,3644,1
2799,2465,1
4222,6085,1
3168,3248,1
1306,1514,1
4417,6029,1
4077,4525,1
5514,6064,1
2908,2756,1
6373,5966,1
1348,2740,1
1578,2315,1
4801,5289,1
2127,930,1
1027,4489,1
5129,6645,1
701,2123,1
1062,5534,1
2867,3295,1
6300,6608,1
5512,5127,1
28,4033,1
3608,2315,1
2290,2381,1
1949,1901,1
1894,3488,1
5689,1811,1
294,2466,1
2584,6809,1
604,863,1
4430,3541,1
1256,6173,1
3004,2126,1
3669,3307,1
4607,5129,1
2459,2457,1
3097,2044,1
3776,1238,1
2062,2169,1
1034,2032,1
4831,5198,1
3569,553,1
2763,5563,1
1811,2459,1
4078,669,1
279,657,1
803,901,1
5286,4068,1
4468,4617,1
1583,669,1
3441,5092,1
3011,3007,1
2476,3446,1
1917,910,1
3138,4068,1
4677,5152,1
2289,4447,1
2707,2348,1
3140,3033,1
308,125,1
5634,6190,1
3387,3004,1
3990,7068,1
1477,1706,1
305,3818,1
1950,2850,1
1002,3176,1
697,4648,1
281,1453,1
2465,4479,1
4892,4444,1
2348,4687,1
3990,3956,1
4033,6306,1
2457,2471,1
4616,5537,1
2430,3195,1
571,1704,1
4502,6064,1
1056,1704,1
5416,4817,1
546,1197,1
3733,4177,1
2127,2059,1
2041,2258,1
6176,6415,1
2064,2381,1
6173,2680,1
577,2815,1
5534,6565,1
641,872,1
4617,5309,1
743,2571,1
6819,5330,1
4617,5736,1
5689,5772,1
284,1003,1
6299,5131,1
3680,2476,1
6614,6864,1
1314,1704,1
286,1060,1
5129,6084,1
10,1507,1
1233,1405,1
2707,3138,1
697,3134,1
5677,4463,1
2457,3004,1
5139,4981,1
2477,2533,1
5680,1420,1
4008,4007,1
1421,3531,1
4910,4414,1
5149,4924,1
3654,4299,1
2047,2046,1
2747,4823,1
2752,2790,1
913,521,1
157,1915,1
1026,1398,1
4407,2191,1
1477,2518,1
4522,4443,1
3004,3059,1
3147,1420,1
2062,2372,1
2522,2566,1
3450,1130,1
2617,4424,1
576,580,1
197,279,1
2867,2166,1
3336,2980,1
6335,6809,1
105,2233,1
6026,6114,1
6325,5929,1
5176,6598,1
251,1795,1
284,1579,1
5493,5161,1
284,1392,1
1829,2746,1
3441,5505,1
2372,2740,1
2897,2124,1
3109,5198,1
36,2381,1
2465,5613,1
3672,2735,1
1213,1500,1
134,1260,1
2016,1001,1
40,257,1
1056,521,1
743,3252,1
1629,1699,1
4602,4472,1
3162,3176,1
1951,3763,1
2466,4787,1
4609,5738,1
5990,3445,1
1105,2204,1
3004,4097,1
1393,916,1
2787,2371,1
1811,2427,1
2680,3004,1
3672,5092,1
3313,4038,1
1835,944,1
1761,694,1
23,3059,1
69,603,1
3138,5854,1
270,2740,1
553,5612,1
4444,6180,1
2357,1057,1
2254,2226,1
5141,5209,1
936,1063,1
2374,2799,1
4547,2172,1
1447,3176,1
2463,4912,1
1359,1651,1
972,2057,1
5146,3649,1
3138,2366,1
10,1501,1
6335,3410,1
1471,2074,1
1714,696,1
3059,3146,1
1530,3320,1
2758,1585,1
7,726,1
6335,6123,1
3969,3644,1
3143,4007,1
6156,3644,1
2763,5228,1
4532,4602,1
5037,4831,1
1035,1173,1
967,1623,1
2359,2394,1
5249,4895,1
4910,4979,1
1141,1355,1
10,1150,1
1349,1579,1
910,2019,1
6372,5534,1
4477,4610,1
78,3956,1
911,698,1
13,388,1
15,1284,1
1761,1260,1
3385,3627,1
48,278,1
1578,4477,1
838,695,1
2583,3392,1
10,1699,1
2707,2476,1
912,1254,1
1375,1386,1
674,765,1
6917,6916,1
2787,4480,1
635,215,1
1351,2258,1
2246,5209,1
6454,5127,1
1471,5149,1
3990,5329,1
1951,2582,1
719,4605,1
5306,5019,1
81,2765,1
5002,5317,1
3273,14,1
892,2019,1
4252,3849,1
3651,3150,1
422,1088,1
10,5668,1
3087,6178,1
1062,2396,1
2270,2582,1
2465,187,1
5539,5763,1
3669,3465,1
6034,5185,1
5522,4482,1
3124,2375,1
1197,588,1
3441,4823,1
3737,2296,1
6154,6096,1
966,270,1
3095,3301,1
5655,5420,1
48,141,1
292,838,1
5488,7068,1
2059,1605,1
1672,2477,1
167,3861,1
5585,2223,1
41,24,1
2471,1464,1
3655,5141,1
406,43,1
681,76,1
3513,3445,1
3026,4129,1
2971,3661,1
2431,6202,1
2792,2764,1
2607,2270,1
23,1419,1
4078,4617,1
1625,1658,1
1256,6332,1
1553,2657,1
2676,3033,1
6180,5127,1
4109,4171,1
1747,1770,1
4228,4541,1
1368,1063,1
1594,1106,1
3109,2079,1
3330,3870,1
2705,3701,1
428,433,1
157,1493,1
2127,2980,1
1001,3252,1
18,138,1
382,205,1
1715,3347,1
2079,3529,1
1014,3825,1
6211,3644,1
6921,5139,1
2463,3034,1
3997,4063,1
5,5933,1
10,3904,1
1306,1386,1
3444,5736,1
3753,3751,1
1672,2160,1
2224,51,1
2779,2204,1
2044,2373,1
1351,369,1
1535,3680,1
2758,3495,1
4222,4377,1
1829,2071,1
3518,3519,1
48,316,1
2628,4606,1
163,5292,1
3594,3320,1
7,459,1
1131,948,1
5151,6020,1
6147,6087,1
6573,4366,1
768,957,1
281,1184,1
3343,2506,1
2444,3169,1
3147,6809,1
3144,4131,1
2464,2976,1
2090,2091,1
719,3800,1
2790,1062,1
904,2506,1
2434,3055,1
4624,4621,1
1669,2465,1
642,2004,1
776,897,1
4607,4895,1
99,1130,1
1421,3452,1
5131,6526,1
6819,6114,1
3109,2471,1
41,1842,1
2166,2476,1
1609,1001,1
2463,3033,1
4149,4817,1
2762,3487,1
1192,2071,1
6147,3087,1
422,5139,1
1050,2294,1
294,6123,1
2427,3109,1
4606,5747,1
3157,4079,1
697,6380,1
6709,6777,1
2209,3073,1
762,606,1
2348,2059,1
1050,2290,1
290,505,1
1486,1363,1
4149,4552,1
3394,3415,1
2062,1940,1
1306,1184,1
5292,5236,1
641,911,1
6428,5161,1
1627,2706,1
2444,2166,1
285,1830,1
3303,3541,1
2371,1937,1
5131,6349,1
2348,2427,1
3928,1176,1
48,872,1
1366,1770,1
1004,1676,1
3391,4059,1
1830,1944,1
612,239,1
3143,3701,1
5123,4854,1
2509,1501,1
3147,3124,1
5512,4892,1
2590,5613,1
4417,3140,1
2126,2370,1
5695,5588,1
5786,2680,1
2378,3956,1
5912,6595,1
639,753,1
3109,3203,1
1192,4656,1
2666,4077,1
628,739,1
5672,2600,1
6156,3912,1
3314,5593,1
3654,1960,1
2164,4610,1
232,1363,1
2814,7080,1
718,2506,1
1669,2707,1
1432,2053,1
169,668,1
4540,5929,1
6405,1820,1
1578,3255,1
3465,4823,1
4559,14,1
983,3301,1
4617,5929,1
4437,2466,1
298,125,1
5037,4066,1
62,2348,1
5286,5131,1
4597,5871,1
6096,5792,1
6405,6565,1
4223,3360,1
5488,6180,1
718,1682,1
1419,5734,1
1244,1463,1
756,3406,1
111,3287,1
2101,3685,1
3111,2064,1
6180,3679,1
48,262,1
2090,2864,1
2763,5126,1
1184,1450,1
4477,6064,1
2742,3685,1
656,1463,1
3314,5102,1
2310,3765,1
2043,2975,1
4616,5107,1
6334,7021,1
695,5505,1
1095,2765,1
3945,3939,1
1062,1418,1
916,1681,1
3145,3647,1
2834,1244,1
3261,5092,1
502,573,1
13,25,1
1629,3591,1
19,340,1
10,573,1
3734,2127,1
62,512,1
286,768,1
982,4672,1
422,4892,1
6024,4414,1
5451,4605,1
1032,3971,1
284,658,1
2455,2735,1
4310,4552,1
3475,4131,1
5181,1235,1
3087,5767,1
5129,6809,1
1083,1082,1
3247,2397,1
1420,2571,1
1107,1106,1
2620,2868,-1
111,2149,-1
2575,3596,-1
2464,2868,-1
1320,59,-1
1250,2018,-1
983,988,-1
391,2348,-1
4283,5077,-1
505,1249,-1
4965,3729,-1
1002,6206,-1
756,5074,-1
19,757,-1
1759,2917,-1
70,156,-1
5522,3045,-1
2786,3444,-1
6519,3644,-1
766,2781,-1
3541,933,-1
896,373,-1
4606,5289,-1
1062,2066,-1
2822,2819,-1
5769,7090,-1
2462,3032,-1
2808,2490,-1
5376,5548,-1
719,1635,-1
697,3453,-1
3873,4868,-1
490,5604,-1
1034,2781,-1
3746,4086,-1
1629,925,-1
2233,4233,-1
3449,2149,-1
1420,3799,-1
1062,795,-1
3336,3899,-1
3306,3096,-1
2123,3691,-1
1478,1288,-1
2758,3818,-1
1374,2048,-1
692,1038,-1
5769,5072,-1
4603,4923,-1
1924,698,-1
19,1207,-1
1924,2548,-1
3151,1267,-1
118,3932,-1
1940,2283,-1
2908,1900,-1
62,636,-1
1032,5377,-1
2607,3567,-1
1919,2384,-1
2706,6650,-1
955,3965,-1
756,1791,-1
5136,5380,-1
6173,6835,-1
2617,3023,-1
1763,2384,-1
4695,4798,-1
4617,6652,-1
2123,3563,-1
6021,6449,-1
1763,4447,-1
1562,2352,-1
2453,2851,-1
2464,2880,-1
306,3960,-1
5586,3990,-1
1062,6998,-1
4226,4282,-1
695,1908,-1
756,4975,-1
3350,3567,-1
1205,457,-1
3587,4654,-1
3216,2712,-1
2431,1634,-1
5472,5800,-1
3226,3318,-1
5148,4672,-1
1591,2144,-1
77,4805,-1
1951,1820,-1
2576,2574,-1
3140,4673,-1
4479,4350,-1
5453,14,-1
3296,3155,-1
3168,3917,-1
2761,4187,-1
2327,2555,-1
656,1640,-1
1032,4052,-1
422,4990,-1
4256,4882,-1
5002,4607,-1
353,660,-1
1267,3644,-1
4479,4427,-1
5243,5240,-1
2707,5881,-1
1363,1616,-1
3077,4269,-1
2707,4048,-1
237,1887,-1
2348,6835,-1
2343,1756,-1
943,1112,-1
4430,5736,-1
575,4839,-1
4566,5734,-1
4073,3045,-1
3580,5043,-1
6306,6599,-1
1029,1207,-1
1143,1461,-1
4850,2273,-1
3185,2864,-1
1303,2958,-1
1456,2838,-1
5149,4277,-1
3059,3965,-1
1110,2499,-1
3653,4159,-1
4374,4636,-1
3059,4725,-1
641,932,-1
2343,6143,-1
1756,5537,-1
5794,6085,-1
3059,3097,-1
277,1354,-1
2428,2126,-1
4609,4946,-1
5141,5800,-1
4613,5930,-1
2039,3971,-1
1458,1793,-1
3143,4504,-1
1562,3781,-1
1955,258,-1
2453,2948,-1
2465,3255,-1
5129,6293,-1
13,168,-1
67,463,-1
4718,3699,-1
2464,2490,-1
2159,1881,-1
1763,698,-1
285,4479,-1
1062,3729,-1
3059,4734,-1
4738,6827,-1
2463,3285,-1
746,3551,-1
5644,5892,-1
53,121,-1
4180,5606,-1
4283,5264,-1
3077,4479,-1
4256,4044,-1
1035,1249,-1
1192,2625,-1
502,383,-1
4116,1249,-1
5634,4479,-1
4819,5593,-1
862,2729,-1
2459,3426,-1
118,2621,-1
2396,5047,-1
719,5282,-1
2343,3247,-1
3651,3644,-1
4617,5072,-1
5002,3598,-1
862,2973,-1
740,1541,-1
5783,6263,-1
4617,5088,-1
2261,2435,-1
36,938,-1
2246,6293,-1
1519,4193,-1
4315,4525,-1
318,2738,-1
1062,2018,-1
2657,3781,-1
2705,3219,-1
3330,3658,-1
6816,1820,-1
3092,14,-1
1608,4301,-1
910,1403,-1
2761,3778,-1
4061,4157,-1
391,6537,-1
2457,2712,-1
2756,2835,-1
2717,6720,-1
4720,4734,-1
943,743,-1
2016,2485,-1
6563,933,-1
118,2683,-1
895,894,-1
2680,5251,-1
1035,1151,-1
4226,3153,-1
188,168,-1
3140,6291,-1
3389,1184,-1
1478,1512,-1
656,2401,-1
1519,2273,-1
669,4420,-1
4035,62,-1
96,984,-1
5472,7089,-1
2680,5842,-1
6096,6808,-1
1040,896,-1
3296,4062,-1
45,262,-1
1420,1006,-1
19,817,-1
604,2405,-1
2377,4052,-1
4483,4854,-1
2427,3781,-1
788,639,-1
6414,1711,-1
5,262,-1
4623,1542,-1
4653,4647,-1
756,933,-1
2343,3193,-1
2343,3453,-1
1969,2002,-1
422,4048,-1
4784,6085,-1
289,673,-1
4965,2191,-1
422,6135,-1
3598,3904,-1
2706,1820,-1
6055,4472,-1
1349,698,-1
1718,2729,-1
972,1155,-1
1166,1319,-1
4479,3153,-1
391,4654,-1
6293,5209,-1
312,262,-1
3546,4822,-1
5222,4603,-1
6574,6056,-1
2706,3762,-1
1370,1729,-1
778,2018,-1
5131,6616,-1
1141,5144,-1
2471,4766,-1
3086,3193,-1
2867,2648,-1
2348,3786,-1
3155,4296,-1
3077,5240,-1
904,3247,-1
6632,6626,-1
2457,1184,-1
4164,4269,-1
99,4375,-1
2292,2555,-1
3450,2897,-1
4522,4570,-1
2617,3046,-1
4784,3045,-1
453,7,-1
2290,5425,-1
2132,3229,-1
6220,6320,-1
1415,5640,-1
4552,86,-1
3598,4233,-1
1063,262,-1
5018,3904,-1
862,1038,-1
1763,1649,-1
19,435,-1
306,545,-1
1062,2435,-1
4552,5627,-1
3153,5778,-1
4310,4570,-1
362,2191,-1
896,1723,-1
4965,7036,-1
1032,1038,-1
6579,6833,-1
3574,2348,-1
4757,5270,-1
846,1106,-1
1639,187,-1
22,943,-1
3701,7036,-1
3647,5281,-1
1143,1384,-1
6275,7070,-1
2761,2712,-1
318,3320,-1
719,2381,-1
2833,2908,-1
490,3762,-1
3529,2107,-1
1080,1723,-1
318,2908,-1
4479,4798,-1
3488,4504,-1
4617,62,-1
4819,5846,-1
1314,1822,-1
1192,2851,-1
3701,4016,-1
5309,5661,-1
5002,6607,-1
1940,3229,-1
4676,5270,-1
743,1315,-1
6067,6096,-1
6151,7060,-1
3800,4766,-1
3151,6359,-1
3133,3571,-1
943,1330,-1
3077,5264,-1
1062,2296,-1
5143,4672,-1
2956,6756,-1
1348,3080,-1
6298,933,-1
5522,4654,-1
4164,4975,-1
2389,4780,-1
4960,4975,-1
1421,3630,-1
4604,4282,-1
5492,5309,-1
4164,2332,-1
3459,3480,-1
2707,3596,-1
2062,3236,-1
2620,3242,-1
9,710,-1
3313,3415,-1
697,3480,-1
4617,5519,-1
1734,795,-1
41,298,-1
2179,698,-1
1063,3222,-1
2425,4158,-1
3147,4187,-1
967,4581,-1
77,4522,-1
2039,2059,-1
697,258,-1
669,6202,-1
2287,5736,-1
4026,7089,-1
2617,3149,-1
5708,5892,-1
4973,2348,-1
2758,2917,-1
2261,2714,-1
4892,5424,-1
1370,3951,-1
2164,5871,-1
4068,4082,-1
1478,1822,-1
4831,5627,-1
1416,3037,-1
5641,6412,-1
2867,1541,-1
2390,3787,-1
3424,2548,-1
2289,2123,-1
2604,2958,-1
277,1729,-1
2224,1524,-1
2548,3172,-1
669,6557,-1
1062,4788,-1
3681,5588,-1
4552,6085,-1
6034,4795,-1
778,5983,-1
2742,2581,-1
4164,4479,-1
896,988,-1
5123,4664,-1
3207,4136,-1
6173,6855,-1
4819,5652,-1
954,5540,-1
2673,698,-1
2005,2049,-1
967,6085,-1
490,5630,-1
964,2191,-1
756,4746,-1
719,651,-1
5522,6526,-1
287,2348,-1
5123,5341,-1
2471,3781,-1
6462,5616,-1
1471,3228,-1
642,787,-1
4784,5593,-1
2328,187,-1
5141,5072,-1
719,1094,-1
1981,2511,-1
862,3298,-1
3305,3703,-1
1416,2291,-1
4919,2273,-1
3350,3242,-1
1585,5887,-1
5574,5593,-1
4541,6419,-1
2343,3778,-1
2617,3383,-1
2343,2776,-1
2343,2420,-1
1894,3426,-1
5539,5694,-1
1192,2490,-1
167,876,-1
855,1161,-1
4038,5253,-1
2425,3250,-1
6867,5616,-1
2062,2581,-1
665,1311,-1
2328,4297,-1
381,2548,-1
3678,2149,-1
318,2838,-1
5680,6616,-1
4330,4361,-1
2732,3544,-1
572,1051,-1
132,121,-1
3004,3947,-1
2975,2666,-1
5227,5586,-1
4226,4867,-1
6184,3153,-1
624,1048,-1
1562,2209,-1
641,1881,-1
669,6626,-1
6,82,-1
2823,2819,-1
6043,6758,-1
591,2036,-1
575,932,-1
1192,2781,-1
656,2683,-1
3554,4867,-1
373,457,-1
1475,5512,-1
4613,5677,-1
6730,6726,-1
1475,6998,-1
10,1993,-1
3146,4730,-1
111,3430,-1
2463,3230,-1
5002,6232,-1
943,857,-1
6560,7024,-1
3314,5281,-1
4180,5586,-1
6149,6585,-1
2261,2662,-1
6173,4785,-1
2706,2838,-1
2733,2997,-1
4819,5619,-1
2866,2864,-1
2706,4943,-1
3155,4269,-1
2733,2490,-1
1259,1434,-1
719,62,-1
1095,2864,-1
780,2653,-1
4742,2149,-1
2620,1184,-1
3678,5240,-1
3296,4415,-1
4310,1249,-1
2763,3013,-1
1062,5232,-1
2680,2712,-1
2841,1541,-1
2039,1828,-1
5131,4805,-1
5539,7013,-1
3283,2666,-1
4479,4694,-1
5602,6537,-1
134,2555,-1
2548,3175,-1
4606,2191,-1
1763,2440,-1
2348,7010,-1
7039,7036,-1
3147,3480,-1
3145,3703,-1
2867,2712,-1
3789,3787,-1
3145,4286,-1
5539,5652,-1
4561,4654,-1
1237,4672,-1
57,121,-1
118,2897,-1
3794,4831,-1
3747,3874,-1
5227,3644,-1
4506,4777,-1
2164,5020,-1
2463,3548,-1
822,1760,-1
4172,3480,-1
138,1021,-1
4617,4694,-1
644,373,-1
1629,1759,-1
3737,3951,-1
916,817,-1
2761,3947,-1
3084,1800,-1
2270,2670,-1
776,2425,-1
4803,4672,-1
1032,4788,-1
2462,3115,-1
669,4511,-1
656,2381,-1
656,2435,-1
917,988,-1
3737,4086,-1
5,894,-1
3643,6585,-1
3165,3644,-1
5178,7070,-1
6358,5870,-1
680,2183,-1
2261,2819,-1
2113,2864,-1
3056,4654,-1
2431,4350,-1
6067,4048,-1
3159,4233,-1
78,1795,-1
1032,4016,-1
755,1920,-1
1669,2724,-1
1415,5365,-1
4950,14,-1
4035,2332,-1
788,62,-1
5357,5422,-1
2343,2893,-1
1024,740,-1
3286,3550,-1
1417,2535,-1
2463,5978,-1
4164,4446,-1
67,894,-1
2620,3023,-1
5239,5267,-1
801,3402,-1
609,740,-1
294,1354,-1
6149,6293,-1
186,757,-1
624,373,-1
167,1434,-1
4775,4677,-1
6026,6479,-1
6036,4943,-1
1519,5138,-1
2169,3899,-1
4061,5901,-1
6487,6085,-1
1591,933,-1
591,1087,-1
2758,2487,-1
1664,1939,-1
3134,1800,-1
3214,3907,-1
5292,4479,-1
6878,5199,-1
2706,3195,-1
3541,6190,-1
6173,6451,-1
4720,817,-1
5,1575,-1
4116,4677,-1
1002,6833,-1
122,757,-1
4223,2540,-1
2427,3428,-1
3655,6261,-1
1763,2878,-1
3739,372,-1
943,639,-1
5002,6356,-1
2062,2649,-1
3296,3633,-1
1062,2273,-1
178,168,-1
1471,1038,-1
3360,6439,-1
2425,4268,-1
2348,6994,-1
4430,5047,-1
4345,4109,-1
943,1021,-1
4819,4277,-1
1256,3644,-1
3184,2864,-1
2758,3772,-1
6056,1820,-1
713,847,-1
2717,7053,-1
4522,3045,-1
3464,3624,-1
964,1051,-1
5794,3054,-1
6560,6085,-1
1478,215,-1
1174,3619,-1
576,4905,-1
967,1524,-1
44,262,-1
766,2526,-1
669,6756,-1
1192,3379,-1
546,5738,-1
422,3542,-1
3986,3153,-1
119,2838,-1
1424,1151,-1
1266,2427,-1
4219,3874,-1
624,1793,-1
47,3318,-1
643,636,-1
490,933,-1
3465,3907,-1
135,1207,-1
943,1259,-1
4617,5281,-1
967,2348,-1
34,247,-1
5127,6065,-1
2706,2540,-1
2617,3639,-1
22,740,-1
4664,4974,-1
3992,4233,-1
1032,5282,-1
2348,6452,-1
656,1493,-1
5127,6962,-1
4784,5043,-1
2680,1054,-1
669,7060,-1
822,1706,-1
5238,4984,-1
2377,3619,-1
4026,4712,-1
1060,1106,-1
2431,2997,-1
6638,6056,-1
740,1459,-1
4914,5479,-1
5286,4282,-1
4676,4852,-1
4223,2815,-1
4315,3153,-1
3914,6886,-1
2463,4882,-1
5129,6631,-1
1787,2348,-1
5312,3045,-1
4566,5179,-1
3901,2533,-1
5534,5930,-1
2465,3195,-1
5141,3427,-1
2420,2781,-1
4788,3045,-1
603,1434,-1
3180,2864,-1
4192,4867,-1
99,5061,-1
4123,5715,-1
5145,3168,-1
4427,4720,-1
119,1890,-1
4609,4720,-1
41,1249,-1
1062,1890,-1
1566,2724,-1
874,1064,-1
4310,4044,-1
4788,5112,-1
1349,4068,-1
2039,2331,-1
2270,1820,-1
2039,2648,-1
99,3463,-1
916,2349,-1
2278,1993,-1
697,3504,-1
490,2621,-1
1928,698,-1
78,3045,-1
11,1184,-1
6296,6293,-1
756,3702,-1
1062,5604,-1
2343,2668,-1
2062,2532,-1
2690,4131,-1
3904,4486,-1
2756,3619,-1
4315,5736,-1
1763,3465,-1
5294,1057,-1
4479,4854,-1
4000,3999,-1
6560,933,-1
2166,2711,-1
2461,3046,-1
1341,1288,-1
285,1459,-1
2289,5800,-1
253,933,-1
1062,4350,-1
1530,5092,-1
2062,5588,-1
5143,5983,-1
3106,3904,-1
604,847,-1
4664,4837,-1
2575,3023,-1
1029,698,-1
285,925,-1
2462,2348,-1
2457,1779,-1
6444,3045,-1
525,3054,-1
1686,1920,-1
4223,4749,-1
1919,1993,-1
2431,2648,-1
1736,1540,-1
2343,3054,-1
139,531,-1
3598,5501,-1
3394,4654,-1
2818,4835,-1
3249,3571,-1
662,1434,-1
2895,4314,-1
3390,5586,-1
4226,4350,-1
2761,3514,-1
1763,3475,-1
2463,933,-1
2767,2662,-1
62,774,-1
163,62,-1
983,298,-1
4527,4525,-1
3541,6015,-1
5918,6293,-1
2908,3383,-1
373,4787,-1
6055,6293,-1
3147,4577,-1
904,3472,-1
77,3456,-1
4479,1419,-1
3719,3947,-1
2706,3781,-1
4819,5470,-1
3989,4131,-1
4819,5714,-1
1681,2191,-1
24,275,-1
2164,6626,-1
2164,4447,-1
3140,4422,-1
188,558,-1
1032,3951,-1
719,2511,-1
5669,4282,-1
1917,258,-1
5669,5901,-1
2265,2059,-1
656,1695,-1
2039,3964,-1
1063,1575,-1
4226,6293,-1
5146,5192,-1
674,6293,-1
1927,795,-1
943,1448,-1
4567,2149,-1
1235,926,-1
1062,2864,-1
1519,2223,-1
3097,2712,-1
502,1201,-1
1803,4177,-1
4850,5105,-1
292,851,-1
3208,3205,-1
2289,5907,-1
3235,5047,-1
3914,6518,-1
5073,6014,-1
4788,3926,-1
1248,1006,-1
5144,5687,-1
3800,4724,-1
5586,5652,-1
3306,5027,-1
2752,2648,-1
5073,5846,-1
1973,1793,-1
3307,3563,-1
4973,14,-1
6591,5706,-1
1192,2581,-1
4063,4104,-1
1062,5612,-1
6055,5800,-1
5129,5547,-1
2348,4158,-1
4479,5878,-1
1486,2087,-1
5161,5270,-1
2059,3571,-1
632,1549,-1
1639,2897,-1
2457,3318,-1
3314,5077,-1
1649,1760,-1
5680,6049,-1
2039,3054,-1
6335,6626,-1
5,5911,-1
119,2066,-1
2607,3624,-1
5002,5534,-1
1348,2427,-1
5794,6149,-1
6173,6615,-1
1475,7072,-1
3580,4447,-1
5522,854,-1
4617,5572,-1
4164,4673,-1
4033,5049,-1
913,1459,-1
2172,3045,-1
801,4153,-1
2462,258,-1
45,51,-1
656,270,-1
2706,2815,-1
5131,4634,-1
1220,693,-1
85,2281,-1
80,622,-1
3574,3415,-1
5053,3548,-1
4445,5144,-1
3678,5070,-1
5782,6243,-1
3350,3691,-1
4223,4708,-1
2270,2781,-1
2169,4044,-1
1627,5630,-1
422,988,-1
3580,3633,-1
3109,4852,-1
2123,1267,-1
3406,4186,-1
5489,6014,-1
4605,3548,-1
5176,5738,-1
1062,2587,-1
2039,321,-1
576,3867,-1
311,932,-1
422,4361,-1
2456,1779,-1
1681,5800,-1
656,1709,-1
3580,3595,-1
669,4581,-1
277,1709,-1
1062,3529,-1
855,899,-1
2841,6451,-1
1003,1106,-1
4149,6612,-1
2067,2066,-1
5641,5778,-1
1110,6585,-1
5143,5043,-1
3163,3904,-1
697,3037,-1
3059,2296,-1
4720,4654,-1
5149,6042,-1
1394,4052,-1
1050,1360,-1
5143,1820,-1
167,2532,-1
5317,6827,-1
3534,2548,-1
279,2648,-1
3077,4654,-1
93,623,-1
1850,606,-1
118,3004,-1
776,1709,-1
4917,4854,-1
67,684,-1
6558,933,-1
3672,4677,-1
4937,3904,-1
2204,3815,-1
1256,5043,-1
4552,6057,-1
3314,5561,-1
3598,4089,-1
3146,4450,-1
4430,5946,-1
2617,3575,-1
1416,258,-1
10,140,-1
3156,2908,-1
4910,4777,-1
381,2144,-1
916,4895,-1
5660,5694,-1
3140,4186,-1
2099,3427,-1
105,5712,-1
4376,4454,-1
1166,740,-1
4831,5120,-1
6151,2030,-1
1063,51,-1
4180,2677,-1
93,151,-1
755,1402,-1
2041,2036,-1
2348,2661,-1
5166,5377,-1
67,193,-1
1763,3504,-1
2270,2421,-1
122,1006,-1
3212,6244,-1
1192,3318,-1
1250,3383,-1
237,5105,-1
822,2351,-1
5680,6904,-1
576,3873,-1
2617,778,-1
4116,6293,-1
2062,3046,-1
2456,4286,-1
4819,5630,-1
318,1960,-1
943,963,-1
6300,6578,-1
822,774,-1
1559,2332,-1
2348,3874,-1
1591,1703,-1
641,2405,-1
3811,4477,-1
4180,5744,-1
50,932,-1
5002,6672,-1
1347,1249,-1
5151,5736,-1
1452,1151,-1
4819,6039,-1
4607,4350,-1
3146,4023,-1
81,4233,-1
1060,1155,-1
4606,4709,-1
4261,5128,-1
3627,2315,-1
3059,3581,-1
2246,6537,-1
2224,2273,-1
2617,2732,-1
2039,3056,-1
779,3999,-1
4552,6602,-1
2270,817,-1
2261,2781,-1
2396,3838,-1
1471,1475,-1
6816,6599,-1
5131,6450,-1
38,2426,-1
62,3699,-1
2270,2724,-1
3315,2149,-1
3059,2540,-1
126,3904,-1
600,824,-1
2166,1184,-1
669,6261,-1
6156,4795,-1
4417,7036,-1
2348,3965,-1
2525,2714,-1
943,1403,-1
3450,3658,-1
778,2291,-1
119,2139,-1
4439,938,-1
1024,373,-1
1608,3702,-1
1184,943,-1
414,3229,-1
604,1175,-1
776,1939,-1
1018,1087,-1
5516,3153,-1
2348,5736,-1
5129,4455,-1
3189,3480,-1
3509,3250,-1
2777,2776,-1
2814,7053,-1
2039,1524,-1
2377,2621,-1
2123,62,-1
3440,4854,-1
5123,5134,-1
2040,2485,-1
3701,4226,-1
4430,5361,-1
4617,4148,-1
904,2972,-1
718,988,-1
1371,2587,-1
1420,2711,-1
1629,2360,-1
3313,3907,-1
4479,5593,-1
792,1434,-1
2975,3456,-1
2459,3001,-1
5129,2368,-1
1143,1094,-1
9,533,-1
4801,2315,-1
3287,3571,-1
4374,5057,-1
373,1142,-1
4305,3149,-1
3350,2997,-1
2687,2880,-1
3873,2315,-1
1629,1906,-1
282,262,-1
8,121,-1
1166,1361,-1
126,5658,-1
2037,2269,-1
4629,6503,-1
4919,6412,-1
1424,1541,-1
2334,2568,-1
640,1729,-1
5219,5256,-1
147,140,-1
2370,2670,-1
1062,6065,-1
3394,2661,-1
695,2204,-1
3647,4350,-1
5123,5385,-1
3146,4059,-1
1150,2548,-1
5129,6722,-1
422,1152,-1
4149,3965,-1
2620,710,-1
967,2863,-1
1986,2880,-1
1763,3037,-1
1519,5548,-1
2123,2427,-1
1062,4569,-1
96,1087,-1
1559,2589,-1
1032,3881,-1
6026,3054,-1
70,457,-1
719,270,-1
2132,3237,-1
3106,3154,-1
11,399,-1
5144,6065,-1
2270,3037,-1
3394,4023,-1
6067,6756,-1
4035,4148,-1
3150,3947,-1
2444,3032,-1
3990,4722,-1
546,298,-1
2038,2485,-1
5512,3054,-1
2575,1184,-1
756,62,-1
4617,3598,-1
5568,2315,-1
2348,4479,-1
943,1271,-1
5617,6430,-1
3314,5619,-1
23,2149,-1
4603,4709,-1
3097,3399,-1
4719,4724,-1
3759,6322,-1
2458,187,-1
2166,3519,-1
4676,2677,-1
3360,6263,-1
3972,3644,-1
925,3932,-1
167,262,-1
5141,6787,-1
2681,4504,-1
4606,2087,-1
254,272,-1
719,3990,-1
1420,469,-1
2912,3699,-1
2758,3242,-1
4018,4720,-1
5073,5619,-1
2814,5072,-1
1032,1945,-1
967,2838,-1
3168,3900,-1
3168,5256,-1
2457,3519,-1
6146,6626,-1
1940,2510,-1
912,1350,-1
1420,3778,-1
964,2348,-1
2287,3644,-1
167,51,-1
719,2532,-1
2295,933,-1
1349,822,-1
3306,5144,-1
2078,2948,-1
2741,2795,-1
4617,2677,-1
1256,1208,-1
4084,4082,-1
1063,1993,-1
2463,4881,-1
1032,3315,-1
4361,6396,-1
3147,4730,-1
2673,1106,-1
4552,4835,-1
6055,6151,-1
656,1920,-1
4180,5844,-1
5131,5209,-1
778,2815,-1
1890,1993,-1
3189,4446,-1
4060,4447,-1
3424,4158,-1
502,589,-1
2285,5800,-1
2289,2315,-1
3168,2997,-1
2430,2750,-1
6026,6349,-1
4784,4694,-1
3143,4707,-1
3059,3733,-1
1032,925,-1
14,3644,-1
2038,2405,-1
1062,5179,-1
3441,2149,-1
2204,3349,-1
3701,4720,-1
142,6630,-1
4552,5091,-1
279,2016,-1
1184,1895,-1
1530,1695,-1
2785,2897,-1
831,622,-1
3628,2018,-1
3086,3114,-1
2425,3281,-1
1629,1709,-1
1172,2217,-1
6300,854,-1
1062,3488,-1
5918,6359,-1
3701,4297,-1
2062,1779,-1
3248,3761,-1
2396,5240,-1
640,2555,-1
3649,3235,-1
4033,4044,-1
1478,1932,-1
3919,4801,-1
6776,4634,-1
2995,3480,-1
1351,606,-1
2563,3242,-1
4617,4603,-1
3140,4216,-1
2,275,-1
1080,1094,-1
2617,3722,-1
3106,3624,-1
1375,2891,-1
2348,6557,-1
1250,3658,-1
1008,988,-1
4603,4694,-1
2126,3772,-1
640,51,-1
6790,4048,-1
1763,1541,-1
656,2552,-1
126,4277,-1
422,1054,-1
756,5144,-1
3653,4454,-1
3313,4725,-1
1475,6181,-1
3807,4922,-1
898,2997,-1
5787,3644,-1
3149,2997,-1
4718,3781,-1
713,5606,-1
3002,3193,-1
1681,2511,-1
662,1709,-1
3901,5738,-1
1062,3303,-1
6835,7036,-1
719,4910,-1
410,3644,-1
2394,14,-1
6149,6611,-1
2563,3644,-1
3287,3562,-1
4506,3460,-1
5143,4700,-1
1365,728,-1
640,1311,-1
6146,6502,-1
5143,5293,-1
4180,5270,-1
2204,3031,-1
3330,3781,-1
2841,2204,-1
1450,3252,-1
2607,3497,-1
391,5548,-1
91,457,-1
1143,3702,-1
2164,5011,-1
2396,4984,-1
139,459,-1
5427,5778,-1
2040,2369,-1
3655,6320,-1
1664,2036,-1
1981,1541,-1
4377,4734,-1
1890,1939,-1
5131,6557,-1
546,2315,-1
1475,3054,-1
5492,4857,-1
99,4350,-1
718,698,-1
2348,3491,-1
3799,4020,-1
4430,4603,-1
1143,1690,-1
3307,3900,-1
1250,3238,-1
4164,4577,-1
2062,4831,-1
1244,2997,-1
2464,2863,-1
3534,4268,-1
126,51,-1
1669,2781,-1
118,3195,-1
3332,5554,-1
41,1578,-1
4552,5424,-1
2158,2666,-1
6149,5619,-1
863,3230,-1
3701,4454,-1
5131,6042,-1
778,2997,-1
788,820,-1
85,2405,-1
1062,606,-1
3138,3951,-1
141,210,-1
5534,767,-1
2573,2574,-1
1756,4350,-1
3672,3805,-1
4374,5712,-1
3598,4987,-1
1870,933,-1
1166,1176,-1
6364,6368,-1
5141,6570,-1
5602,6293,-1
2444,4603,-1
1256,3699,-1
1940,2806,-1
197,623,-1
6026,6359,-1
41,51,-1
1303,2283,-1
3140,5612,-1
1056,1155,-1
381,3644,-1
1559,4193,-1
4628,6537,-1
392,24,-1
148,1311,-1
1773,1249,-1
5144,1420,-1
1519,4581,-1
5218,6652,-1
3778,4082,-1
1062,6756,-1
4417,5144,-1
4116,5800,-1
3077,3899,-1
3156,6479,-1
3027,1267,-1
2467,3235,-1
6418,6585,-1
62,1892,-1
2039,1649,-1
2707,5725,-1
13,466,-1
6538,7074,-1
3596,2997,-1
2266,4233,-1
4606,6412,-1
1062,1839,-1
3097,3115,-1
5512,2677,-1
2463,5309,-1
99,3825,-1
719,1207,-1
1314,2204,-1
5,1426,-1
4965,3153,-1
5868,5264,-1
1349,168,-1
3169,896,-1
6940,4477,-1
546,5293,-1
5131,6520,-1
3249,3563,-1
1256,4588,-1
5129,5731,-1
373,1523,-1
1062,1706,-1
6867,5800,-1
4061,4525,-1
2062,3815,-1
2871,3242,-1
96,85,-1
2706,2357,-1
3313,698,-1
3747,3818,-1
3109,4673,-1
4305,2661,-1
4004,4148,-1
4315,4821,-1
99,3917,-1
270,1616,-1
1625,3733,-1
2038,2714,-1
2465,3032,-1
713,3595,-1
5634,5209,-1
3580,3619,-1
2617,4634,-1
1262,880,-1
2897,3193,-1
4522,5128,-1
5769,6612,-1
3059,2223,-1
5918,5967,-1
5127,6157,-1
2681,3230,-1
362,6537,-1
1794,2139,-1
1060,1386,-1
93,673,-1
2348,6570,-1
4601,3096,-1
5399,5377,-1
2471,938,-1
5423,5422,-1
2818,938,-1
1192,3786,-1
3739,1542,-1
697,3172,-1
4116,3799,-1
1763,258,-1
106,2219,-1
3653,4018,-1
6812,7010,-1
5131,5846,-1
2620,2425,-1
1721,4672,-1
2578,1541,-1
2476,3032,-1
1256,1923,-1
778,5857,-1
3143,2548,-1
1374,1050,-1
293,988,-1
3077,4712,-1
2617,3563,-1
306,4068,-1
3145,3960,-1
788,2460,-1
697,3699,-1
4444,1820,-1
1319,1616,-1
2464,2781,-1
2733,5892,-1
1192,3172,-1
3425,2348,-1
2343,5547,-1
2209,2683,-1
4479,4477,-1
943,952,-1
4952,5725,-1
3097,3932,-1
4374,4932,-1
755,2401,-1
1763,2668,-1
99,3575,-1
3222,3285,-1
3598,5511,-1
719,2126,-1
3261,5620,-1
656,1501,-1
3248,3847,-1
3927,2149,-1
2890,3948,-1
2123,1605,-1
6293,5769,-1
656,5870,-1
67,435,-1
4598,5156,-1
4226,6244,-1
62,2191,-1
41,2532,-1
656,2661,-1
3261,5267,-1
1844,3644,-1
2396,4062,-1
3147,2164,-1
1040,3703,-1
490,2607,-1
788,774,-1
4952,6520,-1
126,4068,-1
26,121,-1
1248,740,-1
6154,7074,-1
2030,6911,-1
3335,3153,-1
3165,2533,-1
776,2036,-1
1424,2016,-1
13,338,-1
1002,6889,-1
898,1087,-1
3287,3469,-1
3212,3504,-1
5053,5738,-1
4606,6585,-1
719,1816,-1
6467,6726,-1
1894,5738,-1
5143,5554,-1
2761,2219,-1
1303,1360,-1
576,854,-1
982,5293,-1
3580,3602,-1
2431,3428,-1
5462,14,-1
3249,2291,-1
2707,4633,-1
105,1972,-1
3654,4044,-1
3314,4984,-1
1591,2191,-1
6638,4581,-1
5,869,-1
4180,5800,-1
2039,3034,-1
1349,1729,-1
3986,6585,-1
391,3040,-1
119,2425,-1
755,693,-1
713,5613,-1
4566,5117,-1
2425,3589,-1
190,168,-1
2343,2191,-1
1924,925,-1
4226,5778,-1
1420,2435,-1
2680,2781,-1
3145,4297,-1
3286,2666,-1
3155,5027,-1
1062,5138,-1
2908,3155,-1
2463,1006,-1
5141,5199,-1
2159,2838,-1
23,1006,-1
4068,4905,-1
2166,698,-1
1063,457,-1
870,373,-1
697,2827,-1
5980,5978,-1
1184,1900,-1
6349,6833,-1
1756,4867,-1
1298,3229,-1
307,168,-1
1763,2420,-1
3627,3733,-1
788,2405,-1
3598,5144,-1
1062,2548,-1
3464,3630,-1
2039,1315,-1
2814,1006,-1
5002,6616,-1
4283,5800,-1
3146,4109,-1
1035,2139,-1
3672,3951,-1
5129,6190,-1
3513,5104,-1
77,1343,-1
755,1616,-1
3145,4271,-1
4910,6085,-1
4865,4974,-1
6043,7072,-1
983,5479,-1
3207,4707,-1
2457,2204,-1
3914,6888,-1
1800,2149,-1
6146,6396,-1
132,275,-1
4831,5535,-1
277,1789,-1
656,3581,-1
157,5778,-1
6335,4048,-1
23,2750,-1
2764,2575,-1
1135,1793,-1
4919,5907,-1
4609,4852,-1
3077,2348,-1
1062,2540,-1
4305,4504,-1
3387,1038,-1
2706,3387,-1
6293,6180,-1
3794,4157,-1
4617,4989,-1
5176,5228,-1
3811,2296,-1
669,6632,-1
1063,1354,-1
766,2662,-1
4561,6650,-1
751,673,-1
6575,6293,-1
1629,1723,-1
904,6998,-1
656,2096,-1
1060,606,-1
3255,5978,-1
229,275,-1
2617,2649,-1
4188,2661,-1
1062,2381,-1
2458,2575,-1
719,2018,-1
5143,5289,-1
2465,3193,-1
2396,2209,-1
1375,1151,-1
2039,3939,-1
4596,6085,-1
755,1549,-1
3307,3097,-1
3681,62,-1
1951,4068,-1
1969,1976,-1
5176,2315,-1
4188,3009,-1
4543,7005,-1
5786,5736,-1
4926,4350,-1
2471,2864,-1
3018,2750,-1
4743,2149,-1
4552,4927,-1
576,1207,-1
1063,3415,-1
862,2581,-1
1394,4687,-1
2285,3153,-1
2459,3349,-1
2761,2666,-1
3189,3685,-1
4606,4722,-1
2123,3073,-1
3598,5240,-1
2890,3690,-1
5129,6888,-1
1530,2301,-1
292,622,-1
2427,3772,-1
5451,3644,-1
3155,4159,-1
862,1086,-1
3990,3644,-1
4033,4974,-1
3151,4016,-1
5147,6430,-1
1664,2648,-1
943,1064,-1
1032,3054,-1
756,2838,-1
1486,2838,-1
719,1643,-1
2761,4450,-1
1166,880,-1
2078,2909,-1
3956,3598,-1
5149,6412,-1
1940,2087,-1
2079,62,-1
318,4304,-1
422,5138,-1
2343,1605,-1
2037,2414,-1
62,14,-1
4361,6544,-1
3477,1779,-1
719,4687,-1
3465,3023,-1
1787,2666,-1
2628,4780,-1
1627,4725,-1
3707,3703,-1
1940,2219,-1
943,1042,-1
5127,5915,-1
3441,4177,-1
80,140,-1
2062,2724,-1
3303,2223,-1
6412,6411,-1
2767,2209,-1
3701,4157,-1
3655,2141,-1
3156,1822,-1
425,463,-1
5215,14,-1
1891,1524,-1
67,399,-1
3582,2315,-1
1303,1461,-1
822,1354,-1
2463,4186,-1
3059,4525,-1
1062,1540,-1
1319,1475,-1
2343,3340,-1
3261,933,-1
902,2516,-1
5149,3045,-1
1420,3402,-1
78,4984,-1
1421,1460,-1
4433,14,-1
1063,1461,-1
2463,2178,-1
546,1578,-1
1106,1842,-1
3651,5264,-1
4377,4588,-1
1365,1184,-1
1184,2648,-1
2652,2827,-1
1998,4672,-1
3314,5363,-1
3719,3892,-1
6179,6293,-1
1032,3733,-1
3097,3440,-1
99,5282,-1
3622,2223,-1
2039,3907,-1
2761,3670,-1
3681,5658,-1
214,399,-1
4479,3904,-1
4618,4881,-1
2025,4807,-1
1348,2533,-1
1591,3685,-1
2707,4455,-1
7,589,-1
254,1575,-1
2062,5946,-1
3314,5932,-1
3170,3503,-1
1675,1661,-1
4038,5144,-1
2038,2781,-1
289,1207,-1
6407,4654,-1
4603,5092,-1
1475,6146,-1
2459,3904,-1
3151,1892,-1
2707,4349,-1
1062,4687,-1
3669,4062,-1
576,2381,-1
24,926,-1
3704,3703,-1
656,2750,-1
2463,4989,-1
768,3703,-1
3151,1756,-1
118,2548,-1
1416,3838,-1
2833,3399,-1
1062,383,-1
2707,3626,-1
10,1616,-1
10,86,-1
1348,5555,-1
4479,4603,-1
1394,1456,-1
3146,4687,-1
1205,1460,-1
10,2273,-1
2461,2191,-1
2164,6232,-1
656,2662,-1
4182,854,-1
2461,4447,-1
1928,3787,-1
6180,6261,-1
3143,3699,-1
3170,2460,-1
14,338,-1
2099,3702,-1
24,399,-1
3716,4603,-1
2204,1460,-1
4310,4694,-1
2463,2958,-1
719,4297,-1
2331,2891,-1
1627,3080,-1
579,373,-1
778,3073,-1
5769,1820,-1
546,2880,-1
3146,4411,-1
1002,6652,-1
3513,4854,-1
697,6499,-1
3059,2059,-1
3901,5784,-1
2237,3644,-1
1370,258,-1
5292,5548,-1
6055,3729,-1
1143,1643,-1
656,1791,-1
2222,5613,-1
2638,2191,-1
2169,4350,-1
2463,3699,-1
5127,6520,-1
5794,4854,-1
106,104,-1
4613,3729,-1
692,4720,-1
3441,3571,-1
5129,5653,-1
843,3702,-1
2603,2997,-1
44,247,-1
788,2587,-1
1062,2091,-1
2132,3031,-1
743,2460,-1
4479,5363,-1
1062,4989,-1
2039,3866,-1
3360,4681,-1
4664,3153,-1
422,5604,-1
2657,3480,-1
3109,3733,-1
3147,5112,-1
1062,2349,-1
1824,2819,-1
1238,2838,-1
41,1729,-1
6447,3045,-1
1348,1267,-1
4430,6039,-1
4617,3990,-1
3077,3874,-1
1629,2201,-1
1394,3733,-1
904,7036,-1
318,2209,-1
6151,5907,-1
1192,3428,-1
822,2510,-1
967,3222,-1
2841,854,-1
5783,6607,-1
1351,1661,-1
3150,1800,-1
766,2668,-1
99,6181,-1
2270,4867,-1
644,441,-1
3678,5179,-1
743,3769,-1
3097,3567,-1
1166,1360,-1
6551,933,-1
4374,4990,-1
3077,3786,-1
2119,2864,-1
4694,4713,-1
41,85,-1
5786,4654,-1
1035,1311,-1
1394,2511,-1
656,1184,-1
6638,4634,-1
5794,6160,-1
1535,2315,-1
5672,6261,-1
713,2048,-1
1594,4654,-1
105,2066,-1
4788,4828,-1
5259,5309,-1
4098,6756,-1
19,371,-1
1655,4932,-1
1450,2066,-1
1306,3461,-1
2204,2552,-1
1940,2123,-1
1127,1360,-1
1166,1207,-1
2348,3463,-1
4555,5027,-1
3287,2838,-1
5145,5770,-1
392,97,-1
5794,5948,-1
6173,6578,-1
3248,3157,-1
943,1611,-1
3307,3589,-1
5144,4603,-1
3314,4350,-1
5131,5619,-1
3598,3315,-1
1625,2683,-1
57,623,-1
2818,4561,-1
5218,6726,-1
99,5604,-1
4091,3598,-1
76,51,-1
2738,2223,-1
3651,3154,-1
1447,2625,-1
719,51,-1
1774,4672,-1
2705,3543,-1
3249,2348,-1
3155,4822,-1
3151,4159,-1
4677,2149,-1
892,2002,-1
794,168,-1
70,262,-1
41,660,-1
1519,2018,-1
3056,933,-1
6179,933,-1
1446,1541,-1
6206,5547,-1
3095,3236,-1
99,5141,-1
422,5295,-1
3545,4892,-1
237,2908,-1
6151,7112,-1
5918,2810,-1
4598,7044,-1
2458,2209,-1
2039,2997,-1
3701,2815,-1
5811,4672,-1
1272,2750,-1
6151,6951,-1
3179,2864,-1
2464,3219,-1
632,3939,-1
3885,4304,-1
3955,5889,-1
5634,5932,-1
1649,2555,-1
2170,3781,-1
78,3195,-1
782,824,-1
1035,1038,-1
289,710,-1
3466,3769,-1
3155,1892,-1
7,247,-1
4676,5057,-1
3253,3769,-1
1063,1540,-1
1420,2827,-1
5404,5422,-1
5680,5293,-1
4607,4990,-1
3106,4486,-1
3225,383,-1
2366,3781,-1
2461,1249,-1
1143,1541,-1
5794,6181,-1
2617,2838,-1
5144,1972,-1
5634,5547,-1
5185,6508,-1
1949,2668,-1
5539,6787,-1
778,774,-1
1420,6261,-1
5002,5619,-1
1394,3999,-1
3598,5177,-1
4077,4350,-1
178,988,-1
4676,5088,-1
3594,3892,-1
546,2908,-1
5129,6479,-1
2090,3491,-1
2463,3037,-1
4613,4350,-1
3314,5177,-1
3991,4301,-1
76,2666,-1
5131,5918,-1
2209,2649,-1
2428,2755,-1
1763,2291,-1
778,4878,-1
875,2360,-1
4618,4720,-1
50,988,-1
2703,3685,-1
3303,62,-1
1266,51,-1
5769,6670,-1
2617,2381,-1
5539,6244,-1
3247,3341,-1
4147,4446,-1
1256,4822,-1
5129,6612,-1
2343,6612,-1
1365,1993,-1
1348,2838,-1
5597,5712,-1
5512,5652,-1
4410,4454,-1
1763,3175,-1
640,636,-1
3681,4713,-1
4552,6053,-1
5916,6599,-1
967,4131,-1
2680,4702,-1
6235,7005,-1
3335,1820,-1
4430,5333,-1
3434,938,-1
578,1207,-1
1062,2283,-1
2039,1420,-1
2425,3703,-1
2072,533,-1
3138,3155,-1
967,3195,-1
2763,2917,-1
6156,6756,-1
4116,4895,-1
1348,3255,-1
3151,4895,-1
3653,4016,-1
1763,173,-1
5439,14,-1
3360,4702,-1
2166,2955,-1
1256,4068,-1
1417,2574,-1
3286,4494,-1
4188,2126,-1
3287,3519,-1
1763,2421,-1
1938,3566,-1
3106,2581,-1
546,1729,-1
98,1106,-1
3441,2864,-1
781,2183,-1
85,262,-1
2328,2851,-1
1319,2049,-1
2039,3316,-1
4566,5490,-1
62,698,-1
954,3702,-1
3336,5144,-1
4575,1267,-1
2975,1779,-1
2761,4159,-1
1143,1795,-1
5146,6537,-1
1127,693,-1
5176,4361,-1
1062,1822,-1
5053,5620,-1
4850,2315,-1
4899,3598,-1
78,3670,-1
2467,4912,-1
5794,4835,-1
2037,677,-1
10,2096,-1
279,610,-1
62,254,-1
4400,6599,-1
3387,3640,-1
3140,5572,-1
1062,3685,-1
697,1006,-1
5126,5604,-1
3737,4023,-1
2348,4271,-1
4468,5270,-1
2620,3630,-1
279,562,-1
6632,6888,-1
2706,1541,-1
4632,5267,-1
1559,3932,-1
1629,3551,-1
2099,3250,-1
77,2516,-1
3669,4709,-1
373,1816,-1
4226,6151,-1
1763,673,-1
640,1575,-1
3598,5185,-1
1256,2750,-1
2707,3874,-1
1266,1051,-1
197,2281,-1
2630,2711,-1
2330,270,-1
846,2281,-1
1972,2191,-1
3733,3815,-1
106,787,-1
3799,4177,-1
669,6060,-1
2348,3415,-1
2348,6568,-1
1220,1542,-1
4374,5846,-1
3594,4787,-1
5131,6646,-1
167,600,-1
1014,1887,-1
5597,5800,-1
5127,5800,-1
624,1059,-1
1098,1882,-1
4601,62,-1
2824,2851,-1
3622,2648,-1
951,4052,-1
373,1923,-1
6164,3460,-1
1371,1956,-1
3059,4654,-1
3809,3598,-1
6981,7090,-1
2607,3562,-1
7092,7090,-1
3716,2315,-1
1237,3598,-1
1062,6173,-1
4522,5053,-1
3350,3555,-1
1348,5586,-1
2428,2815,-1
1787,3519,-1
3997,4713,-1
3002,3762,-1
302,85,-1
951,215,-1
2680,2983,-1
2348,3702,-1
4479,4734,-1
3,51,-1
3598,6276,-1
1555,4989,-1
6333,6065,-1
1800,4854,-1
4606,1711,-1
3084,2204,-1
2617,4427,-1
3919,4882,-1
5149,6362,-1
3739,3904,-1
1348,51,-1
1248,3281,-1
3465,3733,-1
2466,1184,-1
1627,1626,-1
3901,4787,-1
2261,2209,-1
1306,3907,-1
6293,5289,-1
138,698,-1
3148,1822,-1
877,2066,-1
2465,2750,-1
4663,3153,-1
3272,5138,-1
4180,5740,-1
217,820,-1
2246,1820,-1
827,1249,-1
4180,5588,-1
5127,6244,-1
1375,457,-1
1535,1419,-1
4135,4158,-1
3390,6085,-1
656,1207,-1
2337,2149,-1
656,1319,-1
99,3815,-1
4149,5586,-1
1314,880,-1
392,262,-1
2463,5144,-1
414,4233,-1
2617,3874,-1
2548,3460,-1
2038,2440,-1
4479,4910,-1
2548,3250,-1
5132,6611,-1
1062,2819,-1
2506,3032,-1
2456,3571,-1
1192,3383,-1
1375,1709,-1
1471,2149,-1
1475,4777,-1
77,2555,-1
3678,1542,-1
5512,4048,-1
2123,4304,-1
3336,3781,-1
943,941,-1
2204,3338,-1
4410,3874,-1
1266,2864,-1
2062,2621,-1
5476,5588,-1
1416,4233,-1
2646,270,-1
955,2625,-1
1608,1822,-1
4098,2149,-1
5107,5309,-1
3059,3658,-1
118,3456,-1
78,896,-1
6034,6557,-1
4892,5386,-1
1763,2815,-1
4603,4878,-1
943,1106,-1
3170,2581,-1
4479,4681,-1
1581,5586,-1
4854,3153,-1
4479,4912,-1
4479,4713,-1
4965,4064,-1
6173,6643,-1
3765,14,-1
1629,2395,-1
3970,5479,-1
6067,6833,-1
191,168,-1
2222,2209,-1
1924,258,-1
4180,4165,-1
766,3453,-1
3153,5251,-1
924,1176,-1
1062,767,-1
4965,4672,-1
1844,698,-1
825,824,-1
247,275,-1
632,3598,-1
1471,2049,-1
669,6617,-1
9,213,-1
4850,6056,-1
5129,4429,-1
13,298,-1
2039,3331,-1
2343,1420,-1
3464,2897,-1
5376,6349,-1
6026,6173,-1
3986,6565,-1
2039,2296,-1
2563,6578,-1
4831,4350,-1
827,1695,-1
1658,1184,-1
6151,4048,-1
3248,3702,-1
2164,4581,-1
2063,3158,-1
2617,3238,-1
590,673,-1
1347,270,-1
1478,606,-1
1673,2838,-1
3151,4089,-1
287,1759,-1
3610,1892,-1
902,1050,-1
6176,3054,-1
5918,6502,-1
2758,2776,-1
1110,5422,-1
3147,5825,-1
719,4420,-1
6249,6599,-1
4058,4350,-1
2680,3453,-1
4866,4446,-1
77,1703,-1
5131,6675,-1
3534,4186,-1
1629,1643,-1
1896,2049,-1
3681,5470,-1
644,2648,-1
5127,4634,-1
118,896,-1
1475,4048,-1
2016,1256,-1
4310,4711,-1
5105,6088,-1
3465,3383,-1
3784,3965,-1
41,2511,-1
340,2283,-1
656,903,-1
279,1779,-1
6156,6412,-1
2761,4493,-1
3145,1038,-1
2328,3951,-1
4596,6585,-1
2457,3281,-1
4784,5612,-1
3598,4867,-1
2209,2805,-1
656,2283,-1
669,5072,-1
389,51,-1
1917,2384,-1
2956,2141,-1
2463,3854,-1
7,550,-1
4164,4634,-1
2818,4867,-1
943,1276,-1
640,2066,-1
4617,4807,-1
2100,2352,-1
41,684,-1
3095,4104,-1
951,4854,-1
5129,5548,-1
1018,606,-1
910,2178,-1
3647,5091,-1
112,168,-1
3594,2348,-1
3303,2997,-1
5545,4282,-1
1608,3644,-1
5793,5800,-1
4613,6389,-1
45,62,-1
4508,4636,-1
2396,5540,-1
2377,2795,-1
3853,2223,-1
5539,767,-1
3314,5400,-1
2463,3080,-1
642,1159,-1
3596,3881,-1
99,6537,-1
6146,6612,-1
3330,1267,-1
2463,2878,-1
3705,2149,-1
5292,6026,-1
1348,2059,-1
1608,4023,-1
656,4477,-1
5918,6953,-1
3534,3849,-1
41,1795,-1
5002,6244,-1
373,3045,-1
2425,2209,-1
4192,4157,-1
3077,3851,-1
546,373,-1
904,383,-1
2767,3595,-1
5685,4720,-1
1088,5736,-1
4823,6602,-1
3464,3691,-1
279,533,-1
6067,6537,-1
604,2049,-1
2090,3469,-1
2348,4949,-1
1184,1759,-1
5129,5619,-1
1062,1094,-1
3914,7070,-1
4149,5616,-1
5129,5593,-1
6878,6884,-1
6024,5889,-1
4617,4831,-1
1447,2511,-1
41,62,-1
3082,3205,-1
4906,5946,-1
5143,6181,-1
2287,3415,-1
3173,3596,-1
3655,3874,-1
5129,5652,-1
4164,4018,-1
2343,3318,-1
3152,3598,-1
2062,3644,-1
3598,5901,-1
7,399,-1
3314,5027,-1
77,3529,-1
743,3510,-1
2078,2217,-1
2121,2087,-1
3466,3691,-1
3643,3383,-1
1917,2485,-1
96,275,-1
6034,933,-1
967,3644,-1
826,2066,-1
2172,1184,-1
22,824,-1
5684,5293,-1
528,4121,-1
76,6026,-1
7,740,-1
1415,6169,-1
4110,1800,-1
3151,4308,-1
4604,5053,-1
669,5857,-1
6026,6565,-1
3125,2864,-1
2053,2018,-1
47,3949,-1
3151,4018,-1
5206,5616,-1
2270,6585,-1
951,1605,-1
2657,5264,-1
99,5077,-1
1063,1207,-1
3350,2223,-1
951,3488,-1
335,589,-1
4552,6088,-1
2557,5309,-1
3387,4023,-1
1032,4990,-1
755,1542,-1
6055,6740,-1
1562,2348,-1
4479,4787,-1
2343,3787,-1
2467,5374,-1
5539,5712,-1
2431,3951,-1
2,684,-1
3669,4177,-1
2444,2880,-1
776,2273,-1
129,2548,-1
2997,3804,-1
5617,5588,-1
951,14,-1
2373,3639,-1
1940,383,-1
3390,2191,-1
2733,5972,-1
2246,6833,-1
4819,5606,-1
3148,4233,-1
3350,2291,-1
5218,6056,-1
967,168,-1
546,1816,-1
3464,5907,-1
6146,6405,-1
2908,3630,-1
701,2018,-1
5249,817,-1
3807,4187,-1
2444,2864,-1
2585,3907,-1
1363,2414,-1
1828,5863,-1
5002,6643,-1
4603,4990,-1
904,2781,-1
1951,2838,-1
1669,3711,-1
2761,4745,-1
3147,4297,-1
639,154,-1
2480,1524,-1
2348,4159,-1
5129,5889,-1
335,3598,-1
1002,6263,-1
3272,3807,-1
1032,3921,-1
2123,3685,-1
112,757,-1
1870,4878,-1
1032,3838,-1
111,1822,-1
3972,3999,-1
5769,6206,-1
624,1695,-1
896,1524,-1
2164,4831,-1
69,684,-1
3466,3762,-1
3151,4086,-1
3059,4837,-1
1349,1444,-1
4353,4350,-1
3701,4603,-1
126,1820,-1
1681,2018,-1
1348,6537,-1
5794,5825,-1
3747,4089,-1
3208,1605,-1
1558,51,-1
11,62,-1
6171,6452,-1
6176,854,-1
118,3242,-1
2620,2980,-1
4374,5490,-1
5127,6197,-1
4926,4930,-1
1205,1434,-1
1570,2201,-1
1415,3626,-1
57,610,-1
5143,4472,-1
1319,2066,-1
287,1956,-1
2270,4827,-1
626,1703,-1
1559,1993,-1
2348,3383,-1
3811,2048,-1
656,2649,-1
5127,7036,-1
6026,4788,-1
640,1459,-1
2506,3428,-1
1530,5738,-1
1002,1201,-1
373,4854,-1
4522,4148,-1
3627,5470,-1
428,3685,-1
43,168,-1
3056,3045,-1
2396,4269,-1
5375,6359,-1
3168,3733,-1
420,193,-1
5176,4867,-1
1056,1051,-1
4188,4109,-1
2172,2587,-1
1485,2838,-1
4606,4852,-1
1062,971,-1
1110,2405,-1
2548,3281,-1
1943,14,-1
4720,4677,-1
2767,2191,-1
2763,1038,-1
1555,2191,-1
312,896,-1
2607,4304,-1
6146,6232,-1
6035,4854,-1
1002,3054,-1
96,463,-1
576,1676,-1
3387,3503,-1
2348,2548,-1
4603,3904,-1
640,1822,-1
640,1354,-1
2177,3598,-1
285,2016,-1
4965,4654,-1
5141,6650,-1
279,3685,-1
1062,3702,-1
5309,5422,-1
2396,3550,-1
333,2532,-1
5113,4831,-1
5129,6356,-1
1601,1094,-1
2444,2781,-1
656,1575,-1
2382,1184,-1
279,673,-1
4613,5978,-1
5207,4868,-1
6173,6774,-1
76,5240,-1
5129,5736,-1
490,1882,-1
3151,3596,-1
2282,2485,-1
3151,1054,-1
2342,3298,-1
2315,1972,-1
2158,3219,-1
4041,698,-1
1374,2909,-1
2059,2215,-1
2425,3247,-1
4539,3781,-1
5539,5548,-1
902,1155,-1
624,1151,-1
3580,3149,-1
4603,4787,-1
2343,6615,-1
2463,3032,-1
1927,693,-1
6295,6042,-1
2761,5662,-1
870,2015,-1
696,2360,-1
1256,2348,-1
2572,3630,-1
2164,767,-1
373,14,-1
2585,1822,-1
698,894,-1
2738,5089,-1
2996,5027,-1
4374,4277,-1
3735,938,-1
2342,2435,-1
1256,270,-1
1639,3073,-1
2343,2204,-1
3800,4729,-1
1681,1201,-1
3655,4086,-1
1349,3045,-1
2867,710,-1
3541,4867,-1
2469,5144,-1
2407,2405,-1
2607,3175,-1
4430,5374,-1
14,4168,-1
1844,3149,-1
2039,1244,-1
2323,3504,-1
2057,2066,-1
4899,3781,-1
5103,5800,-1
4618,4734,-1
4226,5942,-1
3719,3733,-1
3390,4634,-1
2610,168,-1
2680,383,-1
1250,2348,-1
3441,3787,-1
3287,2917,-1
2062,4296,-1
951,3153,-1
788,740,-1
6164,5800,-1
3154,4634,-1
1940,2369,-1
5720,4282,-1
2348,4905,-1
2343,3733,-1
3059,3464,-1
1349,2281,-1
1625,2448,-1
4773,7070,-1
11,262,-1
4180,5661,-1
604,2030,-1
2666,3298,-1
126,210,-1
2431,4479,-1
99,5800,-1
3314,5967,-1
6146,6143,-1
892,2922,-1
422,7072,-1
719,2122,-1
5058,5479,-1
23,4420,-1
4606,4868,-1
4756,3781,-1
5997,3823,-1
4654,1542,-1
1258,2183,-1
2425,3426,-1
3598,3581,-1
2062,710,-1
3701,6067,-1
251,2548,-1
2680,258,-1
3059,4177,-1
1608,5144,-1
2553,2552,-1
669,6096,-1
2476,2149,-1
624,1403,-1
5811,3054,-1
2465,1605,-1
234,550,-1
1062,4654,-1
2444,2348,-1
4437,6607,-1
2818,4664,-1
3594,3899,-1
801,3238,-1
1035,2589,-1
3287,3699,-1
2767,3762,-1
588,2589,-1
4483,2540,-1
4479,4687,-1
3464,3690,-1
5146,5156,-1
3610,14,-1
3306,4064,-1
828,6065,-1
2761,4270,-1
2459,5616,-1
3148,3710,-1
2761,4427,-1
130,355,-1
2867,3340,-1
4267,4314,-1
632,2281,-1
2457,1330,-1
4305,2149,-1
1256,1810,-1
3534,4297,-1
4824,6585,-1
6306,6503,-1
4601,2191,-1
2607,3640,-1
2767,3999,-1
3446,4089,-1
2638,3153,-1
5145,4867,-1
943,1318,-1
119,2160,-1
3216,3229,-1
898,262,-1
5783,6245,-1
2270,3242,-1
3151,4837,-1
6059,5138,-1
1519,2997,-1
5633,6552,-1
3039,4131,-1
4784,5706,-1
3269,2149,-1
3153,5270,-1
2767,3781,-1
3681,2178,-1
778,6026,-1
205,1048,-1
1319,1643,-1
2463,4709,-1
1032,1106,-1
63,262,-1
1063,2183,-1
4978,4720,-1
5932,6462,-1
3655,6632,-1
78,5604,-1
6390,6412,-1
1969,2269,-1
4427,6233,-1
902,1184,-1
1629,3589,-1
1256,1288,-1
3465,3924,-1
1062,5497,-1
4596,4672,-1
4116,4798,-1
3545,6026,-1
604,270,-1
1002,5619,-1
6173,5077,-1
2079,5264,-1
5002,6320,-1
5176,2087,-1
2164,5706,-1
1062,3175,-1
3173,1791,-1
5076,6585,-1
4479,2348,-1
2038,2160,-1
495,636,-1
2062,1634,-1
1629,2621,-1
422,5535,-1
4998,5027,-1
662,1106,-1
5002,5179,-1
3145,3899,-1
2081,2661,-1
157,168,-1
5129,6497,-1
2431,2426,-1
197,2499,-1
5512,4654,-1
1649,1793,-1
2330,2838,-1
4606,3699,-1
373,2223,-1
6149,6143,-1
373,2296,-1
2707,5540,-1
1062,2357,-1
3580,3691,-1
1763,2096,-1
2620,1106,-1
669,5944,-1
4479,4673,-1
2301,5295,-1
2617,3555,-1
118,3247,-1
23,5179,-1
4552,7116,-1
23,1578,-1
6634,6833,-1
351,757,-1
93,3781,-1
3574,3818,-1
2617,62,-1
2525,2683,-1
5672,5778,-1
6021,6537,-1
4603,817,-1
2040,2036,-1
2100,2838,-1
2617,2062,-1
3681,3149,-1
1478,270,-1
490,2587,-1
5794,3965,-1
1062,5104,-1
3883,896,-1
1370,4350,-1
964,2532,-1
3807,4923,-1
3883,1267,-1
1095,2511,-1
2343,2729,-1
1245,2149,-1
3189,2864,-1
3587,3045,-1
6412,5616,-1
1672,2499,-1
3781,5548,-1
3598,4086,-1
1040,6756,-1
1143,693,-1
2062,3013,-1
2463,4694,-1
755,2351,-1
4952,4867,-1
312,373,-1
2617,3624,-1
2328,4350,-1
713,4277,-1
4038,6038,-1
927,963,-1
1940,2781,-1
822,874,-1
6244,6343,-1
3580,3807,-1
2764,698,-1
5274,6537,-1
4587,4712,-1
1669,5652,-1
1416,1695,-1
126,1795,-1
1763,2648,-1
718,1288,-1
2169,1054,-1
2126,2144,-1
4522,6756,-1
719,3235,-1
3208,3426,-1
93,4871,-1
1420,3875,-1
2738,2997,-1
1519,1703,-1
943,1278,-1
14,4157,-1
855,1152,-1
2062,2574,-1
1372,3781,-1
3545,5380,-1
2172,4193,-1
41,3664,-1
5783,6439,-1
904,5907,-1
2343,3691,-1
3059,4023,-1
2431,2581,-1
2617,4477,-1
4078,86,-1
755,2144,-1
1032,5268,-1
3145,4016,-1
6200,3045,-1
2463,4454,-1
917,943,-1
3580,4018,-1
254,1459,-1
1371,14,-1
1211,262,-1
1056,943,-1
943,1249,-1
292,847,-1
5002,6399,-1
4850,3854,-1
2463,1779,-1
4664,933,-1
943,1051,-1
4617,5047,-1
2425,3799,-1
951,5871,-1
5354,6585,-1
5367,5967,-1
3598,6098,-1
154,847,-1
3332,6833,-1
943,207,-1
1032,5305,-1
5786,5978,-1
5219,5240,-1
2159,1330,-1
4374,4839,-1
3678,3149,-1
3745,3598,-1
1023,2002,-1
3173,3571,-1
2463,4157,-1
1063,2018,-1
5249,4607,-1
1031,5736,-1
2617,3415,-1
2571,3115,-1
1062,5043,-1
294,4519,-1
3464,4297,-1
4601,4177,-1
2373,2149,-1
5002,5559,-1
719,2301,-1
99,2427,-1
2824,2958,-1
5,6243,-1
5769,6833,-1
77,2533,-1
2039,2958,-1
822,1272,-1
2707,4271,-1
3147,5327,-1
381,545,-1
4897,4720,-1
1649,1616,-1
3137,2315,-1
4957,2191,-1
5786,6412,-1
3305,3907,-1
2062,3461,-1
3649,2149,-1
3348,3497,-1
5571,5800,-1
302,262,-1
369,1881,-1
77,1499,-1
325,210,-1
6154,6143,-1
3,550,-1
1969,2015,-1
2039,3861,-1
5151,6244,-1
669,5738,-1
1032,4479,-1
1314,4233,-1
2457,3172,-1
560,693,-1
788,4787,-1
693,509,-1
1721,1578,-1
5734,6311,-1
3425,2018,-1
2343,3563,-1
6369,6430,-1
1062,62,-1
5617,5800,-1
5512,5870,-1
4192,3781,-1
1418,2384,-1
5709,5944,-1
2420,2485,-1
5129,4282,-1
5720,6585,-1
3595,2315,-1
3701,2912,-1
1062,4064,-1
6091,6139,-1
4597,4677,-1
1080,1695,-1
3146,4297,-1
912,2149,-1
138,816,-1
3147,2540,-1
2630,2625,-1
2132,3126,-1
4606,4725,-1
1062,2711,-1
695,4782,-1
1949,2535,-1
4445,2191,-1
1394,3464,-1
1530,6537,-1
756,3463,-1
1559,4603,-1
943,285,-1
2457,2581,-1
1239,2204,-1
3248,5091,-1
751,903,-1
294,824,-1
2357,4634,-1
2761,2989,-1
1032,3543,-1
916,2352,-1
1562,710,-1
1475,3729,-1
6741,6907,-1
4035,4654,-1
94,86,-1
1394,3595,-1
4952,5844,-1
656,4828,-1
99,5267,-1
5539,5661,-1
801,3951,-1
2575,2781,-1
3151,3228,-1
1394,1501,-1
2348,6088,-1
1608,2296,-1
3739,2273,-1
4374,5264,-1
1089,2909,-1
111,1634,-1
1763,2868,-1
4149,4138,-1
1664,2002,-1
119,1676,-1
3739,4720,-1
6055,1420,-1
2613,168,-1
2164,5640,-1
1110,817,-1
888,1426,-1
2620,1315,-1
4430,4044,-1
4981,3904,-1
2628,4922,-1
5286,5240,-1
422,4138,-1
3441,4871,-1
1844,6537,-1
697,2917,-1
107,858,-1
1062,3032,-1
1668,3589,-1
896,1087,-1
2377,2438,-1
301,2015,-1
4849,4854,-1
5539,5978,-1
129,121,-1
1032,3932,-1
1924,2414,-1
1062,1974,-1
1940,5546,-1
4587,4674,-1
576,2997,-1
3168,1054,-1
713,1064,-1
4601,3699,-1
4256,2126,-1
2617,2729,-1
6443,3045,-1
4262,2149,-1
2456,3349,-1
5145,2087,-1
2090,3428,-1
3598,4265,-1
4033,4454,-1
5127,7117,-1
3249,3059,-1
1062,1810,-1
3800,4634,-1
2431,3781,-1
713,2315,-1
2377,2395,-1
132,926,-1
5286,6756,-1
1734,2015,-1
2425,1779,-1
1478,1709,-1
3800,4148,-1
696,2283,-1
4479,1267,-1
3314,4677,-1
1205,2666,-1
2169,1524,-1
3059,5144,-1
6462,7044,-1
3672,4068,-1
5317,5889,-1
4173,3644,-1
3701,4216,-1
1032,3816,-1
4164,3781,-1
5794,5228,-1
2995,4974,-1
212,51,-1
5292,3644,-1
3598,4706,-1
6150,6544,-1
5043,5072,-1
4038,4350,-1
4959,4044,-1
2039,3818,-1
451,7,-1
645,823,-1
1940,3032,-1
2761,469,-1
422,5658,-1
945,3415,-1
3678,201,-1
5129,6449,-1
3045,4654,-1
1032,3235,-1
1062,2140,-1
3681,4729,-1
99,5479,-1
2761,5295,-1
64,85,-1
180,168,-1
3446,2191,-1
1594,5652,-1
2,272,-1
310,1207,-1
4921,5047,-1
1306,1842,-1
4256,3874,-1
4892,6599,-1
943,1370,-1
2705,2149,-1
4479,4446,-1
3649,3904,-1
2763,4016,-1
632,2048,-1
6151,7115,-1
4831,5363,-1
1192,1106,-1
2039,2038,-1
2123,4522,-1
3478,1779,-1
766,2123,-1
2343,4048,-1
1192,1634,-1
3545,5047,-1
5002,6996,-1
2841,2958,-1
4613,6060,-1
99,270,-1
4326,1267,-1
5672,6356,-1
2172,2405,-1
5041,62,-1
4596,4581,-1
69,562,-1
2177,4286,-1
5522,6502,-1
23,210,-1
822,1249,-1
1487,3904,-1
3986,2296,-1
3733,3838,-1
4598,4805,-1
5571,4282,-1
2761,3285,-1
697,1086,-1
6562,933,-1
2396,3626,-1
3140,6098,-1
1458,1626,-1
3140,4722,-1
943,674,-1
3800,4712,-1
1306,2401,-1
5146,4852,-1
4926,4064,-1
3445,698,-1
2396,5104,-1
2188,2183,-1
656,2581,-1
2572,2209,-1
3654,5911,-1
719,1050,-1
3151,4082,-1
788,237,-1
2062,3250,-1
1820,3548,-1
2680,3349,-1
1238,3778,-1
2867,3932,-1
5769,2348,-1
6664,6043,-1
3059,3907,-1
3226,2997,-1
5178,7089,-1
1972,2648,-1
3678,4157,-1
695,2511,-1
3237,1756,-1
3441,4882,-1
656,2555,-1
3306,5179,-1
4279,6833,-1
1420,2648,-1
2705,3711,-1
4472,4990,-1
4613,5901,-1
4149,4286,-1
779,2315,-1
5309,5694,-1
78,2648,-1
4788,5967,-1
756,2581,-1
719,880,-1
4374,4867,-1
3273,3318,-1
2431,2348,-1
5126,4277,-1
3716,3733,-1
640,988,-1
3314,4603,-1
419,193,-1
3612,3633,-1
1062,4852,-1
4033,2149,-1
5129,6615,-1
5002,6362,-1
640,710,-1
4801,5932,-1
2342,270,-1
3059,3550,-1
4374,4905,-1
5145,7090,-1
2732,4854,-1
287,2838,-1
5539,5715,-1
2348,5978,-1
916,2226,-1
99,1542,-1
862,2219,-1
743,3379,-1
781,2201,-1
45,213,-1
3036,2864,-1
100,86,-1
4566,5800,-1
3140,5047,-1
1056,926,-1
776,2349,-1
533,2621,-1
5512,6452,-1
782,851,-1
5053,5251,-1
1562,1626,-1
900,4634,-1
904,3491,-1
4033,5511,-1
2871,383,-1
1032,4867,-1
2090,2460,-1
5129,5922,-1
779,1881,-1
6364,6411,-1
2463,4104,-1
4149,4905,-1
3169,3349,-1
5215,7070,-1
2457,3456,-1
2761,3808,-1
1062,3904,-1
1374,1434,-1
1256,2589,-1
3701,5870,-1
3140,3009,-1
2463,4301,-1
1420,3566,-1
1664,2369,-1
1417,1542,-1
5539,5128,-1
373,1371,-1
3155,4168,-1
3151,1972,-1
3149,4109,-1
118,2815,-1
2038,2827,-1
3350,3762,-1
3441,4984,-1
5129,6405,-1
2323,3598,-1
3710,3157,-1
4439,5327,-1
77,698,-1
3314,5606,-1
3313,933,-1
3097,3948,-1
1374,2183,-1
1173,1842,-1
888,847,-1
951,1793,-1
632,2405,-1
4116,6334,-1
2431,4136,-1
3059,3247,-1
3189,2897,-1
4613,6076,-1
2506,3250,-1
3914,6998,-1
3222,3491,-1
2617,2805,-1
1141,2891,-1
2575,2909,-1
1184,2281,-1
5259,5256,-1
5145,5092,-1
656,2648,-1
2463,938,-1
726,3932,-1
662,1723,-1
3360,3924,-1
2427,5144,-1
111,3349,-1
4182,5128,-1
1365,373,-1
4601,4854,-1
1095,270,-1
6349,5199,-1
3437,698,-1
2669,1106,-1
4973,4603,-1
2975,2917,-1
719,2560,-1
3249,1420,-1
2038,2368,-1
2585,4018,-1
99,86,-1
5356,6998,-1
2572,2587,-1
2857,4672,-1
1024,3426,-1
3307,3781,-1
6146,5072,-1
1824,5144,-1
78,703,-1
3647,4429,-1
4831,5374,-1
155,168,-1
3653,4450,-1
373,2019,-1
2814,5604,-1
776,1920,-1
4018,201,-1
5470,933,-1
713,820,-1
3146,4525,-1
3208,3349,-1
2823,698,-1
4026,4023,-1
5151,5677,-1
1032,4493,-1
1935,2036,-1
449,1575,-1
3680,2548,-1
3151,3786,-1
3145,3939,-1
5131,5138,-1
768,926,-1
4705,5682,-1
2343,1634,-1
3307,2997,-1
1420,3851,-1
1664,1542,-1
5129,5764,-1
3156,2191,-1
5144,4282,-1
3249,3555,-1
943,718,-1
3208,3430,-1
3622,3242,-1
422,5842,-1
4146,14,-1
2033,3644,-1
4756,14,-1
967,6537,-1
1032,3874,-1
4414,6756,-1
527,1703,-1
2348,4922,-1
2836,2838,-1
77,6827,-1
3307,1945,-1
3303,4782,-1
3719,2281,-1
2707,4881,-1
527,6026,-1
3654,3652,-1
3314,5627,-1
4377,4660,-1
2078,2273,-1
3350,3004,-1
61,275,-1
2761,5829,-1
2763,2149,-1
3739,2607,-1
3445,4525,-1
1032,1155,-1
3314,5662,-1
2607,3032,-1
3719,3787,-1
3701,4186,-1
862,677,-1
6974,3644,-1
1040,262,-1
591,2217,-1
951,4477,-1
6056,767,-1
4784,4990,-1
5612,6557,-1
3314,5497,-1
1062,6726,-1
70,193,-1
2340,1106,-1
1062,2851,-1
2348,6941,-1
967,1054,-1
285,2485,-1
1608,4109,-1
2039,2381,-1
1478,1906,-1
1062,2155,-1
4283,4724,-1
3594,62,-1
2348,3658,-1
3986,4129,-1
1940,2958,-1
5272,5967,-1
1239,3426,-1
289,757,-1
902,1176,-1
778,3664,-1
680,793,-1
318,2648,-1
2926,3205,-1
640,1887,-1
6163,2348,-1
6154,6756,-1
4552,4282,-1
755,2485,-1
1420,2160,-1
3643,3733,-1
1256,1704,-1
4617,1249,-1
106,847,-1
172,2066,-1
279,2511,-1
2785,2581,-1
576,1151,-1
2761,896,-1
3147,4350,-1
4226,4989,-1
5602,7090,-1
2377,3849,-1
4180,4989,-1
3612,3032,-1
3465,3690,-1
163,787,-1
1701,1881,-1
2425,3428,-1
2039,3046,-1
1951,4297,-1
644,1161,-1
126,121,-1
3163,3456,-1
77,4504,-1
6173,7028,-1
1062,2226,-1
4376,4450,-1
119,822,-1
719,2371,-1
4609,4867,-1
2037,3510,-1
715,1151,-1
5488,6143,-1
778,4654,-1
1844,933,-1
1818,1634,-1
4456,2368,-1
5782,7115,-1
5539,6823,-1
2038,2395,-1
3885,698,-1
1562,2532,-1
1669,3415,-1
1530,4479,-1
1062,1267,-1
674,5619,-1
3914,6652,-1
2563,4044,-1
6113,2348,-1
943,898,-1
6026,5889,-1
591,2269,-1
2166,2805,-1
3719,4477,-1
2464,2819,-1
2818,4350,-1
6514,3644,-1
2373,3657,-1
3059,3691,-1
4315,4827,-1
6462,6756,-1
1394,3626,-1
822,693,-1
669,5251,-1
4508,5251,-1
3441,14,-1
6418,5619,-1
1475,6173,-1
6173,5619,-1
1846,4479,-1
76,1972,-1
982,5878,-1
2123,3529,-1
5002,5420,-1
1050,1626,-1
4147,2533,-1
904,1684,-1
2767,3238,-1
2512,14,-1
5239,5478,-1
5649,7005,-1
967,4304,-1
755,1882,-1
4566,5256,-1
6294,6544,-1
3794,5091,-1
2607,4271,-1
232,51,-1
4617,817,-1
2164,6835,-1
2119,2087,-1
3441,4694,-1
656,1460,-1
2348,4109,-1
4823,6232,-1
1478,373,-1
5783,6570,-1
766,3904,-1
4383,5377,-1
6414,5619,-1
2762,383,-1
4603,5047,-1
5129,4472,-1
2732,2191,-1
1420,4828,-1
292,1161,-1
2461,3073,-1
5452,14,-1
1319,1361,-1
3145,1945,-1
656,2838,-1
1349,3644,-1
1314,2668,-1
4542,5841,-1
5143,5800,-1
4607,5264,-1
3541,3045,-1
3148,3238,-1
3306,2273,-1
2377,3685,-1
1475,4634,-1
943,1360,-1
5783,4702,-1
2062,1828,-1
1763,2283,-1
6300,933,-1
3168,4881,-1
2607,2878,-1
6026,6452,-1
6009,5736,-1
99,4654,-1
4219,4720,-1
1649,1151,-1
6029,6394,-1
4253,1249,-1
1608,3242,-1
1110,1703,-1
4018,4479,-1
4430,5264,-1
302,1151,-1
3739,817,-1
967,1420,-1
2747,5876,-1
904,3426,-1
2463,2648,-1
3002,3761,-1
5019,6085,-1
2233,4158,-1
6442,3045,-1
1141,373,-1
2572,2625,-1
4599,6756,-1
2159,2059,-1
1185,896,-1
3210,2917,-1
1062,2648,-1
5123,5479,-1
5786,6366,-1
11,51,-1
640,1207,-1
5113,5112,-1
76,2357,-1
1562,391,-1
3647,1249,-1
644,636,-1
3145,3881,-1
3149,3778,-1
2017,2918,-1
1559,2204,-1
3155,4923,-1
1062,3722,-1
2617,4709,-1
1040,2535,-1
2761,4082,-1
2120,2087,-1
5862,5892,-1
5680,6096,-1
917,1822,-1
4717,4780,-1
5786,1711,-1
576,4463,-1
3854,4930,-1
1681,2724,-1
3598,4109,-1
756,3965,-1
2431,6650,-1
5129,5270,-1
3173,3633,-1
57,4634,-1
3218,2581,-1
3425,4062,-1
1184,3080,-1
1063,373,-1
719,1915,-1
2425,3503,-1
5792,4581,-1
1763,2455,-1
2752,2958,-1
6638,6787,-1
1062,2170,-1
6446,3045,-1
695,2427,-1
943,683,-1
3733,3440,-1
1063,948,-1
2033,2296,-1
1062,4131,-1
1420,971,-1
3604,2315,-1
16,466,-1
2913,1756,-1
4256,4265,-1
4068,6056,-1
2391,3491,-1
4617,5136,-1
2536,2555,-1
3303,3463,-1
310,2191,-1
2463,4080,-1
427,174,-1
669,6726,-1
5782,6139,-1
391,5138,-1
7,151,-1
3853,2997,-1
5453,6998,-1
1150,3115,-1
3261,4989,-1
695,2405,-1
1463,4654,-1
4618,4975,-1
2348,5199,-1
5918,5734,-1
5954,4720,-1
3303,5293,-1
3360,4851,-1
656,2575,-1
2761,4078,-1
669,5151,-1
2377,3627,-1
2039,2379,-1
7000,6998,-1
1664,2426,-1
3799,3932,-1
3138,3255,-1
3212,767,-1
3672,3769,-1
656,1249,-1
6351,6884,-1
3153,4854,-1
142,5077,-1
292,868,-1
1348,2204,-1
982,5830,-1
4676,5169,-1
1416,3303,-1
2867,4131,-1
1262,168,-1
1035,1932,-1
713,2273,-1
4636,6537,-1
1416,1184,-1
6636,5800,-1
183,168,-1
5801,5800,-1
2444,4867,-1
1530,4511,-1
6351,5907,-1
967,1549,-1
2348,3571,-1
674,824,-1
5539,6919,-1
5129,5627,-1
5786,6362,-1
2818,4018,-1
2463,5967,-1
2585,2123,-1
4149,3644,-1
47,3772,-1
669,6334,-1
4613,5932,-1
2202,4798,-1
2680,2223,-1
2164,1820,-1
422,457,-1
5312,5842,-1
1562,2434,-1
2037,2036,-1
944,2273,-1
2328,3786,-1
2675,1106,-1
19,550,-1
4838,4878,-1
3106,2164,-1
5367,2315,-1
1258,1006,-1
3087,6808,-1
2177,2191,-1
1351,1887,-1
1420,6085,-1
2428,4654,-1
740,373,-1
2575,2209,-1
50,275,-1
6562,4805,-1
22,275,-1
738,3238,-1
1787,3222,-1
5176,3045,-1
5138,6427,-1
5,1249,-1
4412,938,-1
756,5796,-1
2758,3624,-1
3145,3804,-1
3681,5731,-1
982,3548,-1
1035,2015,-1
3330,3769,-1
2617,3702,-1
5792,6530,-1
2785,2648,-1
1348,3001,-1
2377,4905,-1
4919,3644,-1
4973,5104,-1
2756,5144,-1
3598,1822,-1
5705,5948,-1
1478,59,-1
2062,3175,-1
3189,4131,-1
2824,2490,-1
6983,3644,-1
1032,3080,-1
1416,3904,-1
5534,6261,-1
4552,4851,-1
197,193,-1
4979,5136,-1
5512,5619,-1
1062,1704,-1
78,3900,-1
5144,6389,-1
624,623,-1
6293,4795,-1
1984,2670,-1
3097,4799,-1
1608,2666,-1
5043,5305,-1
4606,4730,-1
105,5911,-1
723,14,-1
3059,3242,-1
6206,5736,-1
5309,4677,-1
3315,62,-1
62,121,-1
3138,3804,-1
6152,6602,-1
3105,4672,-1
1245,1249,-1
578,925,-1
3147,4654,-1
3425,3960,-1
546,795,-1
2289,5616,-1
2371,2096,-1
1040,1208,-1
3387,3658,-1
3921,2649,-1
376,393,-1
2463,3001,-1
4018,4949,-1
1245,2191,-1
1589,2144,-1
5144,5612,-1
3287,4634,-1
656,2485,-1
102,86,-1
1681,4672,-1
1763,6342,-1
4617,2332,-1
2078,677,-1
5769,6611,-1
4116,5857,-1
2459,3205,-1
4561,6646,-1
2315,1064,-1
1669,2490,-1
2166,2851,-1
5129,6962,-1
2908,2460,-1
3594,3045,-1
4607,5089,-1
4043,698,-1
1370,2729,-1
766,2139,-1
2747,2191,-1
4547,3045,-1
5734,6448,-1
391,5640,-1
4180,4177,-1
2207,5930,-1
2348,938,-1
2382,3080,-1
6152,6143,-1
1062,4777,-1
1062,5293,-1
1062,3874,-1
6293,6412,-1
1220,4068,-1
870,869,-1
4065,4734,-1
1184,2291,-1
4522,2191,-1
4684,5967,-1
2459,5240,-1
2062,3115,-1
4897,1057,-1
669,213,-1
7086,5800,-1
99,4974,-1
1062,2490,-1
3669,4297,-1
4541,4634,-1
6206,6538,-1
588,2621,-1
527,933,-1
2689,2724,-1
237,4634,-1
4552,5264,-1
3140,5504,-1
5539,6538,-1
4283,4269,-1
3486,710,-1
1314,2555,-1
4676,5268,-1
5,1473,-1
4053,3703,-1
3336,3685,-1
2377,2670,-1
2471,5240,-1
10,623,-1
1986,2015,-1
3059,4063,-1
2566,4131,-1
4226,2348,-1
3545,1249,-1
5073,5922,-1
801,3892,-1
3575,3383,-1
2348,6998,-1
2396,2589,-1
778,2405,-1
3151,5327,-1
2425,3298,-1
2463,2805,-1
6173,6627,-1
4541,6398,-1
3207,4479,-1
6865,4479,-1
755,1822,-1
669,6998,-1
632,1288,-1
6026,6389,-1
3086,3426,-1
3545,4286,-1
5750,6449,-1
2328,3252,-1
788,2625,-1
2465,2511,-1
1192,4454,-1
3207,4831,-1
1996,933,-1
5129,7036,-1
4604,4984,-1
6173,6293,-1
5,631,-1
1969,1540,-1
5145,5967,-1
2062,3440,-1
1972,693,-1
2348,7070,-1
6151,6206,-1
5470,3153,-1
2763,5892,-1
2425,3440,-1
6306,5072,-1
130,51,-1
67,847,-1
2995,4660,-1
3800,4673,-1
1184,2997,-1
2631,2864,-1
166,168,-1
1062,4297,-1
2908,4304,-1
2628,3799,-1
1024,1106,-1
1062,2030,-1
4018,4082,-1
3466,2059,-1
3799,2301,-1
1763,2972,-1
1062,4007,-1
3701,3816,-1
3314,5269,-1
2038,1993,-1
5131,6823,-1
3653,3670,-1
2761,5540,-1
231,926,-1
4850,6585,-1
590,926,-1
1787,3640,-1
2767,3619,-1
1933,2795,-1
73,463,-1
1492,1703,-1
713,4867,-1
697,4271,-1
1192,3229,-1
2707,5627,-1
5709,4720,-1
560,623,-1
3109,4722,-1
3059,3023,-1
126,5289,-1
4613,5588,-1
967,2357,-1
2457,3037,-1
2372,2510,-1
316,606,-1
2680,6318,-1
3350,2348,-1
656,2533,-1
3306,5377,-1
6151,6412,-1
4552,4840,-1
1915,2018,-1
3314,5875,-1
2285,7005,-1
2430,4044,-1
2428,3644,-1
902,948,-1
632,2532,-1
3701,4634,-1
3885,4165,-1
3799,2348,-1
10,2269,-1
5131,6672,-1
904,2712,-1
4437,4746,-1
6005,5736,-1
3151,2908,-1
5129,6165,-1
5742,6261,-1
2343,2427,-1
3647,4922,-1
3681,3799,-1
1063,2281,-1
1013,988,-1
2428,1106,-1
5783,6368,-1
41,82,-1
6056,4634,-1
2123,4131,-1
3171,1006,-1
5516,933,-1
422,59,-1
1032,4062,-1
1394,2381,-1
5129,4048,-1
1456,3195,-1
3655,933,-1
964,1648,-1
5002,6544,-1
1409,5736,-1
656,3281,-1
659,673,-1
2348,4854,-1
5144,5539,-1
822,1360,-1
6745,4511,-1
982,5606,-1
2463,2776,-1
4970,6833,-1
2396,5520,-1
1686,3703,-1
5294,5377,-1
318,4350,-1
769,270,-1
1063,1249,-1
2758,3037,-1
5547,5588,-1
1949,2217,-1
2628,3699,-1
2463,4044,-1
2270,3926,-1
106,435,-1
4552,5661,-1
1259,2360,-1
1314,2587,-1
3678,3581,-1
5148,2087,-1
1014,2908,-1
2123,553,-1
2431,4495,-1
2425,3562,-1
822,2405,-1
3314,5764,-1
951,5983,-1
24,589,-1
3002,3237,-1
3330,3999,-1
4164,4867,-1
3986,5554,-1
10,851,-1
1420,1383,-1
2457,3032,-1
1669,2711,-1
2164,4867,-1
4188,3874,-1
6055,142,-1
2617,1791,-1
1420,3892,-1
669,6065,-1
5870,6169,-1
4192,3235,-1
2761,3250,-1
5129,5572,-1
4377,4725,-1
5790,3054,-1
3147,5740,-1
422,6537,-1
3927,5800,-1
603,728,-1
1629,2273,-1
3140,5365,-1
3314,5267,-1
3149,938,-1
1717,4672,-1
2926,4654,-1
373,3904,-1
5918,6342,-1
697,4361,-1
3,262,-1
3206,2548,-1
3313,3838,-1
5794,3926,-1
3305,3762,-1
5149,6349,-1
5812,933,-1
1763,2575,-1
6026,4687,-1
576,5282,-1
2465,4634,-1
4223,4814,-1
78,463,-1
3315,3571,-1
2425,3999,-1
4479,6244,-1
3598,4780,-1
5586,4472,-1
2506,3426,-1
3719,62,-1
1669,1201,-1
353,4446,-1
2997,1054,-1
5215,6537,-1
1553,2511,-1
1475,4472,-1
5918,5946,-1
3986,5800,-1
3719,3644,-1
3208,1006,-1
2818,2575,-1
2463,5712,-1
3208,2835,-1
119,1895,-1
3701,2126,-1
954,4018,-1
1040,3195,-1
2457,1541,-1
872,2018,-1
2461,2348,-1
3672,4136,-1
3077,2533,-1
1032,3658,-1
5769,5264,-1
2890,62,-1
902,1038,-1
6305,6568,-1
3598,4680,-1
5274,3045,-1
1650,6263,-1
1416,1892,-1
2463,2917,-1
1420,1542,-1
3155,4158,-1
2101,3733,-1
2038,2401,-1
4618,4840,-1
99,5228,-1
3145,3154,-1
5129,5470,-1
5750,5077,-1
5129,4943,-1
1062,2707,-1
3307,3960,-1
1237,2191,-1
5470,3644,-1
4482,5909,-1
2559,3252,-1
2461,3153,-1
1787,2838,-1
3307,3948,-1
5002,6451,-1
3143,3598,-1
4180,5604,-1
4566,4854,-1
2204,2851,-1
5562,5922,-1
2926,3031,-1
279,894,-1
1131,1461,-1
6638,6855,-1
713,1703,-1
2062,2107,-1
2617,3633,-1
197,457,-1
2593,2625,-1
1982,1974,-1
5002,5199,-1
3655,2296,-1
3655,6318,-1
1314,4296,-1
4603,4991,-1
3594,3480,-1
1475,4216,-1
419,7,-1
3701,2164,-1
3155,1419,-1
669,5827,-1
3545,62,-1
1763,1791,-1
3143,5027,-1
2740,3031,-1
182,757,-1
5123,5736,-1
4801,5714,-1
4587,4785,-1
645,533,-1
2607,3761,-1
715,1249,-1
3811,1822,-1
669,5769,-1
2289,3965,-1
3587,5561,-1
70,168,-1
5539,5871,-1
3248,4603,-1
2575,2851,-1
1172,6537,-1
3394,4799,-1
2166,2209,-1
1420,1051,-1
4315,4837,-1
2348,1791,-1
5129,5209,-1
5245,933,-1
2733,4712,-1
3716,318,-1
422,62,-1
788,4672,-1
3529,3786,-1
1404,1779,-1
4253,2149,-1
2071,6585,-1
1608,7112,-1
1062,3563,-1
2287,5377,-1
6206,6412,-1
3992,3854,-1
697,4975,-1
3914,4664,-1
2261,2668,-1
5,258,-1
3678,2997,-1
3459,3315,-1
6235,5264,-1
99,2838,-1
4192,4479,-1
4315,4724,-1
3598,5425,-1
66,1106,-1
1374,51,-1
2062,3710,-1
5898,5978,-1
1608,6412,-1
6029,6526,-1
2808,2348,-1
2680,3238,-1
2062,3340,-1
719,1249,-1
1370,1939,-1
2761,938,-1
2348,2426,-1
6182,6085,-1
696,1106,-1
5204,3644,-1
5672,6398,-1
779,5497,-1
5002,5380,-1
3207,4106,-1
927,210,-1
64,433,-1
3147,4712,-1
4676,4709,-1
697,2648,-1
1519,1184,-1
3077,2315,-1
2548,2589,-1
138,1512,-1
3140,5380,-1
2328,2795,-1
5783,5911,-1
85,156,-1
2292,2139,-1
318,2662,-1
2126,3080,-1
5488,4785,-1
4147,4233,-1
2758,3315,-1
1080,1635,-1
3168,4852,-1
5002,5652,-1
4256,4990,-1
3464,3711,-1
904,5199,-1
1928,1605,-1
50,459,-1
5433,4798,-1
24,616,-1
2463,3318,-1
5129,5978,-1
3147,5744,-1
1089,3426,-1
373,1795,-1
5138,6318,-1
2062,2440,-1
2348,6599,-1
2473,2958,-1
1374,2838,-1
4479,3045,-1
2210,270,-1
4552,6570,-1
4123,5736,-1
1370,3685,-1
2607,2980,-1
1624,2273,-1
3024,2666,-1
4386,4068,-1
3314,5089,-1
2490,3298,-1
1060,1420,-1
4164,4801,-1
22,533,-1
5759,2087,-1
142,6611,-1
1256,2405,-1
2348,3023,-1
4617,4724,-1
3249,2506,-1
19,3195,-1
47,4177,-1
3086,62,-1
1062,5630,-1
10,258,-1
5921,6585,-1
1629,2625,-1
719,793,-1
3783,1892,-1
3222,3460,-1
2164,4647,-1
5493,5778,-1
1763,2752,-1
162,168,-1
640,757,-1
4078,5497,-1
6078,5706,-1
5133,4857,-1
6050,3823,-1
2222,2625,-1
4855,4603,-1
6034,6293,-1
1420,2204,-1
422,5712,-1
1229,1152,-1
3681,5572,-1
422,2209,-1
5143,2315,-1
5204,5144,-1
4392,14,-1
669,6368,-1
2179,3235,-1
662,2776,-1
3314,4857,-1
318,3904,-1
2479,1524,-1
904,2851,-1
3422,6065,-1
391,5619,-1
943,1523,-1
4616,4269,-1
2467,5386,-1
6164,767,-1
5218,3598,-1
4606,14,-1
2039,2258,-1
5769,6293,-1
1014,4892,-1
1062,3138,-1
2100,2668,-1
2204,1779,-1
4173,4109,-1
2292,2485,-1
1672,2281,-1
5129,5072,-1
4417,4854,-1
1394,1634,-1
2431,6449,-1
6146,7036,-1
2585,4023,-1
4443,4991,-1
90,459,-1
3151,5725,-1
6173,933,-1
352,193,-1
2758,1892,-1
3097,698,-1
2463,3031,-1
3258,1756,-1
1029,2863,-1
4865,4878,-1
6149,6643,-1
1374,2532,-1
1416,1420,-1
197,85,-1
2843,2348,-1
5249,4350,-1
1002,6035,-1
106,156,-1
2431,5800,-1
5002,5535,-1
1032,4782,-1
3986,6146,-1
2457,1605,-1
1192,3769,-1
697,2511,-1
2675,2490,-1
1256,4720,-1
3307,6149,-1
3466,3630,-1
5002,4282,-1
4617,6206,-1
1949,2139,-1
3287,2107,-1
3059,3690,-1
2123,3453,-1
2100,1267,-1
2463,4922,-1
119,1094,-1
2039,1594,-1
2498,1249,-1
3147,4186,-1
2761,3619,-1
3155,4177,-1
3140,5405,-1
1192,3690,-1
1032,4415,-1
4149,3854,-1
4127,62,-1
904,2725,-1
4333,4350,-1
155,213,-1
3248,3596,-1
5783,6412,-1
4116,5179,-1
740,1249,-1
3701,4350,-1
1063,1113,-1
2057,2781,-1
1062,4588,-1
4283,5617,-1
5562,5736,-1
5867,6049,-1
1266,1795,-1
656,3349,-1
4430,6063,-1
590,740,-1
2431,3733,-1
318,2506,-1
502,757,-1
4624,5978,-1
2575,1756,-1
2833,2666,-1
3678,4677,-1
4147,2164,-1
2172,2349,-1
6067,6599,-1
3151,1184,-1
2425,3472,-1
4068,5039,-1
3647,7060,-1
392,193,-1
740,1086,-1
656,2972,-1
697,3456,-1
6310,3054,-1
967,1288,-1
4226,933,-1
2607,1634,-1
3541,6173,-1
943,1215,-1
1063,2625,-1
6682,4607,-1
546,606,-1
5002,6202,-1
2761,3440,-1
1032,4177,-1
5586,6366,-1
656,880,-1
3303,3815,-1
2459,3341,-1
4330,3644,-1
3140,4479,-1
3145,1892,-1
1940,2714,-1
590,710,-1
285,1729,-1
756,4187,-1
3350,3465,-1
5827,5251,-1
1062,5687,-1
4648,5267,-1
814,1578,-1
1250,2575,-1
1940,6232,-1
4613,3045,-1
1370,2997,-1
1277,1695,-1
4116,5911,-1
995,4672,-1
778,2912,-1
4617,6244,-1
632,1256,-1
3145,4350,-1
3261,5967,-1
3330,3907,-1
340,1152,-1
4228,4519,-1
99,3153,-1
3147,4634,-1
718,1249,-1
2039,1064,-1
902,2066,-1
77,399,-1
4078,6088,-1
5127,3805,-1
4226,5604,-1
3543,3815,-1
6244,5889,-1
604,823,-1
3248,3658,-1
2039,2444,-1
3002,14,-1
656,2139,-1
943,915,-1
1394,1106,-1
1625,2139,-1
6067,5736,-1
697,1809,-1
718,1709,-1
1150,2648,-1
1141,1616,-1
4552,4798,-1
2444,2819,-1
6180,6537,-1
3653,4216,-1
4192,4828,-1
1062,201,-1
1416,925,-1
546,383,-1
1736,2666,-1
2348,6996,-1
1351,2548,-1
5881,5264,-1
5732,6537,-1
2328,3195,-1
2039,2352,-1
1591,1900,-1
2607,3703,-1
1062,3222,-1
4164,4710,-1
3143,201,-1
4603,4148,-1
6029,6318,-1
5129,5714,-1
3787,3804,-1
902,62,-1
4609,3904,-1
5129,5846,-1
1351,1676,-1
1063,2702,-1
1256,1793,-1
1668,1151,-1
6162,2348,-1
934,1361,-1
4965,4867,-1
3394,4923,-1
4819,6157,-1
3480,4286,-1
723,1729,-1
4371,4109,-1
3140,3019,-1
1669,1151,-1
1143,3818,-1
6145,6143,-1
490,3999,-1
5701,3153,-1
3444,4269,-1
3598,5384,-1
3306,1057,-1
1519,2315,-1
23,2140,-1
2431,3899,-1
3464,4018,-1
5129,6053,-1
3331,1892,-1
5141,6835,-1
4664,5256,-1
1032,4989,-1
1506,4634,-1
2397,6139,-1
306,3045,-1
943,1151,-1
5127,1820,-1
1736,2711,-1
5151,6014,-1
4607,5072,-1
1032,4148,-1
4617,6368,-1
1828,1267,-1
99,4798,-1
41,168,-1
169,2621,-1
2101,7036,-1
943,701,-1
2761,3430,-1
105,6261,-1
6462,6557,-1
6151,7089,-1
1062,3097,-1
560,533,-1
3208,2575,-1
4961,5972,-1
6151,7074,-1
2463,3426,-1
2396,1184,-1
872,2532,-1
3716,3157,-1
2159,1184,-1
118,3205,-1
1032,1054,-1
1062,4943,-1
2741,2776,-1
5002,5764,-1
1062,1288,-1
1568,2155,-1
2287,4923,-1
1450,2607,-1
3027,2864,-1
2457,258,-1
23,4588,-1
5176,854,-1
2348,6725,-1
5127,6907,-1
4479,4974,-1
5129,6313,-1
1192,3932,-1
5669,5251,-1
2038,2139,-1
2464,2690,-1
5014,4694,-1
2676,3480,-1
3002,3566,-1
2425,2948,-1
1014,5027,-1
6739,6412,-1
641,622,-1
788,1064,-1
3059,3149,-1
1763,553,-1
778,5563,-1
5151,5256,-1
5002,5878,-1
3189,2191,-1
2123,2348,-1
3336,2107,-1
3678,4068,-1
756,6314,-1
3701,3153,-1
1370,3781,-1
2733,258,-1
34,151,-1
546,757,-1
3655,5800,-1
5127,5736,-1
3151,4603,-1
2732,3807,-1
3997,4588,-1
576,5141,-1
792,1549,-1
2039,2349,-1
3653,2661,-1
5794,3153,-1
3336,4654,-1
632,1676,-1
3701,4867,-1
1875,3703,-1
3287,2864,-1
5129,6538,-1
3587,3781,-1
2343,3383,-1
4149,6085,-1
644,3080,-1
1062,1800,-1
1062,5151,-1
3701,6180,-1
1180,1360,-1
1062,3129,-1
6412,6585,-1
5129,6653,-1
2343,270,-1
2620,3658,-1
4926,2080,-1
3598,3781,-1
2707,5830,-1
5672,6568,-1
3140,4709,-1
3919,5057,-1
306,550,-1
2575,3551,-1
1475,5967,-1
19,140,-1
6171,6833,-1
5586,6285,-1
3307,3816,-1
2575,3630,-1
662,2621,-1
138,868,-1
713,5604,-1
4522,6366,-1
713,5141,-1
7,121,-1
5929,6057,-1
759,757,-1
4226,5251,-1
5141,3548,-1
2039,3073,-1
2975,2997,-1
3207,6293,-1
2463,4161,-1
3155,4867,-1
5918,5588,-1
695,606,-1
3155,2661,-1
3303,4233,-1
125,121,-1
2063,2183,-1
1031,6405,-1
1934,1106,-1
41,2348,-1
943,949,-1
2457,2997,-1
99,2648,-1
656,1051,-1
6632,5616,-1
2062,1460,-1
3996,6537,-1
2459,5613,-1
2315,2126,-1
4374,4798,-1
982,5901,-1
2191,3236,-1
3027,4905,-1
2038,2776,-1
5113,5179,-1
3140,4269,-1
3116,258,-1
1530,1542,-1
668,757,-1
4226,1249,-1
4192,4525,-1
1174,1795,-1
701,1201,-1
2707,5091,-1
5602,6261,-1
2323,1006,-1
778,6726,-1
10,2201,-1
3140,5800,-1
3287,3415,-1
3653,4296,-1
3267,2149,-1
645,847,-1
126,1822,-1
6173,6439,-1
2078,1993,-1
1416,14,-1
2792,2490,-1
1649,2511,-1
982,5586,-1
6562,6585,-1
3986,4097,-1
2591,2724,-1
76,2776,-1
31,275,-1
2527,2526,-1
4965,5630,-1
1256,3045,-1
1088,3644,-1
2204,2490,-1
4617,4851,-1
23,3932,-1
2761,4080,-1
4606,1972,-1
5129,3009,-1
422,5846,-1
5131,4785,-1
5145,5309,-1
644,215,-1
2377,2649,-1
163,550,-1
4149,4922,-1
3979,4136,-1
1314,2139,-1
1801,1810,-1
2132,2368,-1
713,373,-1
1062,3781,-1
24,984,-1
4033,5572,-1
3151,2191,-1
1562,2395,-1
3212,1184,-1
1341,1578,-1
3249,4854,-1
178,298,-1
4784,1820,-1
5787,5870,-1
1619,5922,-1
3106,4233,-1
3051,2712,-1
3719,3157,-1
3140,4766,-1
2767,3658,-1
667,213,-1
3336,1419,-1
3978,4018,-1
2833,3032,-1
3097,3461,-1
4068,5870,-1
2467,5588,-1
701,7005,-1
2617,3463,-1
959,1207,-1
129,757,-1
4962,5264,-1
5255,5256,-1
3303,3157,-1
4552,5588,-1
6043,7070,-1
3151,817,-1
126,660,-1
3223,4504,-1
5144,5586,-1
2164,4989,-1
4033,5363,-1
3009,3383,-1
1110,5706,-1
2202,2574,-1
1062,4607,-1
490,5617,-1
1062,6537,-1
2467,2912,-1
391,1706,-1
3716,1822,-1
1478,1695,-1
1365,2349,-1
1018,1159,-1
5238,5944,-1
2459,5386,-1
3643,3690,-1
5002,5604,-1
2062,3602,-1
3145,3465,-1
2506,2917,-1
983,2149,-1
1220,1976,-1
756,3691,-1
6244,5736,-1
3314,3729,-1
6206,6602,-1
4330,4878,-1
718,2191,-1
927,698,-1
3140,4760,-1
3387,3818,-1
4613,5922,-1
642,1051,-1
2427,710,-1
5123,1057,-1
1420,5027,-1
1625,2725,-1
1562,1524,-1
723,963,-1
5430,5540,-1
4026,4831,-1
5144,6248,-1
5455,14,-1
2705,1822,-1
1002,4479,-1
3541,5796,-1
4116,6585,-1
2425,2997,-1
755,2096,-1
4335,2191,-1
99,3571,-1
974,14,-1
2867,3175,-1
1471,1906,-1
967,6538,-1
4919,5199,-1
3598,5127,-1
132,622,-1
2425,3639,-1
3147,5144,-1
3097,3139,-1
4226,6631,-1
2348,6552,-1
6034,7074,-1
1562,2160,-1
755,2948,-1
5129,6349,-1
1971,1038,-1
5769,6720,-1
3002,3504,-1
3809,5144,-1
3147,5948,-1
1244,2838,-1
6056,3153,-1
4819,5661,-1
4566,5870,-1
3655,2548,-1
5769,7044,-1
3445,2997,-1
4479,4269,-1
656,4304,-1
2357,4660,-1
325,51,-1
4430,5606,-1
2166,2724,-1
3807,4062,-1
1420,2805,-1
3077,4634,-1
373,1759,-1
105,982,-1
697,3426,-1
4676,5374,-1
2090,3238,-1
5586,5944,-1
153,275,-1
2,247,-1
5141,6035,-1
2328,2648,-1
2328,2548,-1
624,1461,-1
5144,5141,-1
3151,5712,-1
4479,4867,-1
1062,3581,-1
3027,2838,-1
967,2204,-1
167,371,-1
656,1968,-1
1063,3045,-1
656,2725,-1
2617,1634,-1
2799,6343,-1
1519,6502,-1
2343,2560,-1
3649,5593,-1
2166,2435,-1
4230,3153,-1
1734,2066,-1
1928,2838,-1
2396,4930,-1
951,1972,-1
1266,2510,-1
2464,778,-1
352,262,-1
318,3252,-1
626,2191,-1
2462,3040,-1
1029,1956,-1
1062,2781,-1
2650,1881,-1
3146,2044,-1
766,1051,-1
766,4588,-1
2218,2217,-1
22,156,-1
1062,6181,-1
2079,5616,-1
930,4975,-1
3909,3907,-1
4606,5740,-1
916,2296,-1
3719,2548,-1
6151,7090,-1
5215,4702,-1
3441,3644,-1
5680,6585,-1
6038,5736,-1
81,4131,-1
2377,1249,-1
7009,7005,-1
5672,6497,-1
3153,4987,-1
2123,2164,-1
4613,4895,-1
4310,5077,-1
5215,5293,-1
2342,3867,-1
3465,5193,-1
1986,698,-1
1349,1094,-1
1001,2555,-1
22,372,-1
2428,2864,-1
692,3205,-1
3701,4892,-1
2463,1634,-1
186,2191,-1
2756,4233,-1
1062,2044,-1
1256,2164,-1
1629,3630,-1
1562,5194,-1
3818,3816,-1
1559,1779,-1
3146,3951,-1
205,903,-1
1262,2587,-1
6638,6026,-1
4719,3644,-1
1447,1881,-1
2315,2149,-1
3812,5972,-1
3480,4016,-1
6794,6911,-1
3598,5043,-1
6034,5687,-1
3921,4603,-1
2179,2149,-1
312,824,-1
5794,5554,-1
3441,5108,-1
713,5535,-1
2039,3031,-1
2767,3786,-1
719,2438,-1
4973,1249,-1
1351,1635,-1
2761,4191,-1
3314,710,-1
3388,1184,-1
3649,4577,-1
1924,3598,-1
1062,4787,-1
3255,933,-1
2169,4654,-1
2425,3460,-1
3237,3456,-1
5544,4654,-1
312,600,-1
5176,817,-1
148,140,-1
1940,2490,-1
4078,4837,-1
1250,2183,-1
2123,5144,-1
3647,4106,-1
5081,14,-1
2126,3778,-1
3746,5144,-1
6335,933,-1
642,2648,-1
1471,3456,-1
3146,4905,-1
2331,2552,-1
2995,4089,-1
6146,4795,-1
4606,3548,-1
3655,5736,-1
1825,3644,-1
1062,3315,-1
967,270,-1
3873,2149,-1
4664,5384,-1
2039,2360,-1
517,1578,-1
5131,4795,-1
1342,1460,-1
2810,1634,-1
2926,3456,-1
6244,6291,-1
4255,3480,-1
3853,5930,-1
237,1578,-1
669,6612,-1
6776,6919,-1
756,4654,-1
2164,5484,-1
3701,2548,-1
2431,4161,-1
603,1249,-1
2431,2223,-1
3286,4165,-1
2038,2499,-1
1420,2401,-1
1060,1968,-1
2906,3236,-1
126,5863,-1
2463,3932,-1
5783,4479,-1
5813,3644,-1
2348,5027,-1
2172,698,-1
567,156,-1
318,3504,-1
3171,3426,-1
3168,3947,-1
6978,3644,-1
3871,4044,-1
6034,3045,-1
1192,4420,-1
4162,3480,-1
5430,5825,-1
2456,2018,-1
3059,2831,-1
3206,4233,-1
99,7,-1
1052,2201,-1
1131,1094,-1
3534,4131,-1
3210,1779,-1
78,4634,-1
1031,5209,-1
5129,6512,-1
4617,3699,-1
5783,6611,-1
5786,6462,-1
3140,3874,-1
1933,3250,-1
982,6013,-1
3387,3571,-1
1349,1475,-1
4566,6160,-1
3986,6349,-1
2761,1541,-1
2164,5077,-1
1245,3644,-1
2457,3238,-1
3306,2191,-1
1415,4550,-1
1519,3781,-1
1341,5256,-1
5,1402,-1
2337,3488,-1
1096,1152,-1
1969,925,-1
237,7005,-1
163,757,-1
481,1249,-1
2343,6645,-1
4788,4654,-1
2396,5144,-1
3737,4158,-1
77,4271,-1
5786,6311,-1
10,1403,-1
422,3548,-1
77,2683,-1
155,435,-1
2141,3781,-1
644,1006,-1
6636,4581,-1
954,3722,-1
270,2018,-1
3082,3947,-1
277,622,-1
163,1249,-1
1244,258,-1
3190,2087,-1
4417,4673,-1
2062,1900,-1
2788,2864,-1
2575,3383,-1
1475,5104,-1
251,85,-1
12,168,-1
743,3349,-1
2261,2724,-1
312,1267,-1
1141,5613,-1
4831,5264,-1
1319,1640,-1
1348,2815,-1
5292,1057,-1
19,2532,-1
2113,2087,-1
3594,4157,-1
5176,5586,-1
5129,5289,-1
778,2348,-1
3678,4479,-1
4831,5268,-1
2431,4494,-1
3598,2815,-1
6056,5736,-1
3151,5846,-1
1718,2909,-1
3594,4854,-1
4035,4673,-1
546,876,-1
2463,4974,-1
4606,4734,-1
1763,2958,-1
4463,4677,-1
1984,2589,-1
1836,2348,-1
2620,3690,-1
3143,4989,-1
5539,3427,-1
1256,822,-1
5820,6996,-1
2039,2752,-1
669,4943,-1
1450,2516,-1
2559,2581,-1
2467,4930,-1
1478,1794,-1
4430,5385,-1
318,3318,-1
2466,3571,-1
62,660,-1
1763,2819,-1
778,6585,-1
2465,2018,-1
794,2723,-1
656,1892,-1
3059,2893,-1
4552,4138,-1
626,1709,-1
318,2126,-1
3716,3825,-1
1348,4634,-1
2457,1054,-1
951,5800,-1
2348,6740,-1
769,3032,-1
1349,1402,-1
6539,3153,-1
1233,1403,-1
6412,6726,-1
5014,5027,-1
2039,2851,-1
2738,698,-1
3453,4286,-1
7,710,-1
766,2625,-1
1933,2819,-1
2867,3247,-1
5586,2398,-1
4705,5932,-1
4223,4927,-1
4606,4720,-1
5206,5661,-1
2548,2460,-1
5769,7072,-1
1062,5240,-1
6067,6827,-1
766,2516,-1
1062,673,-1
2841,3491,-1
2463,3703,-1
1921,1920,-1
3287,4023,-1
3580,3733,-1
422,5829,-1
6851,6585,-1
2016,2139,-1
4720,5268,-1
1394,2223,-1
62,876,-1
2465,2948,-1
5151,5548,-1
3059,258,-1
1062,4720,-1
669,3874,-1
1629,1795,-1
2079,5256,-1
2732,3781,-1
669,5612,-1
2343,1960,-1
5685,5942,-1
50,121,-1
3751,3787,-1
5602,6311,-1
5143,5682,-1
4606,4603,-1
656,2893,-1
2581,3172,-1
5493,5796,-1
815,1434,-1
1060,5619,-1
3672,3999,-1
78,441,-1
1629,2587,-1
632,2838,-1
2464,2662,-1
1471,1549,-1
5307,5240,-1
2342,2191,-1
3286,2548,-1
5145,4857,-1
23,5738,-1
1636,1760,-1
5331,3045,-1
1172,2695,-1
2786,3703,-1
4149,1267,-1
2343,2897,-1
2867,2107,-1
692,1106,-1
4444,1267,-1
695,2096,-1
1248,258,-1
4193,4233,-1
3627,5179,-1
4147,2301,-1
2348,6197,-1
5476,4282,-1
5602,6585,-1
2480,3229,-1
47,3904,-1
2265,2587,-1
5129,7073,-1
1420,3222,-1
2348,3155,-1
2457,3690,-1
3594,2540,-1
2348,3690,-1
3248,4580,-1
3647,2080,-1
967,187,-1
6180,6911,-1
1116,1207,-1
954,4710,-1
3466,3023,-1
2818,5256,-1
410,4233,-1
967,3664,-1
5786,4455,-1
2707,3685,-1
697,673,-1
2548,1634,-1
1250,703,-1
1062,6060,-1
4283,6951,-1
76,1434,-1
604,1800,-1
2617,2980,-1
632,2357,-1
669,5199,-1
1625,2552,-1
3140,6190,-1
6839,4607,-1
1639,2575,-1
2290,2490,-1
80,3550,-1
656,2204,-1
2430,3247,-1
4223,4674,-1
5123,6293,-1
318,891,-1
3077,938,-1
6837,4607,-1
4176,4707,-1
1787,2648,-1
4430,5922,-1
4755,4603,-1
697,1779,-1
111,2581,-1
662,1800,-1
67,168,-1
2620,2621,-1
6154,5072,-1
6415,6827,-1
5586,5967,-1
2617,3703,-1
6055,3644,-1
2432,3633,-1
2348,6627,-1
4618,4987,-1
4551,4550,-1
1420,4018,-1
604,1159,-1
884,4634,-1
5215,4672,-1
3901,5616,-1
318,1054,-1
3155,3904,-1
6125,5104,-1
3800,4350,-1
3255,6552,-1
24,121,-1
76,5586,-1
66,7,-1
781,1106,-1
5547,6293,-1
1256,1609,-1
6160,5800,-1
4374,4454,-1
5680,4607,-1
2357,5057,-1
3800,5074,-1
3594,4746,-1
4468,5268,-1
674,4121,-1
1192,3155,-1
3189,6537,-1
2016,1051,-1
4823,6915,-1
1032,4308,-1
3350,3633,-1
6171,6462,-1
3059,3519,-1
4223,4486,-1
3488,4136,-1
656,2440,-1
1928,2908,-1
5705,5922,-1
2123,318,-1
3336,3703,-1
3145,4265,-1
3596,3242,-1
2062,3228,-1
5918,6905,-1
1032,4930,-1
1142,1155,-1
2707,3807,-1
422,6526,-1
2039,891,-1
2764,4233,-1
3598,3808,-1
2585,3917,-1
6156,4634,-1
1767,1892,-1
912,1993,-1
698,1723,-1
2204,2712,-1
3541,3598,-1
422,5653,-1
533,2662,-1
422,5296,-1
5912,3153,-1
2617,2863,-1
4244,2997,-1
4552,5072,-1
392,174,-1
2767,3205,-1
4705,5870,-1
1351,2281,-1
4552,5281,-1
2792,2878,-1
6173,6888,-1
3147,4989,-1
2761,5712,-1
367,550,-1
546,2499,-1
6869,7090,-1
1032,4607,-1
112,677,-1
2758,3023,-1
1664,4636,-1
57,441,-1
1530,6042,-1
2550,2625,-1
4430,3722,-1
4865,4922,-1
2123,2589,-1
2038,2891,-1
3701,4822,-1
2348,4760,-1
3678,5049,-1
5870,6497,-1
2062,2975,-1
4773,4048,-1
603,1709,-1
1559,2357,-1
1756,4895,-1
2323,5479,-1
2747,4677,-1
3991,2301,-1
1394,2226,-1
77,138,-1
6878,6998,-1
1669,3685,-1
312,1155,-1
2100,2552,-1
2456,2455,-1
916,1461,-1
3360,4577,-1
1032,817,-1
697,2997,-1
3441,4670,-1
5126,5627,-1
1110,2315,-1
778,3703,-1
1062,2397,-1
2038,925,-1
5144,6537,-1
2867,3238,-1
3314,3854,-1
5129,3548,-1
1122,896,-1
967,1709,-1
2973,3426,-1
546,5887,-1
2373,4854,-1
3638,2864,-1
105,5580,-1
5043,5540,-1
719,2997,-1
2463,3349,-1
5680,6014,-1
3249,2018,-1
3159,4479,-1
2343,2690,-1
5255,5268,-1
4335,4878,-1
3427,6291,-1
1002,2423,-1
669,4463,-1
3171,2712,-1
3189,2315,-1
3654,5731,-1
719,1923,-1
271,5121,-1
904,3037,-1
2431,62,-1
3716,4023,-1
119,1420,-1
3307,4350,-1
3598,4681,-1
4164,4068,-1
4664,4660,-1
2465,7005,-1
692,3781,-1
155,925,-1
910,457,-1
2808,3781,-1
3649,5887,-1
3248,3670,-1
1035,1524,-1
3059,3892,-1
2707,5072,-1
3234,2997,-1
57,275,-1
1432,2360,-1
4676,5269,-1
312,1064,-1
2038,2219,-1
5794,5105,-1
3261,3805,-1
888,270,-1
3314,5256,-1
1040,1459,-1
6878,6941,-1
1032,3965,-1
1062,3096,-1
392,433,-1
1394,3149,-1
3441,4900,-1
951,3904,-1
1951,3514,-1
169,5736,-1
1520,2589,-1
4192,2149,-1
1924,1460,-1
1349,4477,-1
3138,2863,-1
6035,6244,-1
4552,5878,-1
4850,3644,-1
2747,5296,-1
1136,1151,-1
6923,7070,-1
2164,2149,-1
6351,5706,-1
3151,6565,-1
3207,4314,-1
2348,2149,-1
3140,6389,-1
2164,5800,-1
1766,698,-1
546,3990,-1
237,2018,-1
3598,3807,-1
2044,2729,-1
656,3252,-1
3287,698,-1
2100,3815,-1
2464,3032,-1
3719,3900,-1
3225,4233,-1
697,2666,-1
3598,4191,-1
1475,6720,-1
2810,3238,-1
2265,2281,-1
1562,4233,-1
3059,2149,-1
2062,3504,-1
5539,5725,-1
1250,3428,-1
2617,2048,-1
2348,3932,-1
35,262,-1
422,5580,-1
822,1151,-1
719,373,-1
3464,4131,-1
4149,2273,-1
4603,4922,-1
1062,3691,-1
5144,6085,-1
910,3522,-1
2348,6042,-1
2810,1756,-1
2707,2677,-1
5539,6835,-1
3446,3447,-1
3059,2864,-1
632,4023,-1
1128,262,-1
3208,1184,-1
4522,5548,-1
3314,6244,-1
1063,1064,-1
5129,5199,-1
6084,6537,-1
2975,4557,-1
3545,4654,-1
1031,2149,-1
3249,3320,-1
1256,215,-1
76,787,-1
106,677,-1
967,1820,-1
5516,4867,-1
1420,5144,-1
2126,3298,-1
2792,698,-1
3647,4062,-1
4149,4857,-1
3287,5144,-1
1417,1461,-1
2039,3097,-1
2041,2781,-1
735,262,-1
755,2283,-1
6180,5889,-1
843,14,-1
2328,3685,-1
6445,3045,-1
2764,2880,-1
769,2729,-1
3962,1267,-1
66,168,-1
719,1542,-1
3883,2223,-1
2132,3115,-1
6173,6557,-1
724,1434,-1
1630,1288,-1
99,4722,-1
3336,4878,-1
4427,6278,-1
77,2018,-1
2705,3808,-1
5001,4044,-1
2090,2712,-1
7047,5072,-1
2126,3285,-1
2428,5682,-1
4566,5424,-1
1062,6056,-1
1984,1051,-1
285,2217,-1
3733,4016,-1
578,1723,-1
5138,5658,-1
656,2059,-1
3594,3644,-1
1031,6537,-1
1166,270,-1
7072,7089,-1
3699,3805,-1
1608,4550,-1
4244,1419,-1
6812,6996,-1
2343,2863,-1
778,3139,-1
5127,6557,-1
6026,6502,-1
640,600,-1
1471,2729,-1
904,3228,-1
1032,4477,-1
2987,14,-1
1256,5892,-1
756,3469,-1
4965,5179,-1
5,926,-1
794,270,-1
4663,5136,-1
2833,3818,-1
4479,4044,-1
1050,4422,-1
7,533,-1
4430,5253,-1
1063,2425,-1
2697,5104,-1
3145,3838,-1
2425,3815,-1
4479,817,-1
2222,2401,-1
1756,4581,-1
1063,154,-1
3809,3551,-1
6306,4511,-1
4445,4720,-1
6328,4634,-1
626,168,-1
624,1690,-1
1062,6335,-1
669,4634,-1
205,1434,-1
719,3149,-1
1416,1923,-1
373,4922,-1
3155,2989,-1
251,2593,-1
3716,4634,-1
128,121,-1
6412,6552,-1
5000,4044,-1
2589,3430,-1
1486,5586,-1
5742,6278,-1
4522,1249,-1
2975,3205,-1
656,4286,-1
3314,5384,-1
4283,4702,-1
2761,3031,-1
3117,258,-1
1068,4672,-1
2396,2662,-1
2348,6276,-1
5015,5736,-1
1639,3563,-1
546,4822,-1
1348,5537,-1
1608,2838,-1
4788,4852,-1
4738,5061,-1
4823,6394,-1
6300,4361,-1
6173,6994,-1
3155,4827,-1
4606,1249,-1
2425,3504,-1
5353,6726,-1
527,2533,-1
2270,4446,-1
1415,6462,-1
1063,1723,-1
2956,3045,-1
735,1267,-1
2039,2893,-1
2680,698,-1
3598,4429,-1
4602,4044,-1
373,1810,-1
6180,6544,-1
1029,943,-1
3153,817,-1
4788,2191,-1
3678,3854,-1
2348,3640,-1
3716,2301,-1
778,3046,-1
6293,6526,-1
1314,4148,-1
2039,2575,-1
5143,5942,-1
1928,4068,-1
3596,1038,-1
656,1605,-1
2926,2948,-1
3306,5593,-1
954,4724,-1
2274,2273,-1
713,1249,-1
2097,5256,-1
4430,5842,-1
1608,3040,-1
2675,2795,-1
3095,1791,-1
2090,3383,-1
76,2533,-1
3314,5559,-1
76,6537,-1
4665,3699,-1
5166,5281,-1
5176,933,-1
1031,6585,-1
4479,4720,-1
1519,4282,-1
3150,4121,-1
755,1993,-1
719,4840,-1
2415,2405,-1
490,5731,-1
2975,3444,-1
4223,4647,-1
76,698,-1
4598,1249,-1
1256,3415,-1
5129,3644,-1
3059,4687,-1
2396,3428,-1
318,3034,-1
5138,5128,-1
3178,2838,-1
2585,4216,-1
5,154,-1
5786,6449,-1
5143,3644,-1
2706,2427,-1
43,1106,-1
4068,4447,-1
3287,2059,-1
353,698,-1
3746,4672,-1
1416,4131,-1
669,5293,-1
1063,4233,-1
5162,4707,-1
4315,2540,-1
5143,2348,-1
2707,5281,-1
1844,1906,-1
4738,5047,-1
2785,3139,-1
6632,4607,-1
1420,2087,-1
4222,5365,-1
3759,5932,-1
6084,3045,-1
6026,7005,-1
197,338,-1
4606,5380,-1
107,193,-1
4552,5875,-1
2261,2851,-1
669,6263,-1
4256,4048,-1
560,213,-1
1277,3703,-1
3546,4044,-1
5284,14,-1
3466,3948,-1
2908,3624,-1
4617,4912,-1
3151,4080,-1
4773,6599,-1
62,3854,-1
2357,2149,-1
47,3690,-1
888,1789,-1
3678,5256,-1
641,2592,-1
3059,1330,-1
943,1115,-1
1062,5983,-1
1475,5800,-1
2328,2724,-1
5309,5586,-1
2039,2455,-1
3716,5800,-1
4926,5027,-1
2396,4900,-1
3681,4837,-1
5307,4867,-1
24,51,-1
4603,4827,-1
2425,258,-1
275,4082,-1
3643,7053,-1
1664,5264,-1
697,4660,-1
901,4634,-1
4374,5267,-1
4226,5313,-1
2761,5652,-1
5786,6439,-1
5073,5911,-1
1062,5800,-1
2431,6907,-1
1180,2096,-1
3406,2149,-1
6056,6827,-1
4335,3778,-1
1032,4018,-1
5674,5736,-1
2348,4233,-1
1681,2315,-1
2348,4136,-1
1432,673,-1
943,693,-1
19,2348,-1
740,1064,-1
2758,3787,-1
3111,3096,-1
2808,5240,-1
5129,6399,-1
50,622,-1
3277,2661,-1
6009,6537,-1
2328,3630,-1
5141,5606,-1
3313,4157,-1
2457,3229,-1
3716,4265,-1
3464,3626,-1
1681,7005,-1
5116,5479,-1
967,5293,-1
1371,4233,-1
5126,4989,-1
5129,5333,-1
3286,4660,-1
862,2438,-1
2996,2838,-1
3156,4672,-1
3059,3816,-1
3598,4161,-1
2761,5620,-1
4819,5740,-1
3784,3786,-1
1670,4580,-1
279,3456,-1
3443,2712,-1
2039,2970,-1
2209,2421,-1
2184,2183,-1
778,3129,-1
1058,847,-1
910,2002,-1
1559,2360,-1
2792,2575,-1
4617,5154,-1
4617,6823,-1
4037,698,-1
118,2670,-1
1062,5827,-1
318,698,-1
3598,4923,-1
3701,4633,-1
527,168,-1
1306,2449,-1
983,1578,-1
4617,4949,-1
1014,62,-1
5586,6368,-1
2037,2729,-1
2126,3229,-1
3466,3658,-1
5672,6359,-1
4527,4550,-1
2172,3999,-1
2628,4479,-1
1062,3624,-1
2126,3219,-1
778,5827,-1
422,5878,-1
287,2204,-1
3799,3045,-1
5129,6833,-1
2594,1106,-1
118,3598,-1
546,4878,-1
10,1086,-1
5105,6449,-1
2270,2621,-1
680,441,-1
422,5422,-1
4965,4700,-1
6149,4805,-1
3097,5193,-1
2465,3037,-1
6364,5687,-1
3063,3056,-1
801,2191,-1
4831,4974,-1
3329,3544,-1
5038,6014,-1
4018,5712,-1
5539,5764,-1
982,5661,-1
3598,4187,-1
3927,4495,-1
422,4867,-1
3314,5889,-1
6151,5736,-1
6149,6564,-1
3190,2864,-1
1192,2909,-1
3151,3009,-1
1040,2360,-1
3655,4187,-1
1763,2209,-1
2471,3644,-1
3644,6650,-1
1032,2039,-1
1172,5091,-1
2301,4660,-1
2343,1184,-1
1450,2223,-1
3335,6537,-1
3574,2897,-1
4310,4269,-1
669,5907,-1
106,844,-1
4926,3904,-1
5151,3644,-1
4430,5823,-1
3059,3172,-1
5783,3054,-1
6247,4472,-1
3059,3644,-1
669,6628,-1
3644,3951,-1
2062,2712,-1
4937,4974,-1
6709,7036,-1
5680,1972,-1
1940,5588,-1
2461,2533,-1
4617,6996,-1
2425,4159,-1
5822,767,-1
6151,6911,-1
1032,4922,-1
2123,5497,-1
4035,4974,-1
5143,5209,-1
4617,4867,-1
2431,6452,-1
5161,5422,-1
669,5522,-1
1373,51,-1
5708,5138,-1
119,1789,-1
3350,3453,-1
138,622,-1
3739,4479,-1
2461,3219,-1
4801,4989,-1
422,5613,-1
1376,1542,-1
23,2908,-1
6026,4870,-1
4430,5231,-1
662,168,-1
4705,6437,-1
3350,3222,-1
2767,3571,-1
5129,2348,-1
41,275,-1
719,4892,-1
3459,14,-1
1351,1541,-1
3145,4314,-1
38,168,-1
665,899,-1
3222,3633,-1
4427,6311,-1
3059,2460,-1
4617,4746,-1
1624,2183,-1
1374,2750,-1
6377,6720,-1
5705,5588,-1
2975,3040,-1
4256,3598,-1
2747,4068,-1
943,1321,-1
3097,3341,-1
1032,3652,-1
22,926,-1
6215,3644,-1
3598,4975,-1
6332,6499,-1
4479,3548,-1
2375,2868,-1
2912,4990,-1
983,3703,-1
4844,4905,-1
6050,6206,-1
47,4233,-1
3155,4905,-1
2469,2348,-1
2548,3440,-1
776,62,-1
4226,5512,-1
3082,3080,-1
967,3867,-1
3427,4943,-1
3350,3932,-1
2781,3247,-1
713,925,-1
902,1175,-1
718,3702,-1
2814,4511,-1
4522,4946,-1
656,2975,-1
1314,4159,-1
1256,1094,-1
3446,4268,-1
898,373,-1
1063,1475,-1
2841,5800,-1
5769,5616,-1
6149,6650,-1
2285,4672,-1
490,1542,-1
2908,3685,-1
2464,2838,-1
3140,5889,-1
5536,5535,-1
108,1434,-1
2343,3004,-1
5571,5736,-1
3336,3807,-1
6175,6650,-1
2172,5967,-1
683,851,-1
1024,847,-1
1450,3733,-1
2428,817,-1
3972,4350,-1
3145,896,-1
2841,2666,-1
1625,3571,-1
1032,3917,-1
2756,3762,-1
5781,6065,-1
1370,3428,-1
2682,1106,-1
4606,5061,-1
3097,710,-1
1143,1499,-1
1562,2510,-1
1629,3562,-1
3427,2897,-1
2428,1057,-1
1419,4350,-1
951,1507,-1
391,5948,-1
4566,4734,-1
2090,3237,-1
422,3762,-1
2461,2863,-1
2457,710,-1
2425,3461,-1
644,2555,-1
3534,2296,-1
5105,6792,-1
656,2589,-1
4566,4892,-1
528,4106,-1
6146,5289,-1
3794,3787,-1
1763,3139,-1
2548,3571,-1
1032,2126,-1
3059,2126,-1
353,2016,-1
5176,6049,-1
5481,5604,-1
6154,6626,-1
5129,5588,-1
2444,3571,-1
3039,5144,-1
1394,2371,-1
3598,3778,-1
1143,1460,-1
6021,6520,-1
4738,4603,-1
626,2499,-1
2039,2293,-1
1237,2908,-1
1625,1634,-1
5123,982,-1
2039,2348,-1
1192,2958,-1
5680,4785,-1
761,757,-1
5146,3551,-1
5143,4068,-1
5317,5712,-1
312,1038,-1
6741,6787,-1
2348,6617,-1
138,854,-1
19,894,-1
279,4603,-1
904,2581,-1
3206,3045,-1
4107,2548,-1
2617,3529,-1
373,6359,-1
778,3072,-1
1062,2427,-1
81,373,-1
3249,3415,-1
2016,1795,-1
2706,2997,-1
373,765,-1
1002,2368,-1
3059,4020,-1
1062,1682,-1
1095,1541,-1
4164,2149,-1
3255,7036,-1
3647,3951,-1
1062,2893,-1
2758,3640,-1
6151,6886,-1
788,2750,-1
713,2621,-1
78,1881,-1
5127,3729,-1
6083,6197,-1
4801,4277,-1
1420,1616,-1
2342,1106,-1
2707,4044,-1
6300,6607,-1
3145,2296,-1
2039,2044,-1
4617,5027,-1
1969,2066,-1
1394,1890,-1
3598,5011,-1
4508,5572,-1
2456,3032,-1
3574,2980,-1
2617,4569,-1
2039,2690,-1
279,740,-1
3306,4177,-1
3261,5270,-1
6079,6526,-1
3059,3616,-1
4823,6585,-1
862,1460,-1
1062,3019,-1
776,1900,-1
2062,3426,-1
2040,2217,-1
2348,3497,-1
3669,3242,-1
943,1643,-1
3155,4427,-1
2575,1330,-1
3653,4268,-1
5794,6565,-1
2062,3129,-1
3287,2897,-1
1314,2535,-1
3653,4080,-1
1256,6293,-1
2090,3281,-1
3797,3787,-1
1375,1648,-1
5178,5264,-1
2926,5089,-1
422,1616,-1
3151,2301,-1
50,51,-1
22,868,-1
6034,3153,-1
163,2018,-1
6335,6615,-1
4223,4561,-1
4603,3699,-1
2366,3252,-1
3097,3503,-1
2062,1501,-1
2553,2683,-1
656,3849,-1
1062,4725,-1
3077,1800,-1
6410,4654,-1
2396,673,-1
41,2648,-1
4365,5967,-1
1801,258,-1
108,168,-1
2062,3670,-1
2761,2460,-1
1062,2908,-1
967,1434,-1
2975,2348,-1
5672,6313,-1
4819,2677,-1
1756,2315,-1
6034,7070,-1
951,5209,-1
5522,5889,-1
3678,4286,-1
4606,3722,-1
3056,5658,-1
3465,4023,-1
146,140,-1
4180,5770,-1
3425,2908,-1
47,1249,-1
2746,5047,-1
4410,3781,-1
1609,2724,-1
2465,62,-1
1717,1578,-1
23,1201,-1
1319,1151,-1
5257,5256,-1
6,174,-1
4482,5606,-1
3716,4233,-1
3716,4694,-1
5720,5932,-1
6173,6412,-1
1166,1311,-1
4192,2191,-1
656,778,-1
1394,698,-1
4566,5414,-1
4241,14,-1
1320,1709,-1
3488,4304,-1
4586,4157,-1
51,338,-1
2798,2490,-1
170,1541,-1
2658,2490,-1
3990,6726,-1
3306,5282,-1
2413,2405,-1
4377,4722,-1
3990,7053,-1
4173,3781,-1
669,6412,-1
3097,3947,-1
6364,5619,-1
3296,3640,-1
3222,3551,-1
3303,4078,-1
912,2666,-1
1062,2083,-1
4192,4634,-1
2464,2575,-1
4374,5559,-1
1351,1842,-1
3647,3807,-1
3647,7053,-1
3331,3504,-1
1982,2532,-1
4479,4872,-1
2463,3250,-1
1267,3031,-1
4566,1267,-1
3303,3596,-1
9,673,-1
904,2819,-1
4269,4694,-1
5769,4048,-1
1062,3139,-1
2852,2204,-1
122,1723,-1
1062,2122,-1
4609,4930,-1
6026,3926,-1
428,3567,-1
632,2315,-1
1063,2381,-1
3627,817,-1
4823,6143,-1
5149,5627,-1
2480,698,-1
4243,4233,-1
2505,3904,-1
6180,933,-1
2703,1315,-1
2461,3722,-1
6317,3644,-1
3077,5617,-1
669,6570,-1
5870,5077,-1
2123,4867,-1
2617,3040,-1
3799,4297,-1
4965,4477,-1
9,562,-1
740,270,-1
2658,3644,-1
756,383,-1
3140,5384,-1
57,589,-1
3574,3711,-1
1032,4525,-1
4561,1057,-1
1608,3598,-1
3,7,-1
778,3691,-1
3336,2191,-1
4068,5293,-1
6755,4607,-1
2431,3644,-1
2747,4989,-1
1394,3387,-1
171,338,-1
3644,1267,-1
2357,3874,-1
2747,4984,-1
4552,6808,-1
2457,3115,-1
1106,457,-1
3598,5904,-1
1424,1723,-1
3719,1900,-1
2328,3907,-1
3350,3690,-1
6719,6726,-1
1063,1106,-1
3885,3781,-1
4066,4975,-1
5129,6437,-1
2039,2511,-1
5331,5327,-1
904,2750,-1
546,5479,-1
277,1051,-1
3119,2864,-1
1062,5256,-1
669,5889,-1
5002,5449,-1
1314,3644,-1
1166,1175,-1
1629,3633,-1
1062,5061,-1
635,3045,-1
1062,3255,-1
5989,6169,-1
8,51,-1
3653,4148,-1
1934,2417,-1
2465,3153,-1
640,1709,-1
1192,1756,-1
2852,3318,-1
67,210,-1
1605,3430,-1
3669,698,-1
4784,4822,-1
1192,1006,-1
2673,2621,-1
6180,5077,-1
3598,2368,-1
245,213,-1
2620,3596,-1
5105,6627,-1
3331,3589,-1
2620,2291,-1
6462,7070,-1
5641,1972,-1
66,121,-1
2038,2555,-1
2090,3402,-1
2456,2648,-1
2348,6626,-1
5229,3644,-1
1002,6368,-1
1063,1176,-1
279,2666,-1
1256,3504,-1
4606,6650,-1
5002,4048,-1
2760,3551,-1
2348,3589,-1
4972,4672,-1
4182,3644,-1
279,383,-1
3222,2917,-1
2506,3951,-1
1062,1968,-1
576,639,-1
1040,14,-1
6149,6615,-1
785,1972,-1
2039,2377,-1
3655,2126,-1
130,329,-1
5423,14,-1
2460,3037,-1
2427,1756,-1
10,988,-1
3651,6233,-1
3151,3320,-1
6067,6951,-1
5512,5687,-1
3681,4840,-1
2224,2535,-1
5634,7005,-1
546,988,-1
2680,3657,-1
2459,2750,-1
2425,4454,-1
2164,2540,-1
5309,5604,-1
2471,258,-1
3594,1267,-1
5512,6380,-1
5215,6599,-1
3724,6643,-1
3594,14,-1
99,3080,-1
3921,5057,-1
2572,2776,-1
2127,3298,-1
2680,933,-1
862,2096,-1
1259,1671,-1
1040,2140,-1
2476,3037,-1
5783,6419,-1
4618,4990,-1
2583,1900,-1
2758,3633,-1
853,1626,-1
3585,4368,-1
4720,5309,-1
4977,4975,-1
589,793,-1
2703,3804,-1
6349,4607,-1
5131,5922,-1
2062,2815,-1
1420,1820,-1
2617,3096,-1
3459,2548,-1
2177,62,-1
4788,5588,-1
1192,3596,-1
5705,5953,-1
4427,5901,-1
126,6098,-1
111,4131,-1
1478,1842,-1
1110,3080,-1
6146,4350,-1
3140,4274,-1
791,1086,-1
6293,6085,-1
2818,4677,-1
1256,2621,-1
766,2593,-1
2467,4927,-1
4598,5256,-1
4188,2030,-1
1348,2666,-1
766,4427,-1
3655,6190,-1
5137,4282,-1
3986,5043,-1
3580,3951,-1
3336,2059,-1
2707,4407,-1
11,2059,-1
697,933,-1
1062,2649,-1
1063,2847,-1
3914,6855,-1
6412,6448,-1
1736,4905,-1
2571,3294,-1
2347,1201,-1
788,383,-1
1035,59,-1
5145,5978,-1
954,2080,-1
3719,1892,-1
3701,5043,-1
2123,2204,-1
740,298,-1
656,2574,-1
1062,6990,-1
1937,2315,-1
2037,2827,-1
4561,5548,-1
4975,3904,-1
4180,5764,-1
4617,4923,-1
126,5736,-1
3360,3477,-1
2039,2767,-1
1014,4782,-1
2461,2425,-1
3647,2315,-1
3151,2575,-1
662,1795,-1
2628,2080,-1
3314,1367,-1
916,2863,-1
3313,5922,-1
4068,4062,-1
3655,3624,-1
2812,2819,-1
4855,4923,-1
2059,3298,-1
2039,2420,-1
656,2548,-1
4374,3904,-1
2706,3818,-1
3069,3056,-1
4551,6412,-1
1298,2080,-1
23,62,-1
4427,5343,-1
1034,1038,-1
822,2122,-1
3151,3571,-1
1032,1064,-1
4060,4062,-1
4617,5270,-1
5769,5907,-1
3350,3787,-1
178,673,-1
1080,1207,-1
19,168,-1
5141,4479,-1
6922,6537,-1
1559,5144,-1
4607,5108,-1
5131,5586,-1
2039,778,-1
3314,5616,-1
279,851,-1
6709,6557,-1
943,398,-1
5602,5967,-1
2377,1420,-1
4287,5134,-1
3170,3219,-1
1063,2511,-1
1256,2107,-1
6979,3644,-1
1062,3589,-1
2348,3722,-1
3799,6479,-1
6055,5911,-1
2461,4854,-1
967,4068,-1
4720,5256,-1
1717,5479,-1
422,1756,-1
5713,5740,-1
1062,4634,-1
3465,3640,-1
776,2171,-1
2062,3399,-1
2520,2575,-1
99,4148,-1
6086,6085,-1
1174,6756,-1
2164,6599,-1
669,5736,-1
788,606,-1
3390,5128,-1
3641,1900,-1
4854,1249,-1
1029,168,-1
5030,7053,-1
3140,2997,-1
3441,5540,-1
531,616,-1
2464,2872,-1
1348,5613,-1
695,2425,-1
817,3497,-1
1062,1456,-1
5053,5863,-1
1416,693,-1
1035,2535,-1
2038,2369,-1
2707,5264,-1
1969,2281,-1
1062,1851,-1
2899,4672,-1
4561,4068,-1
794,1475,-1
1940,2795,-1
2348,4082,-1
3156,4878,-1
2833,3999,-1
2328,2948,-1
3739,3805,-1
3653,3805,-1
2431,4633,-1
6055,6056,-1
2833,3349,-1
1062,3939,-1
67,7,-1
1924,3904,-1
5534,6394,-1
4566,3168,-1
2038,2568,-1
4107,4271,-1
1063,1709,-1
3598,2149,-1
4479,4729,-1
2507,2574,-1
5129,6626,-1
2465,4672,-1
3146,4787,-1
6180,6311,-1
1062,4581,-1
2883,14,-1
776,2625,-1
3145,3932,-1
719,1184,-1
2370,3699,-1
2867,2909,-1
604,373,-1
2348,4089,-1
318,3242,-1
99,5177,-1
1031,4805,-1
5038,5823,-1
2062,5606,-1
656,3096,-1
2785,3595,-1
4039,3781,-1
1608,6096,-1
1820,168,-1
697,4905,-1
490,1820,-1
4315,4314,-1
2038,2423,-1
1420,2019,-1
4615,2191,-1
1420,3045,-1
4854,4479,-1
5274,4282,-1
1763,4525,-1
362,6023,-1
2638,4822,-1
2742,3281,-1
3441,4269,-1
3598,4446,-1
2166,1106,-1
3059,4782,-1
129,213,-1
1601,2283,-1
6171,6557,-1
2617,2178,-1
5634,3153,-1
294,4479,-1
2463,4023,-1
67,926,-1
2164,6412,-1
3387,3023,-1
6351,5547,-1
1060,6412,-1
4116,5983,-1
70,7,-1
2828,2827,-1
4068,6537,-1
1303,1354,-1
1846,5736,-1
2204,2460,-1
2099,1201,-1
4063,4106,-1
23,3907,-1
3901,553,-1
4613,5736,-1
5129,5512,-1
1268,1661,-1
2036,2648,-1
696,1793,-1
5769,7036,-1
105,4854,-1
5602,7079,-1
3394,3808,-1
2172,3598,-1
3580,3640,-1
669,6499,-1
1394,5586,-1
3360,3805,-1
4627,5616,-1
2818,3781,-1
3796,3644,-1
4026,4511,-1
4479,4881,-1
697,1822,-1
719,1272,-1
3654,4109,-1
2617,2204,-1
4467,4286,-1
943,154,-1
527,698,-1
778,4304,-1
2039,2287,-1
6055,933,-1
3336,5039,-1
6235,5199,-1
713,4628,-1
1004,1184,-1
1062,4552,-1
1302,1434,-1
2607,3571,-1
5742,6318,-1
5512,5661,-1
2348,4447,-1
3580,3155,-1
2366,4233,-1
2371,2510,-1
3151,3874,-1
3212,710,-1
2164,5932,-1
656,824,-1
1370,2648,-1
3140,4494,-1
2464,2878,-1
5002,5714,-1
2164,4837,-1
4627,6612,-1
2975,3461,-1
718,3787,-1
3207,4607,-1
1664,2864,-1
1475,6139,-1
4663,4801,-1
5002,6311,-1
951,933,-1
1625,2917,-1
2785,2958,-1
373,4131,-1
2270,3153,-1
2659,5043,-1
3286,4044,-1
1629,2554,-1
2810,3383,-1
2270,3624,-1
3207,4148,-1
4607,4974,-1
1032,4138,-1
2548,3497,-1
3315,3155,-1
3248,3238,-1
1478,1956,-1
1394,270,-1
4224,2548,-1
318,2815,-1
1192,3426,-1
719,5983,-1
1106,270,-1
3153,5138,-1
1475,7068,-1
723,1159,-1
5270,5731,-1
2461,3007,-1
287,1106,-1
1032,3849,-1
4617,4828,-1
3140,6343,-1
1669,5293,-1
1591,3781,-1
373,1094,-1
1032,4677,-1
3387,3769,-1
6260,6833,-1
3034,3032,-1
1594,4350,-1
4973,4479,-1
276,275,-1
1062,1330,-1
4865,4949,-1
1062,2301,-1
4256,5281,-1
138,154,-1
3898,4233,-1
3145,3480,-1
1062,1695,-1
3059,3383,-1
2287,2795,-1
2062,2499,-1
1063,1050,-1
5705,1367,-1
2867,1634,-1
5129,6060,-1
4965,3315,-1
2038,2352,-1
1559,5105,-1
99,5842,-1
3137,4286,-1
4601,3904,-1
1024,3195,-1
1519,3951,-1
669,2810,-1
247,262,-1
1475,4664,-1
4400,3644,-1
2366,2018,-1
644,2666,-1
656,1703,-1
4361,6412,-1
719,2140,-1
2525,2581,-1
3541,5105,-1
5149,5825,-1
2818,5234,-1
24,673,-1
3427,1420,-1
4192,3990,-1
656,1106,-1
111,3195,-1
3927,1176,-1
422,5744,-1
5306,5478,-1
6685,4581,-1
3598,5295,-1
719,4634,-1
1562,3990,-1
2575,3247,-1
5794,5978,-1
24,459,-1
2,85,-1
680,606,-1
2048,3917,-1
3701,5769,-1
3649,3874,-1
2348,6827,-1
3077,2223,-1
5144,4463,-1
3809,4557,-1
2612,168,-1
1306,1542,-1
3006,1541,-1
4063,3238,-1
4068,4493,-1
753,894,-1
2121,2864,-1
794,2755,-1
4213,6787,-1
1969,693,-1
4033,5077,-1
2431,4795,-1
3155,4270,-1
546,4672,-1
2377,2018,-1
126,5796,-1
3598,896,-1
4606,6616,-1
5002,6626,-1
4705,5687,-1
2289,1892,-1
3360,6359,-1
159,622,-1
1763,2729,-1
646,636,-1
126,3644,-1
1080,606,-1
3360,4633,-1
3314,6537,-1
3151,4301,-1
1415,4734,-1
6298,5889,-1
6151,6827,-1
2617,5144,-1
644,1524,-1
1591,2776,-1
2172,4446,-1
2818,3854,-1
3189,2126,-1
5105,6362,-1
983,4878,-1
5761,2087,-1
6055,6412,-1
788,2438,-1
1131,2838,-1
6334,6568,-1
5104,5138,-1
3168,2460,-1
4522,4720,-1
4801,5661,-1
4374,4427,-1
2617,2815,-1
974,3469,-1
5043,5535,-1
2464,2648,-1
904,1054,-1
1979,2649,-1
3059,2164,-1
1062,5141,-1
1471,457,-1
2132,2750,-1
6026,6311,-1
2461,2838,-1
4479,4924,-1
279,765,-1
2100,1945,-1
2463,4447,-1
422,6860,-1
23,757,-1
778,3193,-1
1950,3948,-1
3348,2666,-1
3653,4062,-1
1420,4479,-1
2164,5269,-1
5218,6833,-1
3681,3769,-1
2705,4878,-1
3598,4760,-1
3296,3924,-1
1478,457,-1
5898,1367,-1
4654,3722,-1
4617,2080,-1
3885,1267,-1
3059,3195,-1
118,2204,-1
2039,2490,-1
1266,3703,-1
696,2015,-1
6171,6994,-1
5176,7036,-1
2658,2648,-1
4784,4064,-1
3780,1892,-1
5612,5744,-1
870,2405,-1
10,1360,-1
3307,3899,-1
2617,1184,-1
3598,4495,-1
77,1756,-1
263,3157,-1
3242,3469,-1
2425,3544,-1
5143,5731,-1
3156,62,-1
822,1361,-1
6173,6206,-1
2705,2662,-1
1874,5386,-1
2761,62,-1
6026,3518,-1
1349,5871,-1
4617,2149,-1
4031,6344,-1
118,4297,-1
3811,6585,-1
167,6585,-1
1984,3815,-1
1024,168,-1
5127,6787,-1
2331,2369,-1
4226,1820,-1
870,1361,-1
6207,5264,-1
2758,3781,-1
4865,4881,-1
6364,6232,-1
3585,4082,-1
696,2997,-1
3314,5588,-1
3745,1542,-1
4116,5887,-1
2337,14,-1
3097,3430,-1
3919,62,-1
1002,2442,-1
5307,14,-1
916,4603,-1
2315,5027,-1
1192,2649,-1
5129,3518,-1
1002,6599,-1
64,459,-1
1237,2149,-1
5,1059,-1
3039,3040,-1
1068,168,-1
3106,3630,-1
2090,3349,-1
644,51,-1
1184,2666,-1
3140,3926,-1
6560,4479,-1
3986,4943,-1
5002,6599,-1
4244,5540,-1
217,562,-1
943,1319,-1
1940,7073,-1
2617,2752,-1
967,6637,-1
2172,3168,-1
1420,2607,-1
765,3229,-1
285,4161,-1
3145,3951,-1
4430,5267,-1
76,3349,-1
713,963,-1
10,2352,-1
118,1184,-1
6021,6026,-1
99,5365,-1
983,4177,-1
719,5061,-1
2572,2649,-1
912,2369,-1
6923,7090,-1
318,2204,-1
6982,3644,-1
5547,5948,-1
4705,4350,-1
2707,4603,-1
1348,1106,-1
5672,6585,-1
2123,2732,-1
1062,1945,-1
3986,6389,-1
2572,2149,-1
5149,5270,-1
3151,5484,-1
3483,2666,-1
2767,3383,-1
4617,4799,-1
6055,4048,-1
6173,6569,-1
2204,3172,-1
5129,5293,-1
118,3848,-1
1593,4634,-1
4602,5535,-1
1486,3252,-1
776,822,-1
1062,6452,-1
1080,1704,-1
788,1892,-1
1394,3205,-1
2081,2066,-1
5571,5588,-1
77,3349,-1
1940,3480,-1
4479,1249,-1
2142,2405,-1
126,5072,-1
713,1134,-1
2458,2455,-1
2396,3503,-1
2446,2160,-1
3969,4109,-1
719,1057,-1
119,2381,-1
5786,6160,-1
2469,1800,-1
1562,2351,-1
3287,3602,-1
1012,988,-1
2425,4136,-1
4952,5169,-1
2995,698,-1
1960,3805,-1
1562,2368,-1
285,2548,-1
4155,1822,-1
5769,6962,-1
2431,3238,-1
4965,4193,-1
6364,5449,-1
5149,6293,-1
2753,258,-1
76,1706,-1
3425,3703,-1
2164,5889,-1
6335,6886,-1
1961,1541,-1
6009,3045,-1
4631,3781,-1
669,6035,-1
6841,4607,-1
1002,7005,-1
2323,2191,-1
4604,5863,-1
2617,2425,-1
318,2556,-1
5539,5731,-1
1394,2348,-1
1015,988,-1
6310,854,-1
5571,5677,-1
1110,3115,-1
3959,6538,-1
1180,1402,-1
3598,4674,-1
1568,1540,-1
5127,7089,-1
270,2204,-1
1763,3129,-1
902,2144,-1
2396,2283,-1
2734,2908,-1
2431,6808,-1
286,623,-1
683,854,-1
954,4709,-1
312,2049,-1
669,5770,-1
2617,3849,-1
2767,3932,-1
2463,5251,-1
2062,2423,-1
5270,5264,-1
3444,2149,-1
4664,4674,-1
656,373,-1
67,373,-1
422,5825,-1
2975,3318,-1
5783,5264,-1
2865,2648,-1
719,1330,-1
3145,2126,-1
2425,3228,-1
2132,925,-1
2396,2668,-1
967,5871,-1
2467,4989,-1
4609,4701,-1
3580,3315,-1
3313,970,-1
4522,4603,-1
546,4827,-1
3147,4068,-1
1424,1499,-1
4910,6088,-1
4618,4923,-1
5127,6499,-1
3466,3469,-1
1734,1793,-1
5125,5504,-1
2348,3778,-1
6297,6544,-1
2893,2712,-1
749,1671,-1
2463,4867,-1
2768,2725,-1
118,3999,-1
3151,2533,-1
318,3971,-1
2525,2662,-1
285,2442,-1
3715,896,-1
3719,3971,-1
3059,4588,-1
1192,2980,-1
697,2989,-1
11,373,-1
1961,4504,-1
6173,6886,-1
4618,4839,-1
701,4634,-1
1608,2912,-1
2169,2625,-1
5126,2677,-1
3106,2997,-1
4624,5948,-1
527,51,-1
3598,4106,-1
656,3702,-1
4522,4142,-1
6084,933,-1
66,338,-1
292,636,-1
458,457,-1
3153,4989,-1
1591,3456,-1
5127,6833,-1
3394,3644,-1
3002,3567,-1
546,1684,-1
138,832,-1
1348,4226,-1
3077,4350,-1
2867,3349,-1
2926,1267,-1
3249,3504,-1
3172,2997,-1
3745,4233,-1
1032,2273,-1
5918,4048,-1
6298,6314,-1
6029,6962,-1
2048,2369,-1
1589,2315,-1
3145,3685,-1
6940,4634,-1
3655,6035,-1
5980,2348,-1
1349,1900,-1
5129,854,-1
2747,5231,-1
174,168,-1
2425,1267,-1
3541,6585,-1
2459,3456,-1
5161,6616,-1
1032,5256,-1
5129,5946,-1
3927,5983,-1
576,1605,-1
692,1201,-1
1062,2506,-1
5002,4277,-1
1124,1684,-1
2270,1822,-1
4542,4350,-1
2377,2838,-1
2348,6888,-1
5813,6197,-1
6293,933,-1
1458,258,-1
3316,3960,-1
2172,3153,-1
778,3702,-1
2040,2401,-1
3450,2291,-1
4801,6065,-1
3147,3781,-1
6029,4805,-1
3701,4446,-1
5,156,-1
2366,1972,-1
3248,5424,-1
943,1253,-1
2431,6615,-1
656,1320,-1
5141,6293,-1
2431,3402,-1
1655,5251,-1
656,6537,-1
2673,14,-1
1986,2204,-1
2761,3298,-1
3956,3951,-1
1919,2273,-1
4081,3045,-1
874,1249,-1
2179,3904,-1
6026,6512,-1
5002,6318,-1
2396,5400,-1
5131,5932,-1
2617,3242,-1
5870,6502,-1
2127,2535,-1
916,5268,-1
680,62,-1
697,3235,-1
5792,6538,-1
766,2381,-1
2575,2107,-1
4566,4193,-1
776,2574,-1
490,1729,-1
6026,4429,-1
575,154,-1
4973,5385,-1
2396,4658,-1
4629,6520,-1
3678,3765,-1
310,673,-1
778,2648,-1
5980,5586,-1
642,2724,-1
3986,5932,-1
6293,5002,-1
4149,5490,-1
1184,1151,-1
3919,4905,-1
603,824,-1
11,168,-1
3140,3149,-1
4430,5501,-1
1613,2555,-1
2908,3691,-1
2603,4634,-1
656,4734,-1
2680,854,-1
4226,5511,-1
4591,4878,-1
3991,4350,-1
2003,2002,-1
2343,3892,-1
6011,767,-1
943,1355,-1
2343,4581,-1
3360,6411,-1
3464,3415,-1
5907,6628,-1
7,193,-1
4374,5535,-1
1890,2015,-1
1266,1249,-1
2038,2795,-1
719,4722,-1
6709,4634,-1
4552,6065,-1
3168,4023,-1
2867,2666,-1
1256,3242,-1
1605,2648,-1
2575,258,-1
1478,1706,-1
674,3948,-1
870,1161,-1
138,903,-1
2829,2827,-1
1928,2018,-1
1376,1541,-1
2833,2838,-1
4664,4673,-1
2270,1892,-1
5099,4798,-1
1591,3786,-1
1639,51,-1
1341,2864,-1
490,2204,-1
3157,5144,-1
1256,3193,-1
4850,5736,-1
2659,1892,-1
318,622,-1
5079,5077,-1
3598,3529,-1
6151,7079,-1
3541,4233,-1
1380,1578,-1
713,4989,-1
1220,270,-1
2420,2724,-1
10,925,-1
279,3379,-1
318,1330,-1
51,984,-1
2062,2526,-1
3249,2427,-1
4598,7036,-1
3545,4991,-1
6709,3644,-1
2096,4672,-1
2337,1892,-1
1220,1473,-1
2166,2490,-1
896,943,-1
5585,5978,-1
1608,5547,-1
4147,4702,-1
4061,4494,-1
1062,5505,-1
3330,3630,-1
1420,457,-1
3059,1176,-1
2728,2781,-1
3151,4052,-1
639,824,-1
6335,6568,-1
4226,6076,-1
3580,1054,-1
1530,6405,-1
19,151,-1
3033,3703,-1
5129,5537,-1
3885,938,-1
765,2581,-1
3596,3769,-1
3668,5800,-1
4617,5361,-1
6156,6143,-1
7,854,-1
3618,4187,-1
1394,3703,-1
3145,4177,-1
6335,6043,-1
6029,6439,-1
4316,4314,-1
105,6067,-1
1627,2351,-1
1969,1038,-1
2895,3596,-1
5043,5231,-1
7,793,-1
4552,5269,-1
41,3778,-1
1394,3004,-1
5634,5043,-1
862,2568,-1
6709,5072,-1
5786,6261,-1
4479,3990,-1
2420,2621,-1
902,1087,-1
1570,1184,-1
2490,3428,-1
3739,5548,-1
2585,4062,-1
778,1460,-1
3147,4016,-1
6043,6568,-1
755,2648,-1
4650,4647,-1
1370,4854,-1
5680,6125,-1
1306,1054,-1
1763,2662,-1
967,2398,-1
3140,5911,-1
1608,3229,-1
2463,4158,-1
3147,5922,-1
656,1161,-1
2191,3281,-1
253,925,-1
1608,4121,-1
756,3229,-1
3653,2989,-1
2337,2648,-1
697,3230,-1
1248,1184,-1
5777,4634,-1
2463,5089,-1
1420,1201,-1
4374,4729,-1
5836,5072,-1
2465,1054,-1
6885,6884,-1
2707,4660,-1
2111,2087,-1
5127,3054,-1
3425,2204,-1
1471,2002,-1
2761,3733,-1
5141,6889,-1
559,622,-1
2342,1184,-1
1405,215,-1
6412,6774,-1
4430,5878,-1
3331,3236,-1
2164,4602,-1
422,1403,-1
3495,14,-1
794,1175,-1
2657,4780,-1
1034,2490,-1
118,1759,-1
5123,5887,-1
967,5887,-1
5317,6756,-1
2289,4712,-1
1256,4634,-1
1002,6076,-1
6222,3644,-1
1649,1648,-1
1669,5617,-1
1032,3722,-1
3145,3543,-1
4892,6808,-1
4315,4835,-1
4880,4878,-1
1763,2123,-1
4897,2677,-1
2747,3904,-1
3140,5661,-1
1032,3303,-1
5048,5047,-1
312,1628,-1
5918,3054,-1
1421,3932,-1
1420,2107,-1
2062,2485,-1
353,545,-1
1372,698,-1
6414,6612,-1
5517,4867,-1
4479,4725,-1
3921,5112,-1
251,1881,-1
4374,4634,-1
656,4782,-1
2467,1419,-1
2926,5268,-1
2707,3964,-1
719,2107,-1
4315,4660,-1
5784,3460,-1
6297,933,-1
1818,3238,-1
576,3765,-1
5053,5712,-1
14,86,-1
4479,5612,-1
4919,3904,-1
3596,3804,-1
5794,5293,-1
287,2666,-1
3647,5511,-1
6649,6679,-1
1266,3657,-1
5002,4785,-1
1928,1106,-1
776,2555,-1
6021,6835,-1
1063,1161,-1
4919,5179,-1
2038,677,-1
2617,1759,-1
943,896,-1
1023,2015,-1
5685,3153,-1
3156,5420,-1
169,6557,-1
3151,4636,-1
875,3426,-1
713,1267,-1
3336,201,-1
2038,2036,-1
1256,1820,-1
1530,4835,-1
5176,3153,-1
5786,3805,-1
2467,4660,-1
78,933,-1
5292,6726,-1
755,2352,-1
78,4709,-1
3173,3589,-1
3799,3948,-1
1002,6632,-1
1063,2621,-1
5144,6263,-1
3901,4822,-1
2687,2648,-1
1475,6735,-1
6407,6833,-1
1192,2776,-1
2585,3932,-1
2658,2209,-1
943,441,-1
669,6419,-1
3649,4766,-1
3156,5144,-1
2204,3229,-1
111,383,-1
697,4148,-1
5125,5620,-1
99,3602,-1
1306,59,-1
4522,4654,-1
4720,5177,-1
2785,3298,-1
2763,4282,-1
527,4446,-1
904,3229,-1
938,4233,-1
943,1089,-1
3155,4148,-1
801,2917,-1
4788,3904,-1
1032,4086,-1
3534,3149,-1
2463,3807,-1
1298,2485,-1
2717,1367,-1
3059,2533,-1
669,2348,-1
3655,6349,-1
2761,5400,-1
2017,2485,-1
2343,4795,-1
312,154,-1
4430,5875,-1
2617,1249,-1
5617,5944,-1
6026,6394,-1
2224,2648,-1
4430,5829,-1
5144,4788,-1
1268,2015,-1
1365,187,-1
4850,4654,-1
2617,3488,-1
2068,2066,-1
1658,2983,-1
2867,2948,-1
2575,2648,-1
6992,4048,-1
197,2002,-1
3287,3616,-1
295,262,-1
6104,6585,-1
67,85,-1
2396,5254,-1
1415,6646,-1
422,5736,-1
5307,3644,-1
3713,3703,-1
2166,2827,-1
1032,3825,-1
2459,3195,-1
4479,933,-1
3287,3971,-1
713,4798,-1
4552,4831,-1
5127,4282,-1
2331,2880,-1
2323,3013,-1
2039,3320,-1
2039,3781,-1
696,2096,-1
2166,2948,-1
3155,4720,-1
99,4109,-1
1110,2087,-1
1940,2352,-1
3314,2677,-1
587,5593,-1
4078,2149,-1
2164,5256,-1
2038,2273,-1
5145,6720,-1
4479,1542,-1
285,6756,-1
943,967,-1
391,2066,-1
943,1026,-1
5141,6509,-1
4522,4798,-1
3921,5108,-1
4603,62,-1
576,210,-1
4952,5604,-1
4617,4946,-1
6300,6617,-1
3681,5613,-1
698,925,-1
2062,4186,-1
67,793,-1
3146,2149,-1
1394,1184,-1
1063,2434,-1
3982,4177,-1
5586,3460,-1
3147,4064,-1
2575,3555,-1
5002,7073,-1
4192,5047,-1
2707,1249,-1
6173,6904,-1
6220,6359,-1
2520,2516,-1
4033,4837,-1
943,571,-1
2342,2863,-1
3153,4785,-1
1420,4777,-1
5783,6450,-1
2343,6611,-1
373,1208,-1
5141,5736,-1
6146,6380,-1
2617,168,-1
2478,3229,-1
105,1094,-1
1035,2149,-1
1416,2357,-1
2038,2918,-1
8,85,-1
2461,2123,-1
4617,4044,-1
1062,6650,-1
4976,4975,-1
1080,880,-1
294,610,-1
3148,3023,-1
510,693,-1
3145,4082,-1
5331,6537,-1
2761,4186,-1
656,1459,-1
776,698,-1
1971,1793,-1
904,2997,-1
3653,4121,-1
2843,2838,-1
99,2997,-1
1639,1643,-1
4100,3548,-1
1984,2621,-1
23,4561,-1
5002,6363,-1
3394,4479,-1
3919,5800,-1
3146,3781,-1
916,270,-1
2707,3762,-1
2246,6430,-1
194,168,-1
6634,7070,-1
1135,1575,-1
1062,2831,-1
2678,1106,-1
5781,6053,-1
4566,2178,-1
982,4048,-1
2871,2191,-1
1062,5857,-1
2039,1669,-1
669,7053,-1
4479,5405,-1
3306,5105,-1
5782,6311,-1
2673,3318,-1
4613,2080,-1
5769,6823,-1
697,938,-1
3598,3153,-1
3248,3819,-1
1060,1759,-1
3914,4511,-1
1818,2724,-1
5794,6405,-1
185,168,-1
4078,5863,-1
5105,6245,-1
756,5077,-1
1029,1106,-1
2204,3589,-1
6574,6026,-1
1593,6585,-1
4374,6396,-1
669,4282,-1
5826,5251,-1
6811,4634,-1
5002,6756,-1
4823,6085,-1
1420,1577,-1
4479,5616,-1
2463,3428,-1
3147,4308,-1
172,1106,-1
2761,2581,-1
967,1779,-1
3594,3440,-1
4427,5842,-1
4552,5715,-1
99,3710,-1
1374,4670,-1
3655,4304,-1
3314,5112,-1
3653,4177,-1
2204,1756,-1
3610,3154,-1
943,288,-1
2315,3904,-1
4256,4450,-1
1756,2815,-1
5206,6726,-1
5123,5967,-1
656,2621,-1
669,1711,-1
1818,2574,-1
2792,2948,-1
4180,4282,-1
4066,4159,-1
2110,2087,-1
4004,4062,-1
788,847,-1
746,14,-1
2342,2204,-1
2507,2535,-1
713,1890,-1
2099,2555,-1
2301,5715,-1
3811,4121,-1
902,1161,-1
3287,3526,-1
3077,3948,-1
3580,3581,-1
967,1315,-1
2462,3080,-1
2164,6146,-1
6026,854,-1
2975,6085,-1
5125,5606,-1
1032,3819,-1
5043,5694,-1
669,2398,-1
5261,5377,-1
2717,7090,-1
5720,2087,-1
324,193,-1
1233,1542,-1
2707,5677,-1
1002,933,-1
815,2516,-1
118,2838,-1
3314,5511,-1
6247,4607,-1
2016,2204,-1
5586,3054,-1
3653,3652,-1
3672,3804,-1
2250,62,-1
2159,4068,-1
1951,2997,-1
817,673,-1
258,1729,-1
2733,3548,-1
1736,2002,-1
4403,4799,-1
1971,1640,-1
3097,3402,-1
943,1258,-1
855,1086,-1
3147,4486,-1
5002,6151,-1
1663,4878,-1
2463,2868,-1
817,2281,-1
4508,4868,-1
5787,4472,-1
1763,2750,-1
1032,3685,-1
5701,2368,-1
1874,2405,-1
3350,2648,-1
4973,933,-1
1669,2838,-1
6553,2348,-1
3306,4158,-1
3350,3504,-1
5786,6244,-1
6026,5870,-1
6026,6497,-1
422,1427,-1
3885,3951,-1
2467,5593,-1
719,553,-1
4416,4504,-1
422,933,-1
656,2062,-1
2337,3733,-1
1731,1634,-1
3151,4798,-1
4591,2087,-1
2707,3917,-1
6674,6720,-1
3145,1822,-1
3672,3460,-1
1664,1267,-1
6154,4607,-1
4809,4990,-1
642,2568,-1
2607,3690,-1
3140,4187,-1
2908,1791,-1
5141,4511,-1
4015,2223,-1
3653,4271,-1
2659,2209,-1
5143,3153,-1
4566,5405,-1
2457,2455,-1
1248,2191,-1
2525,2668,-1
1319,1635,-1
126,1367,-1
1420,1540,-1
2548,3139,-1
6462,5199,-1
1080,1810,-1
2463,4308,-1
5127,6076,-1
822,1628,-1
3598,4525,-1
948,2281,-1
788,3630,-1
1940,4271,-1
286,710,-1
2396,3497,-1
2758,3778,-1
31,51,-1
4603,5027,-1
624,1249,-1
2343,6667,-1
1110,1184,-1
4149,4930,-1
1555,3703,-1
3655,5138,-1
1420,3904,-1
1002,6412,-1
1669,5309,-1
5769,6419,-1
1063,2864,-1
778,3340,-1
167,210,-1
10,441,-1
1924,2891,-1
2261,2648,-1
4552,5377,-1
1482,7005,-1
2210,5796,-1
2117,2864,-1
740,1094,-1
898,847,-1
1649,1882,-1
4506,6359,-1
2703,3032,-1
527,3250,-1
719,2083,-1
3261,5478,-1
6574,6293,-1
2465,3129,-1
6335,6628,-1
822,740,-1
3441,3762,-1
2343,3238,-1
2396,4463,-1
1420,2144,-1
2090,3461,-1
2908,4447,-1
1450,2204,-1
5672,6245,-1
3155,201,-1
713,5053,-1
5105,5077,-1
801,3567,-1
6034,6607,-1
3398,2712,-1
216,4677,-1
1062,2516,-1
5801,3644,-1
3155,4974,-1
3156,4226,-1
5176,6650,-1
5680,6053,-1
576,5240,-1
713,1038,-1
264,262,-1
4223,4974,-1
2738,1267,-1
2607,710,-1
5795,5842,-1
3672,4062,-1
4479,2912,-1
2039,2582,-1
2617,1106,-1
1625,3453,-1
1763,2301,-1
2463,5613,-1
3137,62,-1
106,903,-1
2038,2296,-1
4587,201,-1
1062,1729,-1
1062,6244,-1
3059,3633,-1
3147,4447,-1
1664,3999,-1
4897,6537,-1
4552,4677,-1
62,3153,-1
2461,2725,-1
78,62,-1
2818,4068,-1
713,5537,-1
119,795,-1
2038,2384,-1
3248,3571,-1
105,5892,-1
1972,2880,-1
2039,3951,-1
3701,62,-1
964,1319,-1
4566,5496,-1
3146,3874,-1
2707,4089,-1
5335,5138,-1
2164,4673,-1
187,168,-1
2476,3781,-1
3147,4603,-1
644,1094,-1
99,4892,-1
2348,4588,-1
6173,4407,-1
2177,2149,-1
2463,3219,-1
6027,4854,-1
279,1161,-1
4479,4878,-1
5219,3598,-1
640,2516,-1
2160,2499,-1
3655,4854,-1
2463,4636,-1
4483,4878,-1
4603,4269,-1
5219,4867,-1
1476,2548,-1
405,1087,-1
943,1371,-1
755,2750,-1
422,5270,-1
372,623,-1
1032,3924,-1
5132,6412,-1
3330,2997,-1
4335,4912,-1
3580,2315,-1
5129,5604,-1
5002,5422,-1
5176,4477,-1
4116,6537,-1
698,298,-1
3261,6197,-1
2607,3948,-1
302,174,-1
1192,2997,-1
3809,4158,-1
6562,4870,-1
3313,5944,-1
4813,5842,-1
41,1106,-1
4475,4654,-1
3059,3781,-1
1056,1361,-1
5512,6057,-1
3222,1756,-1
3427,2315,-1
2209,925,-1
2039,2976,-1
4936,4177,-1
2496,1249,-1
5002,5053,-1
4640,4660,-1
2463,2819,-1
2760,4634,-1
1062,2204,-1
2465,2662,-1
10,1729,-1
3249,3630,-1
4244,4233,-1
4788,4068,-1
1940,3114,-1
2471,933,-1
4603,4949,-1
1348,2548,-1
778,4463,-1
2040,2535,-1
422,5778,-1
3701,3703,-1
2513,2511,-1
1248,2427,-1
1940,2049,-1
1416,3633,-1
713,823,-1
4603,4881,-1
154,1038,-1
3261,6537,-1
99,1892,-1
3655,5706,-1
6921,5800,-1
860,943,-1
822,2107,-1
857,1460,-1
5786,6359,-1
1982,14,-1
2617,2868,-1
3387,3544,-1
2287,2059,-1
5783,6509,-1
5809,3644,-1
4979,3551,-1
2389,3236,-1
697,3238,-1
3350,3899,-1
6599,6206,-1
22,858,-1
2425,3491,-1
2607,2296,-1
3147,4588,-1
2620,2487,-1
122,3426,-1
3990,3045,-1
6125,3054,-1
1031,6085,-1
604,51,-1
5889,5930,-1
5780,5863,-1
3574,3571,-1
3020,5800,-1
2563,5800,-1
3306,4881,-1
3097,3597,-1
1658,3907,-1
3249,2893,-1
3263,2666,-1
6032,4854,-1
1183,2002,-1
3111,4828,-1
2617,3778,-1
2810,3236,-1
4618,4991,-1
76,4822,-1
4788,4857,-1
1062,2425,-1
2975,2648,-1
2833,3288,-1
3107,2864,-1
853,2625,-1
3651,4607,-1
1394,1267,-1
3444,5144,-1
1669,2714,-1
2461,2455,-1
2204,3658,-1
2761,4989,-1
5002,6042,-1
85,298,-1
2039,3892,-1
4224,5144,-1
3111,4949,-1
2833,3126,-1
1984,2384,-1
2575,2729,-1
576,1361,-1
1348,3168,-1
422,5844,-1
1060,1151,-1
422,3114,-1
2583,5121,-1
1256,1249,-1
5117,6650,-1
2342,1892,-1
2705,3702,-1
3145,4308,-1
5766,6368,-1
4656,4707,-1
5,558,-1
2975,2191,-1
3445,4854,-1
1928,3818,-1
2270,4177,-1
277,1616,-1
3422,3426,-1
2062,3172,-1
6148,6143,-1
4952,5953,-1
2462,2209,-1
822,2183,-1
1845,606,-1
3610,3904,-1
3655,6585,-1
927,1038,-1
73,140,-1
4386,3644,-1
4664,7010,-1
5129,5932,-1
1420,3543,-1
1303,2878,-1
2818,2223,-1
2100,3787,-1
76,5377,-1
4850,6060,-1
2039,1176,-1
381,3816,-1
1032,1542,-1
1062,3056,-1
6077,5706,-1
2581,1634,-1
756,3658,-1
6638,6756,-1
1166,262,-1
632,1956,-1
2425,2917,-1
1450,2917,-1
4164,4984,-1
5002,5478,-1
2289,4131,-1
422,5606,-1
2123,2048,-1
5672,4429,-1
546,2201,-1
1416,1810,-1
99,2781,-1
2707,4148,-1
4018,4660,-1
743,1756,-1
943,703,-1
118,5420,-1
2425,3702,-1
4744,2149,-1
719,2516,-1
3678,4660,-1
1763,3519,-1
99,2107,-1
656,4233,-1
3140,4687,-1
4738,6612,-1
843,1793,-1
5002,5267,-1
4038,4131,-1
422,2666,-1
1365,1461,-1
4506,6197,-1
5149,7112,-1
3314,4479,-1
4073,5616,-1
1062,5539,-1
6592,6585,-1
4617,4841,-1
822,1709,-1
1951,4905,-1
3152,2575,-1
1664,3702,-1
2090,3341,-1
1415,3430,-1
2270,698,-1
5918,6904,-1
1452,1460,-1
2707,201,-1
5912,6359,-1
697,3236,-1
490,5972,-1
719,4725,-1
2059,3461,-1
1306,2827,-1
1062,3040,-1
5929,6039,-1
756,4807,-1
6562,5619,-1
4430,4282,-1
4479,5043,-1
1420,817,-1
2471,2219,-1
3739,4286,-1
367,193,-1
2462,3114,-1
4001,3999,-1
5430,3729,-1
4361,6419,-1
287,2587,-1
2023,1106,-1
111,2897,-1
2396,4654,-1
318,2864,-1
1062,6334,-1
118,3379,-1
1763,2395,-1
2164,5904,-1
1062,2621,-1
1763,2587,-1
1940,938,-1
2377,2414,-1
756,3539,-1
2348,5104,-1
4663,4709,-1
3336,3096,-1
1951,2593,-1
1143,2552,-1
6349,6412,-1
6654,4607,-1
3394,938,-1
1553,4672,-1
6151,6726,-1
4910,14,-1
3919,2149,-1
1940,2851,-1
67,275,-1
3350,3892,-1
1088,1151,-1
1639,2315,-1
2738,4062,-1
422,4975,-1
794,2724,-1
3678,1057,-1
967,3004,-1
4552,5268,-1
2464,2958,-1
5309,4277,-1
2657,2653,-1
2126,3426,-1
6050,4654,-1
656,168,-1
1192,1361,-1
5131,933,-1
1248,1064,-1
2285,4634,-1
1940,2827,-1
5129,4795,-1
1062,5932,-1
1940,2368,-1
2425,2426,-1
126,6065,-1
2323,2750,-1
2823,2851,-1
4357,4634,-1
2617,3315,-1
312,1048,-1
916,2281,-1
1969,2155,-1
2233,6585,-1
1192,698,-1
154,1087,-1
2164,5382,-1
5481,5479,-1
3287,3285,-1
2166,2662,-1
1664,4852,-1
3462,3461,-1
1629,2414,-1
279,793,-1
2037,2369,-1
2342,383,-1
624,2183,-1
1450,2589,-1
2617,2301,-1
1967,1616,-1
5672,4361,-1
1629,2283,-1
62,6585,-1
1394,3497,-1
3643,1057,-1
4952,5281,-1
4116,5380,-1
5,1151,-1
2633,3480,-1
3314,5305,-1
695,4974,-1
4430,3823,-1
1424,1426,-1
3598,4577,-1
3701,1249,-1
2039,2401,-1
3387,3838,-1
6614,4634,-1
41,1992,-1
373,215,-1
576,4895,-1
904,3219,-1
4315,5930,-1
3156,5800,-1
1341,1434,-1
5141,5380,-1
4479,4658,-1
2396,5640,-1
4598,4479,-1
4330,2348,-1
2464,2724,-1
5586,4854,-1
310,1360,-1
4283,6053,-1
1394,2425,-1
5933,5548,-1
2457,3219,-1
656,1475,-1
1173,1703,-1
1349,5256,-1
1940,2002,-1
2062,3453,-1
3716,2191,-1
1639,3630,-1
4192,4854,-1
5141,5946,-1
3240,3032,-1
669,6293,-1
6055,3153,-1
3336,4016,-1
713,3598,-1
1450,1881,-1
2759,4607,-1
2123,3195,-1
1184,3252,-1
3350,1756,-1
1639,3555,-1
316,2283,-1
1763,2490,-1
1032,4350,-1
1063,1087,-1
1530,6998,-1
1927,1793,-1
2331,2662,-1
3111,62,-1
2465,3504,-1
5078,5077,-1
3221,3907,-1
87,6557,-1
2835,3807,-1
4965,4788,-1
3147,3238,-1
4701,2149,-1
2343,2714,-1
3465,4580,-1
904,1006,-1
857,2838,-1
6816,5199,-1
3313,3761,-1
1566,2649,-1
1917,1201,-1
904,6599,-1
106,639,-1
4479,4799,-1
528,698,-1
5292,6884,-1
1062,5624,-1
2062,2460,-1
3145,4268,-1
6649,6206,-1
4310,4479,-1
2758,2864,-1
1351,3138,-1
4468,5269,-1
3598,3874,-1
2553,1106,-1
776,1460,-1
983,2750,-1
5104,5736,-1
2390,2548,-1
5131,6774,-1
6599,6756,-1
1446,1575,-1
1063,1159,-1
2824,3115,-1
2025,3440,-1
904,903,-1
4618,4882,-1
669,5617,-1
23,2668,-1
3350,1054,-1
4664,5281,-1
3509,3172,-1
755,3139,-1
4283,5736,-1
696,698,-1
2742,3426,-1
5794,6585,-1
5317,4664,-1
662,2827,-1
5,824,-1
3350,3589,-1
641,636,-1
5897,1367,-1
801,3658,-1
3649,4922,-1
1669,4269,-1
5176,3598,-1
5131,6643,-1
4705,2815,-1
3140,4447,-1
546,787,-1
2337,3787,-1
4078,6053,-1
1763,2062,-1
23,988,-1
2342,698,-1
1032,154,-1
422,3426,-1
2064,2917,-1
531,558,-1
2328,4131,-1
2289,6085,-1
2343,3816,-1
1374,1575,-1
3800,4271,-1
62,373,-1
4479,4990,-1
3401,1006,-1
3710,3899,-1
836,1434,-1
2571,3229,-1
4566,4660,-1
1062,2975,-1
251,2581,-1
3286,2997,-1
1062,270,-1
3306,4654,-1
5786,6276,-1
3143,62,-1
4380,14,-1
78,2511,-1
697,2149,-1
656,2544,-1
6026,6096,-1
6142,7090,-1
5002,5653,-1
788,1993,-1
3854,817,-1
2431,4023,-1
4034,698,-1
1699,2149,-1
5617,6652,-1
3097,3349,-1
5176,5904,-1
1763,2806,-1
3914,7053,-1
422,4495,-1
10,1426,-1
2123,2666,-1
2342,2425,-1
5002,5072,-1
3580,4314,-1
5176,4350,-1
167,441,-1
1424,2587,-1
47,3819,-1
1906,3229,-1
1450,2059,-1
1063,2880,-1
3978,2178,-1
3655,5128,-1
6300,6496,-1
2763,6557,-1
713,5497,-1
1032,5490,-1
162,1575,-1
3919,3598,-1
3446,698,-1
1348,5420,-1
4164,4912,-1
3197,3219,-1
3168,3892,-1
1062,3238,-1
4456,6726,-1
2277,5661,-1
5534,6643,-1
6056,6169,-1
2123,1634,-1
23,1882,-1
5138,5694,-1
3168,3781,-1
2285,168,-1
5129,6526,-1
5141,5616,-1
576,2427,-1
3173,3595,-1
3189,4297,-1
3901,2149,-1
3314,4943,-1
197,2049,-1
6293,6833,-1
1415,3460,-1
2062,3168,-1
2746,3778,-1
1478,1795,-1
3248,3778,-1
1530,4131,-1
1032,1703,-1
943,983,-1
697,383,-1
2457,1634,-1
99,2405,-1
4230,4018,-1
3719,2997,-1
6173,6607,-1
2328,1634,-1
2164,2831,-1
3545,4350,-1
3156,3644,-1
2617,4062,-1
3878,3781,-1
2607,3947,-1
3153,5136,-1
422,5281,-1
3147,3675,-1
1420,2041,-1
2209,2668,-1
24,85,-1
4738,5892,-1
1062,2544,-1
1559,795,-1
1949,2724,-1
1032,3480,-1
5144,5127,-1
3634,767,-1
2707,5682,-1
1250,2435,-1
822,728,-1
3313,4854,-1
5,4411,-1
5002,5413,-1
99,3644,-1
77,5377,-1
3207,4086,-1
3739,5169,-1
118,3230,-1
2761,5043,-1
2675,2683,-1
2620,3349,-1
2810,3430,-1
3580,4634,-1
1002,6197,-1
5680,5547,-1
5918,6439,-1
422,3551,-1
3387,3691,-1
3059,4709,-1
6351,6951,-1
4606,4282,-1
4283,6818,-1
2172,3825,-1
4192,2815,-1
2270,5061,-1
1420,1822,-1
5474,6792,-1
3799,2126,-1
3986,2348,-1
5522,6349,-1
3937,3932,-1
3464,3658,-1
822,1575,-1
3314,62,-1
1062,553,-1
2039,3972,-1
2463,3626,-1
755,1426,-1
3140,6065,-1
2040,2219,-1
7033,5072,-1
2372,2283,-1
3898,698,-1
2036,3023,-1
4522,5923,-1
4066,7036,-1
5794,6568,-1
2343,3195,-1
1928,2149,-1
6029,4361,-1
5141,5268,-1
697,3874,-1
1972,3430,-1
4952,6394,-1
1608,3703,-1
3307,1892,-1
279,1267,-1
294,868,-1
1475,5264,-1
5107,6526,-1
1949,2552,-1
527,4822,-1
3155,4301,-1
3059,3238,-1
1349,4664,-1
3146,4974,-1
1062,6653,-1
118,2732,-1
4865,4854,-1
285,899,-1
656,1398,-1
142,6615,-1
1063,1676,-1
2833,383,-1
10,1920,-1
2427,3155,-1
2982,2348,-1
67,140,-1
5144,933,-1
3701,4504,-1
5274,817,-1
2463,817,-1
3598,4854,-1
669,5825,-1
3712,3644,-1
28,3875,-1
5685,4634,-1
1032,4089,-1
4854,14,-1
884,6585,-1
2778,2819,-1
5002,6632,-1
2195,1006,-1
2818,7005,-1
2127,2426,-1
3151,2648,-1
142,6499,-1
337,262,-1
4609,2332,-1
5783,6359,-1
6173,6449,-1
6055,6585,-1
1348,2149,-1
2126,3562,-1
669,3153,-1
5602,6014,-1
669,4664,-1
333,168,-1
1080,2864,-1
801,3510,-1
5028,5027,-1
3138,4634,-1
2172,4233,-1
719,5505,-1
4616,4990,-1
1450,1524,-1
1487,3298,-1
2761,3804,-1
4801,5588,-1
785,824,-1
1374,3733,-1
1972,3242,-1
2233,2575,-1
4522,5089,-1
2912,4780,-1
1568,62,-1
4819,5588,-1
6029,854,-1
1608,3778,-1
41,9,-1
2463,5177,-1
3908,4350,-1
2463,3415,-1
2559,2059,-1
2328,2191,-1
1024,62,-1
4956,2315,-1
3466,3640,-1
6021,3644,-1
4078,4814,-1
237,3456,-1
4257,3542,-1
5149,2087,-1
1530,4974,-1
3701,6013,-1
6300,6570,-1
3059,4552,-1
1984,2526,-1
640,765,-1
2062,2426,-1
827,2516,-1
2444,5240,-1
3716,3465,-1
11,926,-1
1306,1795,-1
2202,6756,-1
2039,885,-1
2607,2301,-1
756,5765,-1
3336,3851,-1
1024,1038,-1
1519,3229,-1
888,1161,-1
3097,3298,-1
1432,2414,-1
4430,5478,-1
981,2526,-1
3140,4588,-1
3425,1267,-1
3598,4708,-1
2431,3491,-1
1298,2160,-1
6444,3153,-1
5233,6568,-1
1597,3080,-1
855,868,-1
5680,6039,-1
2604,2851,-1
916,2351,-1
2908,3762,-1
4444,6085,-1
3303,2864,-1
126,3781,-1
111,933,-1
768,876,-1
373,1729,-1
1088,1152,-1
3109,7102,-1
1420,2049,-1
882,988,-1
1063,2917,-1
5127,5796,-1
1458,4023,-1
4026,4269,-1
3086,1054,-1
525,4870,-1
3598,2164,-1
5225,3644,-1
5539,6537,-1
642,1184,-1
3151,4268,-1
24,623,-1
3553,3589,-1
205,1087,-1
207,373,-1
5450,14,-1
2814,3644,-1
3350,2980,-1
1365,1706,-1
4616,4720,-1
3739,4660,-1
1763,2702,-1
1062,5555,-1
1653,5270,-1
3598,1507,-1
2548,3205,-1
2459,3080,-1
1972,2868,-1
697,2661,-1
1562,2423,-1
4613,3904,-1
5131,3644,-1
2132,3032,-1
3598,4269,-1
1420,2625,-1
1110,5240,-1
2123,2301,-1
697,3349,-1
2457,3703,-1
4552,5253,-1
2062,1524,-1
1062,2074,-1
4315,4349,-1
4618,4974,-1
3305,3250,-1
4823,4350,-1
154,1402,-1
4722,4867,-1
5123,5604,-1
2372,2552,-1
4604,5136,-1
1314,2532,-1
4479,6599,-1
4566,5152,-1
3140,4109,-1
3647,3644,-1
3655,3581,-1
3716,4286,-1
3350,3428,-1
719,926,-1
2673,1184,-1
3716,2548,-1
2373,4350,-1
3147,6537,-1
67,459,-1
3059,4561,-1
5783,3805,-1
2871,3624,-1
1349,2315,-1
4315,4603,-1
4174,4177,-1
169,757,-1
11,270,-1
62,399,-1
2431,3652,-1
656,2425,-1
2957,3236,-1
2079,767,-1
1486,2666,-1
755,2455,-1
4705,5479,-1
6244,4943,-1
5206,4868,-1
3335,4048,-1
5786,4943,-1
85,963,-1
3059,3315,-1
3647,7074,-1
5782,767,-1
57,156,-1
3313,5269,-1
5129,5613,-1
3545,6585,-1
2906,2838,-1
1375,2183,-1
2123,3504,-1
974,1542,-1
5129,6667,-1
3329,3504,-1
740,943,-1
2342,2587,-1
4576,4660,-1
3446,3722,-1
2792,2435,-1
1594,4422,-1
3280,4420,-1
118,3529,-1
2673,3238,-1
2343,6726,-1
2348,4269,-1
1180,2625,-1
1664,4701,-1
697,4636,-1
1056,1426,-1
3627,3072,-1
5138,5714,-1
4613,4479,-1
4374,5477,-1
1681,1972,-1
2431,7028,-1
1298,2440,-1
2315,3807,-1
3594,3733,-1
1306,270,-1
2348,3685,-1
6358,6537,-1
1062,1761,-1
107,435,-1
3147,5877,-1
4522,5011,-1
3273,3440,-1
3059,4068,-1
2421,2283,-1
1681,2729,-1
2818,6998,-1
719,4557,-1
4896,3781,-1
2164,4729,-1
3807,5144,-1
6006,5736,-1
2270,4672,-1
3155,4187,-1
3644,3383,-1
2607,3658,-1
5144,5053,-1
1088,2194,-1
3712,3711,-1
4899,3854,-1
3305,3526,-1
5238,3548,-1
5105,6570,-1
5043,5281,-1
5176,5251,-1
2912,4930,-1
4613,5942,-1
788,622,-1
2761,4308,-1
5945,5944,-1
2786,2893,-1
3464,3589,-1
1802,7013,-1
19,868,-1
5125,3054,-1
1639,2750,-1
4443,4479,-1
3059,3387,-1
1192,3658,-1
1458,2838,-1
3990,2149,-1
2607,1330,-1
1132,1152,-1
2343,938,-1
4603,3722,-1
1394,4007,-1
2467,5604,-1
912,4654,-1
4784,6056,-1
1987,2725,-1
697,3430,-1
126,5027,-1
1416,2149,-1
697,4082,-1
1562,925,-1
5794,6819,-1
2446,2395,-1
1062,3172,-1
943,1423,-1
669,5548,-1
5794,7005,-1
719,2533,-1
6151,6602,-1
1562,2360,-1
4483,4801,-1
3027,3644,-1
3147,4314,-1
1062,1054,-1
912,1311,-1
2425,3193,-1
6173,6652,-1
4606,4654,-1
2377,6248,-1
925,2725,-1
3325,3702,-1
967,817,-1
23,2191,-1
3580,4868,-1
80,3597,-1
119,2575,-1
4657,1267,-1
6038,4854,-1
154,1051,-1
6940,3644,-1
1629,2096,-1
902,1134,-1
766,1201,-1
3541,5904,-1
138,858,-1
1062,2223,-1
2867,3172,-1
945,3781,-1
1035,1176,-1
5672,6526,-1
1624,2532,-1
4552,7090,-1
2123,3947,-1
1464,2144,-1
5895,5892,-1
3002,3596,-1
5008,5027,-1
2039,3255,-1
943,1297,-1
1559,1920,-1
5107,6652,-1
1779,4672,-1
5948,7090,-1
1486,1779,-1
3145,3904,-1
5002,6538,-1
3235,6756,-1
2164,4634,-1
1060,1434,-1
2461,3195,-1
2462,2455,-1
3719,698,-1
2039,3867,-1
2204,3633,-1
2396,2648,-1
5048,5478,-1
2048,2155,-1
3048,1184,-1
2761,3597,-1
1555,4634,-1
1432,2555,-1
1348,3904,-1
2270,4828,-1
2428,3691,-1
785,816,-1
3303,4949,-1
576,2395,-1
5236,5604,-1
1984,2574,-1
3587,3157,-1
77,6026,-1
756,4854,-1
423,193,-1
4506,767,-1
3242,1779,-1
5786,3460,-1
422,5136,-1
2467,5470,-1
4937,5256,-1
1256,1541,-1
2038,2096,-1
6293,3153,-1
4910,5134,-1
1170,3238,-1
279,3598,-1
2062,168,-1
755,1661,-1
48,82,-1
5769,4664,-1
2099,3598,-1
5918,4607,-1
4426,4454,-1
4788,4479,-1
967,2548,-1
1063,2123,-1
1306,1541,-1
422,5504,-1
656,3691,-1
2463,2662,-1
3649,4654,-1
3978,4082,-1
3919,3722,-1
5769,4511,-1
5129,2677,-1
3545,4603,-1
3097,4927,-1
902,270,-1
3800,4745,-1
1786,3892,-1
1062,6399,-1
6719,5800,-1
2328,3255,-1
4038,6833,-1
4676,5089,-1
3488,2997,-1
4719,4882,-1
6979,7005,-1
2290,2670,-1
5354,4048,-1
2823,2958,-1
3077,5313,-1
701,1729,-1
1436,1434,-1
4361,3807,-1
2323,2607,-1
6096,6652,-1
2166,2668,-1
3541,5800,-1
719,718,-1
830,1059,-1
6034,6026,-1
1032,5405,-1
3580,3867,-1
99,5002,-1
4310,5049,-1
3315,2548,-1
1935,2487,-1
2071,1800,-1
4825,4975,-1
5870,6398,-1
591,932,-1
2469,2315,-1
4673,5497,-1
4548,2149,-1
1235,1709,-1
715,1524,-1
1629,2555,-1
1063,4350,-1
4068,2661,-1
3796,3904,-1
4979,5057,-1
268,262,-1
3919,4854,-1
1166,1402,-1
2707,4702,-1
312,1059,-1
2906,1184,-1
3495,2997,-1
3681,5661,-1
2090,3399,-1
2431,3349,-1
3313,3762,-1
2166,2714,-1
5783,6617,-1
2343,2348,-1
5732,5731,-1
4972,2191,-1
902,154,-1
2164,4048,-1
4552,5619,-1
1865,606,-1
3147,2149,-1
5292,5547,-1
1256,373,-1
2164,4603,-1
3059,1267,-1
2617,1460,-1
3225,2648,-1
1098,1541,-1
2261,2649,-1
5,393,-1
3140,2149,-1
2427,3013,-1
263,4271,-1
62,2880,-1
1298,2499,-1
1535,2059,-1
3151,3281,-1
3156,2126,-1
669,5887,-1
641,1524,-1
3427,5889,-1
5,1577,-1
902,1159,-1
353,14,-1
1370,2958,-1
632,1267,-1
6206,1711,-1
5476,2087,-1
3647,4233,-1
2039,2868,-1
41,2183,-1
4543,6293,-1
3986,2765,-1
3065,3426,-1
4192,4798,-1
669,5289,-1
696,1051,-1
546,2262,-1
1256,4664,-1
1475,7090,-1
6019,6537,-1
61,4109,-1
1141,4271,-1
1238,2621,-1
4952,5876,-1
904,2273,-1
2039,3330,-1
1319,1094,-1
945,896,-1
3212,2348,-1
1763,3172,-1
2617,3589,-1
4976,4269,-1
5571,5972,-1
626,3630,-1
1024,1524,-1
6009,3644,-1
3145,3948,-1
4430,5281,-1
1765,14,-1
2463,4550,-1
232,673,-1
1342,3999,-1
187,3195,-1
3800,2540,-1
4617,5511,-1
268,213,-1
2461,2301,-1
4720,5497,-1
4676,3551,-1
70,82,-1
2337,698,-1
292,787,-1
1924,3543,-1
604,4023,-1
5129,6502,-1
2039,3252,-1
4965,4463,-1
4606,4895,-1
2467,4984,-1
3059,2427,-1
4479,4782,-1
822,1051,-1
118,3818,-1
1106,1542,-1
3097,2581,-1
4723,5270,-1
422,4660,-1
4741,2149,-1
19,1249,-1
632,2666,-1
3701,1419,-1
3153,5154,-1
1035,896,-1
1062,5588,-1
2761,3551,-1
2425,3497,-1
96,338,-1
5127,4805,-1
3523,4868,-1
1062,778,-1
4992,4654,-1
1063,2226,-1
4256,4760,-1
2457,3702,-1
4788,5870,-1
1846,6056,-1
6024,4854,-1
2172,3781,-1
781,1184,-1
5980,4479,-1
2323,3252,-1
951,1256,-1
351,210,-1
106,868,-1
2062,2369,-1
1940,2269,-1
2681,1106,-1
604,210,-1
452,7,-1
2506,3786,-1
6302,6427,-1
3710,3999,-1
604,168,-1
2425,3013,-1
231,213,-1
1421,3781,-1
4403,4557,-1
5127,6026,-1
576,2575,-1
3147,2126,-1
5002,6405,-1
2039,2356,-1
5598,5593,-1
1306,1939,-1
3263,3399,-1
6180,6245,-1
1062,2810,-1
1032,5144,-1
1031,3644,-1
4973,4477,-1
5,1403,-1
776,1626,-1
99,2864,-1
2471,3230,-1
1062,4177,-1
85,1795,-1
57,140,-1
2607,2864,-1
4855,6026,-1
5144,4479,-1
3800,2661,-1
2617,4018,-1
4147,5144,-1
4430,5009,-1
1566,1460,-1
4330,2191,-1
1625,2080,-1
778,3195,-1
3059,4569,-1
4618,86,-1
3654,4361,-1
222,5479,-1
5672,4943,-1
3147,5731,-1
2975,3772,-1
4603,2912,-1
4983,4720,-1
3314,5382,-1
888,740,-1
2525,2723,-1
195,262,-1
692,5020,-1
862,1106,-1
2463,5179,-1
2607,4080,-1
5127,6063,-1
2396,2426,-1
3580,4602,-1
3534,4158,-1
1681,3685,-1
23,383,-1
2062,4654,-1
3335,2030,-1
4147,4177,-1
22,85,-1
285,457,-1
57,673,-1
3059,2980,-1
4612,4269,-1
5129,6178,-1
138,1038,-1
2062,3205,-1
1629,1920,-1
5812,6599,-1
1244,5251,-1
6156,6599,-1
2187,2183,-1
2767,3318,-1
5918,5401,-1
1555,2149,-1
3183,2087,-1
3307,3873,-1
4192,4427,-1
5306,6056,-1
5127,5134,-1
6430,6293,-1
6561,6599,-1
1417,1051,-1
4606,5586,-1
2617,3630,-1
6055,767,-1
1562,2555,-1
32,262,-1
4819,4282,-1
119,1759,-1
1031,6026,-1
697,5144,-1
398,2405,-1
2261,2795,-1
1699,6232,-1
2270,2649,-1
3662,3480,-1
6295,933,-1
5586,6313,-1
896,168,-1
77,3644,-1
6173,6585,-1
642,2548,-1
241,174,-1
1256,2149,-1
566,673,-1
2431,5138,-1
4399,6884,-1
5145,14,-1
318,3172,-1
1825,4233,-1
4390,14,-1
5672,6449,-1
870,2066,-1
1844,4805,-1
3136,2059,-1
5126,5588,-1
1763,2219,-1
4479,3235,-1
1519,6833,-1
5918,5978,-1
2390,698,-1
3059,3867,-1
5742,6503,-1
5634,6537,-1
3084,62,-1
1003,988,-1
4374,4923,-1
1619,5138,-1
2331,1315,-1
2432,2460,-1
1940,2552,-1
4617,86,-1
656,2369,-1
3152,1822,-1
3908,3907,-1
1649,1709,-1
1894,2499,-1
2396,3733,-1
1530,2360,-1
3464,3685,-1
3982,4062,-1
1256,2587,-1
2975,3497,-1
5141,5293,-1
701,933,-1
2337,3056,-1
118,2348,-1
5335,4634,-1
4831,5267,-1
1060,1249,-1
5660,5658,-1
5786,4472,-1
3643,3816,-1
2425,1038,-1
2372,2827,-1
2673,3838,-1
1940,2015,-1
2039,2127,-1
1763,3571,-1
490,3461,-1
6878,5907,-1
604,62,-1
2444,2540,-1
3921,4165,-1
3248,3657,-1
1002,7089,-1
1348,2587,-1
4655,1267,-1
723,1152,-1
353,2204,-1
3097,1756,-1
490,606,-1
5786,6143,-1
5132,5823,-1
3051,3428,-1
2062,2593,-1
1664,5027,-1
5238,4974,-1
2328,1460,-1
3152,3205,-1
2348,4268,-1
93,193,-1
5669,5778,-1
3920,3904,-1
4969,2191,-1
6641,6206,-1
3680,4138,-1
324,457,-1
2343,2864,-1
5129,5942,-1
3059,3563,-1
2090,3503,-1
3873,4798,-1
2062,2670,-1
1266,3193,-1
4468,4447,-1
4956,4044,-1
23,4725,-1
719,4350,-1
3138,3690,-1
3336,4446,-1
1996,5479,-1
5145,4677,-1
3488,4297,-1
3059,3787,-1
5002,854,-1
4831,5504,-1
2463,4588,-1
2457,3023,-1
1150,3139,-1
5602,4048,-1
4479,5586,-1
2287,2776,-1
2506,3430,-1
3914,6557,-1
2462,2511,-1
4374,5613,-1
62,1575,-1
2463,4086,-1
916,6449,-1
3305,3415,-1
3095,3426,-1
3927,2223,-1
943,916,-1
373,1507,-1
1981,2209,-1
5129,6996,-1
3680,3874,-1
2172,2059,-1
118,3685,-1
2172,1892,-1
2039,2371,-1
1627,1542,-1
2707,4142,-1
3307,3555,-1
5002,5251,-1
3059,3769,-1
3598,2348,-1
1669,2864,-1
67,82,-1
1062,2201,-1
3248,4974,-1
41,1524,-1
3710,3762,-1
2628,3675,-1
510,4233,-1
2462,2191,-1
5307,3045,-1
2425,4271,-1
4979,5111,-1
318,3139,-1
3316,3932,-1
1940,1939,-1
2620,3640,-1
5157,5256,-1
2039,3465,-1
2706,3097,-1
3716,3904,-1
2123,2209,-1
5129,5706,-1
5144,6261,-1
5178,7090,-1
6594,6612,-1
2455,4233,-1
3594,2149,-1
2127,2018,-1
4618,4949,-1
2431,4131,-1
696,2002,-1
2396,2398,-1
2463,5535,-1
2261,2510,-1
2343,383,-1
422,5677,-1
1940,2107,-1
6596,6726,-1
1986,1106,-1
3799,896,-1
6184,5800,-1
3222,3250,-1
1166,1315,-1
2617,4905,-1
391,5944,-1
5470,4634,-1
546,5983,-1
1263,1892,-1
3106,4023,-1
2758,3510,-1
1664,2510,-1
99,3193,-1
5161,5160,-1
2557,2315,-1
3107,2427,-1
391,373,-1
3350,3562,-1
2480,2107,-1
3425,4052,-1
111,86,-1
2459,3031,-1
2997,2666,-1
6067,5072,-1
4606,4905,-1
680,4636,-1
2607,3691,-1
2343,2815,-1
2,1249,-1
1763,2781,-1
3313,5653,-1
4244,4447,-1
186,168,-1
5144,5769,-1
967,3252,-1
3147,5340,-1
4172,4271,-1
3654,4080,-1
3303,3504,-1
3151,3155,-1
4965,5043,-1
2824,2648,-1
788,698,-1
3360,3426,-1
576,3149,-1
5451,14,-1
5129,5658,-1
1394,2219,-1
2975,2533,-1
5129,6197,-1
3681,4831,-1
2505,5027,-1
5146,14,-1
1062,2499,-1
1519,5144,-1
4445,62,-1
3287,3589,-1
4283,6261,-1
6574,6568,-1
4831,2912,-1
1375,2838,-1
6293,6585,-1
3914,4048,-1
4123,4121,-1
2833,1541,-1
2767,3298,-1
1447,2868,-1
1475,6726,-1
2651,4233,-1
5099,7036,-1
270,3644,-1
231,622,-1
3653,4270,-1
3314,5586,-1
943,1635,-1
3307,2838,-1
3024,2548,-1
3653,4314,-1
6029,6615,-1
4068,3874,-1
951,4350,-1
284,1038,-1
1348,4867,-1
428,459,-1
2706,3238,-1
2867,3139,-1
2427,2149,-1
4479,4989,-1
3151,938,-1
3189,1249,-1
4965,5573,-1
4164,4987,-1
318,270,-1
4522,5138,-1
855,622,-1
778,3453,-1
956,1793,-1
1192,3037,-1
943,1623,-1
77,85,-1
2833,3115,-1
422,5009,-1
2377,2039,-1
4831,4989,-1
2463,3762,-1
943,624,-1
5782,6322,-1
3927,3926,-1
6038,3045,-1
1924,710,-1
3480,2191,-1
2607,2533,-1
5451,4854,-1
768,4177,-1
2099,3999,-1
76,168,-1
6146,5889,-1
5002,5484,-1
1062,2912,-1
846,2283,-1
3901,5887,-1
5634,5736,-1
2818,6232,-1
1344,1267,-1
1530,6904,-1
3296,3616,-1
1570,2405,-1
686,51,-1
2204,3892,-1
1371,1184,-1
4479,4730,-1
563,562,-1
4370,4109,-1
821,1267,-1
4116,5512,-1
945,3644,-1
1736,2864,-1
5127,4472,-1
575,1703,-1
2459,3440,-1
576,3644,-1
546,6014,-1
4226,5736,-1
3138,3808,-1
656,2532,-1
3287,3710,-1
4547,4068,-1
4033,5878,-1
697,4104,-1
3350,3866,-1
4823,6430,-1
7007,7005,-1
2997,3769,-1
4180,5712,-1
3475,3542,-1
1984,2683,-1
3901,4867,-1
1063,1703,-1
19,2621,-1
6206,6151,-1
2758,3229,-1
2343,4297,-1
724,876,-1
1192,2348,-1
312,903,-1
2420,2714,-1
916,2621,-1
902,1402,-1
4755,5144,-1
1143,2555,-1
1629,1524,-1
1062,4827,-1
1062,6953,-1
4502,5479,-1
4374,4525,-1
5571,5892,-1
1035,1319,-1
713,3508,-1
846,1549,-1
2995,2191,-1
855,854,-1
3265,4023,-1
138,1500,-1
778,6173,-1
2761,5535,-1
4788,7053,-1
3541,6181,-1
3466,3685,-1
3739,4447,-1
4587,4759,-1
1062,6151,-1
1083,1086,-1
3111,4677,-1
2761,4680,-1
5138,6356,-1
4305,3781,-1
3147,4841,-1
2348,4990,-1
4606,4949,-1
5790,5889,-1
2337,3781,-1
1788,1895,-1
3901,2810,-1
4479,5074,-1
4192,5027,-1
2761,4153,-1
1619,6889,-1
2246,5522,-1
99,3799,-1
1319,1473,-1
2142,2369,-1
3643,3685,-1
126,4854,-1
719,1760,-1
2557,4350,-1
4899,3904,-1
24,610,-1
3653,4082,-1
4374,5511,-1
4279,5588,-1
299,210,-1
1949,2273,-1
4599,6599,-1
5123,5104,-1
5633,6585,-1
2090,3951,-1
1035,2648,-1
776,1426,-1
1277,698,-1
2338,2729,-1
2617,2711,-1
318,2819,-1
3169,2460,-1
3155,2126,-1
7088,6599,-1
611,610,-1
4552,4975,-1
1303,1427,-1
5123,4634,-1
1559,2283,-1
1348,5479,-1
4279,6774,-1
1032,4984,-1
3854,2908,-1
3415,3639,-1
1062,3387,-1
6390,6679,-1
1608,3080,-1
1464,1383,-1
2459,4603,-1
6293,4429,-1
3082,3298,-1
4417,4479,-1
2348,4104,-1
2747,5089,-1
2617,2457,-1
3545,4984,-1
2463,3551,-1
2997,3685,-1
2062,4271,-1
4053,4233,-1
4244,4854,-1
3261,4702,-1
4147,4633,-1
2575,3349,-1
1192,3340,-1
3147,4837,-1
713,62,-1
1029,2621,-1
855,932,-1
1471,2897,-1
4606,4801,-1
5794,5687,-1
656,963,-1
5918,7036,-1
3286,3787,-1
697,3228,-1
6573,6293,-1
943,2381,-1
1447,2395,-1
1591,2516,-1
2459,3551,-1
5129,6057,-1
118,3426,-1
2480,3230,-1
4607,5386,-1
164,693,-1
2343,3874,-1
2343,6538,-1
3168,4350,-1
3153,3598,-1
2617,4131,-1
373,933,-1
896,1086,-1
3464,3657,-1
4606,2149,-1
5129,933,-1
6649,4607,-1
5488,6396,-1
2431,3999,-1
695,3904,-1
1940,2036,-1
5918,4479,-1
4335,4949,-1
982,5712,-1
3151,3222,-1
3598,5400,-1
2431,3948,-1
2583,2838,-1
3653,4104,-1
697,4062,-1
713,639,-1
1478,1920,-1
3286,3874,-1
3155,3315,-1
644,1575,-1
6842,4607,-1
1256,3073,-1
2463,4062,-1
5586,5736,-1
3637,2864,-1
6574,6823,-1
1630,270,-1
369,1106,-1
3986,4158,-1
943,1437,-1
6220,6026,-1
2761,2815,-1
4417,4974,-1
3580,2897,-1
576,1267,-1
2707,4062,-1
1271,1315,-1
2833,3175,-1
3109,817,-1
954,4694,-1
719,855,-1
3811,4297,-1
2997,3658,-1
2655,2191,-1
713,3195,-1
1062,5892,-1
3206,14,-1
106,622,-1
2428,2426,-1
394,393,-1
1609,2958,-1
4552,6362,-1
119,2648,-1
3927,4654,-1
5918,5289,-1
3495,4694,-1
4596,5043,-1
5103,3153,-1
5127,5892,-1
5602,5892,-1
5274,5251,-1
2062,3080,-1
2465,2204,-1
1475,7070,-1
756,7089,-1
1450,1541,-1
3701,2989,-1
5539,5619,-1
3146,14,-1
4552,6412,-1
2680,6245,-1
5002,6330,-1
4606,4882,-1
19,338,-1
2099,2552,-1
6562,6612,-1
2431,4504,-1
134,1540,-1
5002,4700,-1
4479,4984,-1
4714,3781,-1
6360,5264,-1
5736,6652,-1
2366,698,-1
3982,4080,-1
5669,5736,-1
5870,6439,-1
1258,3510,-1
4330,4672,-1
1669,2725,-1
4736,5309,-1
4188,4454,-1
1478,1923,-1
4180,4186,-1
620,1690,-1
5766,933,-1
2906,2348,-1
6183,5800,-1
421,193,-1
863,4269,-1
5918,3729,-1
3598,4271,-1
2158,1541,-1
6173,4361,-1
169,5072,-1
294,3228,-1
669,5740,-1
4367,4447,-1
2272,4158,-1
4268,4271,-1
2767,258,-1
1250,2958,-1
822,457,-1
3153,5449,-1
2767,1791,-1
5612,7036,-1
4033,5269,-1
5634,5588,-1
2767,2511,-1
317,51,-1
4149,5661,-1
2270,5706,-1
106,440,-1
1062,5554,-1
1080,1661,-1
6926,6720,-1
4035,4361,-1
3249,2648,-1
1613,1106,-1
3307,2897,-1
1711,6412,-1
2707,5270,-1
1649,693,-1
76,926,-1
2707,3652,-1
3643,3691,-1
2607,3238,-1
4036,698,-1
5143,5630,-1
3159,3153,-1
2164,5744,-1
3394,4068,-1
23,1184,-1
3059,2444,-1
5522,5932,-1
62,963,-1
2039,2375,-1
2707,5484,-1
3249,3238,-1
3534,4016,-1
1655,2548,-1
4723,4989,-1
768,1059,-1
5,723,-1
4116,5490,-1
1029,982,-1
3580,3892,-1
4164,3722,-1
77,168,-1
3305,3562,-1
2425,2648,-1
1960,3644,-1
69,121,-1
2895,4062,-1
3147,4785,-1
669,4734,-1
1062,5590,-1
3534,4233,-1
145,459,-1
5144,5138,-1
279,636,-1
2762,2750,-1
4676,4142,-1
3330,4420,-1
3140,4713,-1
954,1094,-1
1256,2607,-1
5783,6411,-1
4315,5985,-1
778,3153,-1
2563,3805,-1
695,168,-1
4522,4711,-1
4603,5256,-1
2428,5630,-1
4979,5108,-1
1014,2149,-1
1080,703,-1
3212,2917,-1
1763,2204,-1
5134,767,-1
2463,4764,-1
5238,5559,-1
2912,2149,-1
604,622,-1
4457,3781,-1
5488,6578,-1
604,851,-1
6638,6792,-1
2459,1057,-1
815,673,-1
3316,3703,-1
3336,4271,-1
2204,3193,-1
1763,2589,-1
284,787,-1
4522,5620,-1
4617,4991,-1
2062,2544,-1
3212,1791,-1
1981,3040,-1
3926,6276,-1
4566,4350,-1
2463,1800,-1
2617,4109,-1
5131,7112,-1
1062,5105,-1
2758,3892,-1
967,1249,-1
4606,5020,-1
2707,5039,-1
1192,2648,-1
3111,2191,-1
318,859,-1
6156,6502,-1
6868,5616,-1
2833,3781,-1
695,1575,-1
1416,1676,-1
5786,6014,-1
3138,3045,-1
3068,3999,-1
6096,6726,-1
2924,1315,-1
648,2219,-1
1237,4878,-1
4256,4749,-1
5185,7090,-1
719,1793,-1
624,868,-1
5141,7089,-1
145,140,-1
4952,5829,-1
2733,3032,-1
1258,3402,-1
5144,6125,-1
4522,4581,-1
683,869,-1
3372,3456,-1
2464,2435,-1
2833,2460,-1
2348,4795,-1
3138,3219,-1
4617,4990,-1
1363,3080,-1
126,5922,-1
4026,4654,-1
2607,3602,-1
3574,3733,-1
4552,5309,-1
2382,2729,-1
2204,3619,-1
2048,3772,-1
719,2019,-1
951,3195,-1
755,2552,-1
3651,6206,-1
2343,2781,-1
2421,2552,-1
1256,6756,-1
2039,2753,-1
2548,3550,-1
2343,2868,-1
2464,2668,-1
2343,3205,-1
2446,1051,-1
4603,1249,-1
3146,4782,-1
2459,1541,-1
604,932,-1
270,3195,-1
3151,6479,-1
4982,4720,-1
3719,14,-1
3092,3480,-1
2495,1249,-1
4147,4854,-1
1029,1723,-1
1779,2908,-1
2467,4987,-1
2707,6263,-1
2348,2107,-1
6377,5619,-1
5705,5548,-1
3427,6349,-1
1519,1895,-1
4417,7044,-1
728,298,-1
2078,2878,-1
4823,3045,-1
4393,7070,-1
3672,4018,-1
197,2201,-1
578,636,-1
111,3318,-1
5061,767,-1
3350,3426,-1
1062,1249,-1
3425,3762,-1
3002,3440,-1
1063,2352,-1
4147,2661,-1
3077,62,-1
3534,4286,-1
4664,2149,-1
2323,3456,-1
2159,14,-1
4965,5736,-1
2342,3242,-1
3140,4990,-1
912,3892,-1
1375,1549,-1
822,1968,-1
2209,2535,-1
81,435,-1
6151,7070,-1
1937,4297,-1
6561,933,-1
284,1134,-1
6055,6537,-1
6576,6293,-1
3330,2575,-1
1984,1524,-1
3425,2838,-1
1256,1616,-1
3680,4109,-1
5586,6169,-1
310,606,-1
1003,2296,-1
4865,4923,-1
4374,5627,-1
3151,4607,-1
692,2191,-1
2039,2815,-1
3701,4486,-1
6978,6585,-1
3653,4187,-1
62,3045,-1
1192,3247,-1
5813,3729,-1
4193,4109,-1
5709,5293,-1
5794,4068,-1
2343,2581,-1
6179,6537,-1
1263,1184,-1
656,2427,-1
2463,5922,-1
822,1115,-1
6426,6599,-1
778,3644,-1
778,6056,-1
640,1087,-1
1756,2149,-1
3314,5765,-1
2792,2648,-1
1143,1575,-1
3701,4177,-1
2270,3769,-1
2348,6057,-1
4819,5863,-1
609,1161,-1
2548,3013,-1
3486,2666,-1
2328,2460,-1
5474,854,-1
2763,4271,-1
4801,5053,-1
3986,3624,-1
1370,4634,-1
583,168,-1
5014,3904,-1
4970,3904,-1
2617,2332,-1
546,5736,-1
318,3238,-1
1032,5269,-1
2062,4187,-1
719,822,-1
2366,2315,-1
5955,4720,-1
4226,6537,-1
4033,5877,-1
1348,5624,-1
902,1106,-1
656,2625,-1
3598,4079,-1
1256,6206,-1
2039,2017,-1
3534,2191,-1
1002,6787,-1
2382,5363,-1
2164,6151,-1
1348,5049,-1
2617,4420,-1
2425,3469,-1
4738,2149,-1
904,3504,-1
3302,3596,-1
3678,817,-1
2170,2838,-1
576,3971,-1
725,4233,-1
697,3778,-1
2463,2490,-1
5607,5606,-1
1476,7010,-1
10,1152,-1
2366,2997,-1
1519,3644,-1
4606,5134,-1
19,1542,-1
3222,3589,-1
2270,2958,-1
1591,5377,-1
656,1759,-1
1256,6537,-1
904,7070,-1
4965,5871,-1
669,6151,-1
2761,5559,-1
2261,2490,-1
5367,5731,-1
2507,2891,-1
1475,5138,-1
4522,3805,-1
1062,2878,-1
490,1900,-1
9,82,-1
2270,2191,-1
1420,2423,-1
1062,5871,-1
3507,6537,-1
528,4350,-1
6150,6643,-1
1415,2149,-1
4617,5089,-1
4091,2548,-1
2284,2369,-1
5853,3965,-1
5488,6569,-1
4823,6026,-1
1170,2395,-1
1530,5425,-1
6200,4654,-1
1894,4672,-1
959,896,-1
4850,5179,-1
3927,3644,-1
2786,2997,-1
1143,59,-1
5586,5830,-1
2382,5057,-1
4897,6419,-1
2995,4016,-1
2575,2891,-1
1062,2123,-1
1184,2864,-1
2469,2607,-1
692,894,-1
4479,4654,-1
6154,2348,-1
5186,3080,-1
4664,4943,-1
5250,6994,-1
1266,3383,-1
2327,2139,-1
1420,2395,-1
6300,6827,-1
6034,4854,-1
2204,3037,-1
2366,3598,-1
4603,1419,-1
4608,2149,-1
2658,3816,-1
1460,3626,-1
1256,5978,-1
4230,1542,-1
1774,4878,-1
2233,6599,-1
1370,3964,-1
6293,6537,-1
4604,5251,-1
2788,2795,-1
5144,3926,-1
2463,3235,-1
2761,5661,-1
1668,3658,-1
3140,4799,-1
4479,4588,-1
392,51,-1
4479,62,-1
2707,3589,-1
778,3045,-1
2728,3247,-1
6469,6526,-1
5133,5270,-1
4479,4519,-1
3901,5983,-1
719,1256,-1
1032,4447,-1
2287,4854,-1
3799,1267,-1
1420,2548,-1
4552,767,-1
2337,3242,-1
2123,1791,-1
53,2621,-1
3598,5365,-1
6146,6585,-1
3315,5911,-1
4602,7070,-1
2463,4647,-1
5176,3926,-1
318,2827,-1
2279,1993,-1
3809,2223,-1
4552,5586,-1
669,660,-1
5293,4654,-1
5539,2677,-1
3146,4949,-1
4566,4286,-1
4819,5736,-1
3059,4729,-1
3678,5185,-1
4315,5901,-1
2039,2425,-1
776,2401,-1
285,4233,-1
2062,4286,-1
5145,5593,-1
902,1064,-1
6559,933,-1
2461,62,-1
57,550,-1
3314,6599,-1
2164,4633,-1
232,550,-1
5143,6537,-1
1416,1968,-1
756,5572,-1
755,1499,-1
5002,6631,-1
5926,5706,-1
924,2018,-1
7,140,-1
23,3115,-1
656,5624,-1
19,262,-1
1349,1972,-1
1658,698,-1
2123,2750,-1
4479,3096,-1
2463,1822,-1
2658,2827,-1
2348,4148,-1
3314,5380,-1
6293,2810,-1
6151,7004,-1
641,1575,-1
4522,4633,-1
2818,4854,-1
776,1932,-1
422,925,-1
6029,7028,-1
3002,3001,-1
2343,2661,-1
2062,3596,-1
3759,3804,-1
3716,3303,-1
205,926,-1
2090,3228,-1
3303,14,-1
943,262,-1
3153,5361,-1
3360,6197,-1
4444,5878,-1
1763,2880,-1
381,1106,-1
3747,4304,-1
6981,6720,-1
3314,6756,-1
3795,3787,-1
697,1542,-1
2090,3602,-1
4033,2178,-1
2017,1524,-1
4116,5047,-1
724,926,-1
719,5479,-1
5782,6359,-1
3716,3598,-1
6335,6888,-1
6776,6907,-1
4607,5588,-1
6562,2348,-1
1062,3073,-1
3146,3787,-1
5786,6356,-1
2425,1605,-1
578,3787,-1
249,210,-1
3314,5009,-1
1669,4707,-1
3212,4854,-1
6298,6293,-1
4383,3644,-1
3206,2838,-1
6026,5736,-1
14,2587,-1
1736,2526,-1
4330,4446,-1
5127,5946,-1
1014,2191,-1
2295,6643,-1
2463,3596,-1
19,2269,-1
656,2405,-1
3152,4868,-1
5634,5512,-1
5555,4654,-1
724,1524,-1
2044,1993,-1
6579,2348,-1
53,85,-1
5129,142,-1
6293,6670,-1
2707,3899,-1
546,2426,-1
3059,3971,-1
2164,5327,-1
4606,4269,-1
4613,4720,-1
4018,4867,-1
6816,6537,-1
2575,698,-1
2090,3460,-1
3212,3469,-1
318,4297,-1
3307,3242,-1
2747,5234,-1
2763,3874,-1
1844,606,-1
778,3781,-1
23,2880,-1
2348,3699,-1
78,1288,-1
4566,4048,-1
5123,6552,-1
1062,4286,-1
4283,6808,-1
3145,3892,-1
662,62,-1
6176,5616,-1
2123,4193,-1
1420,1671,-1
3082,1756,-1
2979,14,-1
2559,2980,-1
1141,7090,-1
5,673,-1
1475,2348,-1
2177,3816,-1
307,4654,-1
2126,3402,-1
3990,2548,-1
713,1021,-1
2833,2909,-1
4640,3904,-1
10,2155,-1
4475,5027,-1
904,2648,-1
2172,3703,-1
1271,1350,-1
2648,258,-1
927,988,-1
5143,5624,-1
5129,767,-1
6574,6833,-1
778,4106,-1
5705,5972,-1
2179,2191,-1
4601,4286,-1
2953,2948,-1
3147,4831,-1
2465,3115,-1
1295,2107,-1
2567,2729,-1
1420,4068,-1
4695,4766,-1
697,2107,-1
99,2357,-1
2761,4048,-1
1062,5405,-1
1971,2018,-1
2328,2997,-1
5843,5842,-1
4552,5953,-1
3574,3444,-1
47,3781,-1
422,4991,-1
4747,4603,-1
2761,4274,-1
1763,2863,-1
5127,854,-1
3678,3722,-1
5742,6450,-1
531,988,-1
778,2810,-1
1416,2002,-1
3348,3469,-1
2164,3315,-1
2758,3658,-1
1639,2059,-1
93,606,-1
3350,1892,-1
1143,1793,-1
5918,4654,-1
4417,4781,-1
3350,3825,-1
36,275,-1
776,1541,-1
697,4447,-1
2159,3703,-1
2348,6502,-1
2673,3598,-1
1555,5479,-1
10,757,-1
6176,6526,-1
1928,2315,-1
1233,1460,-1
3799,3149,-1
3152,3013,-1
1486,2607,-1
5002,6951,-1
2164,5769,-1
3145,3815,-1
2956,5586,-1
2337,5653,-1
2376,2405,-1
1062,5593,-1
656,1578,-1
6149,933,-1
2926,5091,-1
559,854,-1
3466,3463,-1
6096,5640,-1
1250,1151,-1
2575,1541,-1
1756,5405,-1
2617,2702,-1
2617,1541,-1
2062,2096,-1
61,925,-1
3155,4831,-1
4279,5967,-1
6024,5104,-1
536,562,-1
2761,5240,-1
3097,3013,-1
3598,1420,-1
5043,5264,-1
4061,4068,-1
2039,2368,-1
4552,5422,-1
2348,4777,-1
422,4881,-1
5132,5268,-1
4897,62,-1
1969,698,-1
6146,6526,-1
791,1087,-1
1063,3139,-1
6638,6585,-1
3,589,-1
373,168,-1
1945,3657,-1
2707,4724,-1
6056,3729,-1
7018,6585,-1
1127,938,-1
279,757,-1
2461,270,-1
3654,3440,-1
10,193,-1
3655,2348,-1
1718,2574,-1
4603,3854,-1
2463,4722,-1
3672,5942,-1
614,3657,-1
1062,4677,-1
2,168,-1
23,1887,-1
982,5251,-1
6632,6889,-1
4626,2149,-1
3653,4158,-1
2463,5422,-1
3238,3786,-1
3350,3816,-1
189,168,-1
3059,2908,-1
680,622,-1
3145,3907,-1
2078,2352,-1
3147,4265,-1
56,550,-1
279,5264,-1
4348,1249,-1
776,1993,-1
6361,5264,-1
4952,3729,-1
967,2506,-1
3986,5889,-1
632,1106,-1
2507,2593,-1
669,6049,-1
2585,3480,-1
303,1709,-1
2758,1315,-1
2760,4831,-1
5769,6855,-1
1184,2621,-1
3953,3951,-1
2585,2714,-1
1351,3703,-1
422,4922,-1
2348,6366,-1
3394,4269,-1
1062,6146,-1
2575,2835,-1
2431,2666,-1
669,6415,-1
3387,3463,-1
2004,2002,-1
3000,1541,-1
2457,2750,-1
5427,3729,-1
3234,2059,-1
1394,2140,-1
2270,4131,-1
3155,3703,-1
2377,2048,-1
904,2455,-1
1420,2861,-1
10,2281,-1
3140,5470,-1
2116,2864,-1
3082,2204,-1
1035,258,-1
3148,3664,-1
2039,3080,-1
3255,5983,-1
2548,3236,-1
951,1315,-1
6208,4777,-1
6055,5736,-1
222,2589,-1
640,673,-1
2467,5572,-1
10,1628,-1
2707,5009,-1
3598,5343,-1
1062,1643,-1
3009,5907,-1
2673,1634,-1
3986,6059,-1
3146,4350,-1
2033,5706,-1
2824,2348,-1
3059,1038,-1
23,5479,-1
756,5479,-1
138,213,-1
1717,933,-1
3811,3019,-1
713,4974,-1
2431,4674,-1
4552,4814,-1
76,14,-1
2142,2368,-1
2126,3550,-1
2464,2589,-1
4587,4658,-1
3350,1330,-1
656,2724,-1
5307,2223,-1
5002,6342,-1
656,553,-1
3097,3114,-1
4906,3080,-1
3147,4286,-1
642,1038,-1
2461,2163,-1
26,151,-1
1608,2044,-1
5701,6244,-1
3596,3383,-1
2707,5658,-1
2761,5504,-1
254,27,-1
5769,6557,-1
3678,2831,-1
5148,5764,-1
3331,3157,-1
719,3781,-1
1192,2526,-1
870,270,-1
5239,4857,-1
591,168,-1
3927,4782,-1
4952,5361,-1
5132,6278,-1
6151,7073,-1
766,4569,-1
756,3639,-1
3982,4086,-1
2348,3172,-1
1447,2487,-1
3140,4286,-1
4603,4905,-1
3583,2315,-1
2786,6085,-1
5043,5863,-1
5720,6526,-1
4973,3153,-1
1394,2815,-1
4479,4660,-1
3305,3685,-1
3580,4477,-1
4192,4780,-1
1062,5425,-1
2467,4974,-1
4164,4785,-1
916,2912,-1
2461,2997,-1
6067,6740,-1
422,5616,-1
943,1296,-1
294,5385,-1
1446,1094,-1
78,903,-1
6816,7070,-1
2707,4301,-1
4397,3644,-1
6335,6451,-1
118,2059,-1
1032,3892,-1
3106,2191,-1
3678,4064,-1
3716,3644,-1
3572,3571,-1
1562,2997,-1
788,14,-1
1032,3154,-1
1655,2030,-1
2172,3097,-1
3387,3703,-1
3212,3526,-1
2975,14,-1
5672,4654,-1
2680,1605,-1
110,86,-1
3986,4131,-1
2062,3155,-1
3464,3032,-1
2427,3510,-1
3188,2864,-1
3147,3807,-1
5,1207,-1
2818,5537,-1
6084,6756,-1
5870,6362,-1
3598,4654,-1
6180,6941,-1
4606,5313,-1
5672,6244,-1
2997,3543,-1
3681,3480,-1
2463,4707,-1
692,1578,-1
3138,3703,-1
1475,5736,-1
6026,6437,-1
4823,6726,-1
4979,4142,-1
2617,3504,-1
5794,5972,-1
4606,5092,-1
1024,1175,-1
546,5784,-1
3212,3562,-1
2781,2827,-1
3799,3947,-1
181,6452,-1
62,3904,-1
951,2621,-1
1875,1892,-1
1014,988,-1
2997,3383,-1
1940,4233,-1
16,174,-1
1519,4477,-1
896,154,-1
3605,2191,-1
2348,5144,-1
2490,2712,-1
2396,4831,-1
2039,2485,-1
2469,5091,-1
76,4805,-1
5522,2348,-1
4605,5846,-1
3901,4495,-1
2345,4672,-1
1062,4828,-1
3056,5901,-1
3207,4766,-1
1106,2002,-1
697,1820,-1
2179,3854,-1
2062,2535,-1
1095,2139,-1
5634,933,-1
3986,6173,-1
3594,2048,-1
2062,2421,-1
3145,4191,-1
6383,3045,-1
3059,3303,-1
1416,383,-1
2377,3664,-1
93,275,-1
604,1038,-1
2062,2510,-1
3716,2997,-1
2607,3551,-1
4897,6049,-1
3465,3892,-1
4788,5209,-1
2761,4798,-1
2620,270,-1
1870,2191,-1
1062,1542,-1
1896,1895,-1
1256,5144,-1
904,3460,-1
4552,5270,-1
4522,4905,-1
4341,4672,-1
5534,5593,-1
4018,4912,-1
3077,5380,-1
2585,4350,-1
1969,1993,-1
4937,4949,-1
312,237,-1
2425,3769,-1
1951,673,-1
94,457,-1
2396,3228,-1
1591,2357,-1
1002,7072,-1
1143,1288,-1
4033,4807,-1
3655,3480,-1
2609,168,-1
967,1706,-1
2039,1589,-1
656,660,-1
6638,6557,-1
870,1709,-1
5539,6497,-1
1306,1616,-1
353,51,-1
5787,6139,-1
5769,6889,-1
1421,1267,-1
1062,2457,-1
1900,925,-1
857,168,-1
4256,5295,-1
391,5953,-1
6682,4048,-1
822,1723,-1
3140,6322,-1
2431,1267,-1
2396,2729,-1
6926,7090,-1
2444,2795,-1
3305,3469,-1
2270,2662,-1
1250,3318,-1
640,1499,-1
2039,2435,-1
2039,2604,-1
5129,5825,-1
1608,1420,-1
3739,4831,-1
4116,4607,-1
1394,1256,-1
149,213,-1
99,5240,-1
943,950,-1
985,988,-1
776,2414,-1
57,82,-1
1035,2273,-1
3596,3875,-1
1016,988,-1
822,2066,-1
1062,3703,-1
1032,62,-1
2431,5199,-1
3303,3544,-1
3097,3229,-1
954,6085,-1
3466,2897,-1
2548,1779,-1
4147,3781,-1
41,399,-1
1951,4269,-1
5132,5128,-1
3124,2149,-1
5309,4798,-1
118,1006,-1
3146,4569,-1
2707,3965,-1
3681,5586,-1
5792,6585,-1
3480,4734,-1
2742,3428,-1
3147,4677,-1
713,2548,-1
2062,2917,-1
3332,5800,-1
2039,3248,-1
6032,5736,-1
328,3595,-1
2430,1779,-1
3647,4268,-1
719,1205,-1
3122,2864,-1
2707,6244,-1
99,4867,-1
1266,2897,-1
85,2044,-1
2453,2958,-1
1699,4633,-1
6173,6908,-1
5634,3729,-1
695,820,-1
5438,2315,-1
2118,2864,-1
1450,5892,-1
3680,62,-1
1577,1760,-1
1168,1350,-1
896,925,-1
3077,1038,-1
3314,2315,-1
3336,4867,-1
2471,3854,-1
2062,5616,-1
1062,4023,-1
2323,3255,-1
3360,3013,-1
2461,4494,-1
740,1575,-1
1475,6245,-1
3594,5264,-1
4613,5640,-1
3147,4361,-1
4033,6342,-1
2823,2868,-1
1940,3126,-1
788,1201,-1
5539,4277,-1
2101,3633,-1
3807,4450,-1
5787,4068,-1
822,2058,-1
6542,6537,-1
2127,2574,-1
318,4171,-1
2343,4734,-1
6549,933,-1
2062,3526,-1
4361,3045,-1
5076,14,-1
62,5027,-1
1303,2851,-1
2923,1315,-1
4256,5744,-1
3672,4798,-1
3394,4446,-1
927,1152,-1
4663,3722,-1
5543,4654,-1
3987,14,-1
4603,469,-1
5002,6313,-1
2246,6599,-1
3077,5144,-1
1062,3926,-1
1124,1524,-1
2328,4989,-1
4430,4837,-1
587,847,-1
740,262,-1
5827,6910,-1
2431,4634,-1
4164,4782,-1
2343,2375,-1
3156,4131,-1
6149,6631,-1
4978,4269,-1
697,4722,-1
1475,5612,-1
1940,2581,-1
2343,2575,-1
81,1434,-1
2348,4878,-1
669,5640,-1
1951,2955,-1
3261,4479,-1
4430,4577,-1
3350,3463,-1
2382,2827,-1
167,373,-1
2961,2958,-1
1477,4233,-1
3515,3904,-1
45,684,-1
1131,1354,-1
3249,1184,-1
6026,4943,-1
2420,2160,-1
3424,4233,-1
669,5539,-1
2099,2018,-1
4613,5911,-1
6349,7090,-1
6244,5264,-1
2127,3426,-1
6024,6169,-1
2752,3080,-1
656,2209,-1
3921,4734,-1
3303,2191,-1
674,757,-1
943,1381,-1
4910,5889,-1
4897,3548,-1
4604,5264,-1
531,210,-1
2505,14,-1
3296,3703,-1
3781,4450,-1
822,1059,-1
1664,3598,-1
4618,3781,-1
5176,5736,-1
5794,4672,-1
5002,5293,-1
1478,1703,-1
4027,4023,-1
5641,6293,-1
1448,1575,-1
392,338,-1
2377,2434,-1
1424,457,-1
2037,1993,-1
4185,4177,-1
1420,2096,-1
2447,6169,-1
624,988,-1
2100,1684,-1
3986,4018,-1
5,151,-1
2506,2712,-1
3222,3522,-1
4601,4930,-1
3465,3633,-1
3507,2018,-1
422,4314,-1
106,610,-1
2457,3349,-1
2617,2776,-1
1416,1640,-1
644,3341,-1
3332,3904,-1
749,2183,-1
2191,2414,-1
4147,4636,-1
981,4868,-1
3627,4636,-1
66,1087,-1
277,1038,-1
64,463,-1
2123,2059,-1
5141,5907,-1
4952,5343,-1
1032,1635,-1
669,5918,-1
3287,1184,-1
2204,3805,-1
5317,5800,-1
1601,168,-1
870,1695,-1
665,869,-1
6300,6293,-1
1394,2360,-1
119,1704,-1
5002,5043,-1
1143,2526,-1
642,154,-1
2447,3460,-1
2461,2357,-1
776,1106,-1
2631,3504,-1
1018,1038,-1
4479,2149,-1
5769,5687,-1
114,86,-1
3733,4044,-1
2617,3571,-1
3097,3426,-1
680,1729,-1
4617,5504,-1
3082,3238,-1
4598,5267,-1
1949,2714,-1
697,4044,-1
1062,5270,-1
527,2516,-1
1940,6888,-1
4552,5470,-1
576,2091,-1
24,533,-1
2328,2532,-1
119,1360,-1
2,589,-1
5616,5736,-1
1062,14,-1
287,2548,-1
2760,5179,-1
5,1319,-1
3249,3456,-1
5680,6412,-1
2461,2880,-1
3885,4486,-1
4695,4807,-1
64,1729,-1
1184,2662,-1
3140,4265,-1
2100,2648,-1
4952,5072,-1
740,723,-1
3360,6053,-1
3350,3097,-1
3701,6537,-1
828,854,-1
2079,14,-1
3153,4798,-1
138,847,-1
5002,6412,-1
78,7,-1
624,1661,-1
3701,4268,-1
5720,5978,-1
4613,5027,-1
3914,7028,-1
2126,3819,-1
5129,6953,-1
5317,6412,-1
3596,3444,-1
1238,2575,-1
5127,6650,-1
719,1155,-1
490,2018,-1
3575,3415,-1
6707,6720,-1
2707,5144,-1
1192,2485,-1
1062,4525,-1
2457,3195,-1
3997,4159,-1
2617,4269,-1
5787,2348,-1
129,193,-1
1062,2838,-1
5151,5154,-1
3594,4068,-1
3716,62,-1
2427,3566,-1
3466,3415,-1
5292,5800,-1
61,2581,-1
588,2670,-1
1062,1038,-1
4240,4233,-1
277,636,-1
3249,1634,-1
3901,2191,-1
1062,2144,-1
3627,5932,-1
1018,1626,-1
5129,6096,-1
6682,7028,-1
5455,5043,-1
2464,2209,-1
1024,1051,-1
422,4984,-1
2525,2649,-1
4970,2191,-1
4063,4109,-1
2703,4158,-1
578,606,-1
1267,5293,-1
2431,2917,-1
4654,1267,-1
4831,5091,-1
6032,4472,-1
1245,1704,-1
2563,4104,-1
5476,4654,-1
3212,2838,-1
3350,3602,-1
1349,3787,-1
3059,2997,-1
1629,1184,-1
3427,3054,-1
1608,3917,-1
888,1207,-1
4475,3904,-1
1256,1661,-1
5782,6994,-1
4164,4828,-1
2463,2149,-1
2459,3318,-1
4552,5012,-1
1562,2052,-1
4458,3781,-1
695,774,-1
2705,3688,-1
36,168,-1
776,2368,-1
6171,6643,-1
1348,1960,-1
312,24,-1
3534,4271,-1
3111,4781,-1
1940,6756,-1
320,168,-1
93,457,-1
719,1704,-1
2123,3781,-1
4164,4580,-1
6674,6626,-1
1940,1038,-1
1416,1956,-1
1256,3153,-1
1859,606,-1
1106,1920,-1
1951,2851,-1
2457,3193,-1
1248,383,-1
3914,6962,-1
5176,4805,-1
1235,1541,-1
1256,5134,-1
5,3729,-1
5792,6725,-1
5073,5627,-1
5146,1367,-1
1853,14,-1
3901,3153,-1
3681,5616,-1
78,2149,-1
2266,3032,-1
1846,5706,-1
3140,4734,-1
2781,2460,-1
205,373,-1
17,193,-1
624,4654,-1
3598,4636,-1
277,824,-1
943,1088,-1
3466,3639,-1
5539,5907,-1
743,3318,-1
3226,2581,-1
638,636,-1
6322,6544,-1
943,971,-1
3147,4734,-1
1763,2625,-1
5129,5640,-1
2463,5604,-1
2431,3318,-1
1450,3056,-1
2607,3550,-1
4819,5072,-1
2461,1267,-1
4850,4581,-1
2039,2209,-1
460,459,-1
724,1426,-1
967,2908,-1
1370,6756,-1
5141,5559,-1
2204,3219,-1
3350,3571,-1
2461,4831,-1
2039,3967,-1
3336,3238,-1
656,2795,-1
6029,5932,-1
5512,6366,-1
318,3464,-1
3465,2997,-1
5218,6818,-1
6641,5736,-1
5144,4854,-1
4617,4350,-1
943,917,-1
6913,7089,-1
2090,3596,-1
4539,3904,-1
5141,5251,-1
4676,3799,-1
5218,6740,-1
5,1434,-1
3335,5616,-1
4078,4933,-1
632,2059,-1
656,2352,-1
3241,1779,-1
3306,4867,-1
2444,3383,-1
1095,2868,-1
5545,4654,-1
5794,6173,-1
3147,5944,-1
1062,5112,-1
4609,4634,-1
576,1524,-1
2706,6585,-1
645,636,-1
6225,3644,-1
862,2724,-1
424,459,-1
5259,5104,-1
5129,6740,-1
1251,1249,-1
318,1524,-1
4180,4636,-1
2204,3948,-1
1519,3999,-1
3248,3045,-1
3445,3904,-1
1478,1616,-1
3303,3589,-1
3534,3154,-1
1649,1810,-1
1050,2149,-1
640,1795,-1
5457,14,-1
4613,5586,-1
4445,1249,-1
1062,2983,-1
99,3023,-1
2617,2714,-1
2585,4148,-1
803,1434,-1
641,1361,-1
857,1524,-1
967,703,-1
62,6599,-1
3140,5138,-1
3350,1634,-1
6149,6537,-1
2328,2581,-1
2396,2975,-1
6034,3644,-1
1032,4603,-1
1846,1920,-1
4467,3807,-1
2763,2997,-1
943,1207,-1
4819,3990,-1
1969,2360,-1
1050,5478,-1
1089,3238,-1
3672,698,-1
2833,1892,-1
3464,3633,-1
23,4672,-1
2331,2649,-1
334,51,-1
490,1684,-1
3901,3781,-1
422,5413,-1
4485,4447,-1
2209,2724,-1
1174,4479,-1
2464,1684,-1
3261,6787,-1
5129,5612,-1
3701,1822,-1
2323,1184,-1
3845,4186,-1
1608,3045,-1
3350,3172,-1
4011,3786,-1
3445,5892,-1
23,168,-1
5354,6941,-1
1621,1524,-1
3330,2059,-1
3147,4494,-1
546,1887,-1
5367,4634,-1
1040,4148,-1
4824,7072,-1
4193,4603,-1
3146,4427,-1
2721,3428,-1
1063,2435,-1
4601,4064,-1
4463,4785,-1
1562,3598,-1
3314,5736,-1
870,903,-1
719,903,-1
5176,4634,-1
2348,4734,-1
2761,4314,-1
4256,4722,-1
353,684,-1
2261,1201,-1
864,298,-1
2463,3453,-1
870,1151,-1
1348,4193,-1
2123,2018,-1
4226,5240,-1
6152,6607,-1
4377,4854,-1
4823,6792,-1
656,851,-1
5131,6564,-1
2585,4274,-1
6151,6792,-1
3655,3652,-1
222,1201,-1
916,2048,-1
2164,4282,-1
5786,6450,-1
3972,5256,-1
5,1384,-1
4479,5049,-1
656,896,-1
656,3464,-1
1591,3644,-1
4430,5477,-1
2813,2149,-1
1256,3703,-1
5002,6322,-1
656,1881,-1
1960,383,-1
5539,6585,-1
1032,5105,-1
1062,3193,-1
5129,6565,-1
1029,2548,-1
1684,2827,-1
4617,4734,-1
3678,4023,-1
1062,5125,-1
5123,5740,-1
3701,4308,-1
1664,4233,-1
67,433,-1
5145,4798,-1
2166,2219,-1
4606,854,-1
1201,2002,-1
3916,3907,-1
2164,4479,-1
5144,4687,-1
3151,6026,-1
2997,2209,-1
1151,1703,-1
2456,3456,-1
5129,3303,-1
604,563,-1
4897,933,-1
1940,3219,-1
3140,5490,-1
4451,62,-1
2707,4801,-1
4899,5104,-1
2377,4712,-1
1035,2574,-1
4479,4875,-1
4676,5305,-1
76,774,-1
6171,6835,-1
5132,5800,-1
6462,6509,-1
4479,2540,-1
77,82,-1
5562,5887,-1
6034,6679,-1
1608,5072,-1
3059,2607,-1
5786,4777,-1
5131,4429,-1
2461,2670,-1
4617,5586,-1
1763,4550,-1
2343,2059,-1
2431,2427,-1
2282,2827,-1
4430,4975,-1
4315,6014,-1
5307,3153,-1
1306,2607,-1
2004,3461,-1
1062,3778,-1
4617,4881,-1
3927,6833,-1
2572,2795,-1
698,943,-1
1562,2776,-1
1032,4044,-1
662,2532,-1
5288,5731,-1
99,4746,-1
1062,3465,-1
3580,2648,-1
2818,4602,-1
6262,6261,-1
632,3195,-1
2476,3964,-1
96,168,-1
2706,4581,-1
3534,3581,-1
3140,5877,-1
2428,1201,-1
1062,5682,-1
1655,3664,-1
2852,3238,-1
927,2880,-1
2204,3281,-1
1266,2348,-1
6173,6452,-1
857,1152,-1
3768,3917,-1
4164,1267,-1
2457,3640,-1
862,1906,-1
4283,5089,-1
2761,4821,-1
2617,3690,-1
6224,3644,-1
4831,2080,-1
2617,4694,-1
1062,2750,-1
4720,4724,-1
964,1920,-1
105,5604,-1
951,3045,-1
23,1684,-1
2025,2997,-1
50,636,-1
2172,5871,-1
4831,5588,-1
916,5256,-1
656,3529,-1
4965,4068,-1
422,880,-1
2062,673,-1
7046,5072,-1
2841,2997,-1
719,3096,-1
6780,7112,-1
24,1059,-1
2062,3255,-1
1032,4159,-1
5129,6419,-1
2997,1038,-1
1658,3298,-1
126,5944,-1
6024,6035,-1
2680,3456,-1
3739,5497,-1
1062,1605,-1
1035,2532,-1
4430,5778,-1
5013,3904,-1
1302,1709,-1
3336,2648,-1
2372,2806,-1
1734,896,-1
2164,4927,-1
3077,3722,-1
2463,5333,-1
2818,5047,-1
2425,3115,-1
3097,3640,-1
2473,3037,-1
2707,3080,-1
4541,3644,-1
2315,4766,-1
3189,4068,-1
3183,2864,-1
1365,1842,-1
5470,4672,-1
373,5916,-1
2343,2139,-1
669,5871,-1
3459,4854,-1
4542,6537,-1
6838,4607,-1
3809,3387,-1
77,64,-1
2348,6602,-1
3488,2348,-1
4180,4525,-1
822,1214,-1
5889,6014,-1
47,3383,-1
766,4157,-1
5129,6244,-1
4784,14,-1
106,765,-1
5672,6125,-1
2761,4148,-1
4613,5548,-1
1374,168,-1
2833,3762,-1
2159,4694,-1
2270,5736,-1
4522,5572,-1
776,2204,-1
6487,6827,-1
5002,6503,-1
3450,3519,-1
5043,5829,-1
669,5616,-1
19,1703,-1
7,673,-1
4819,4193,-1
2209,2795,-1
67,151,-1
4147,372,-1
3598,4991,-1
967,2575,-1
2099,168,-1
697,4446,-1
1664,2455,-1
2463,4720,-1
5786,3045,-1
118,399,-1
4214,4350,-1
2997,3633,-1
902,1086,-1
78,193,-1
3927,3581,-1
3809,4607,-1
2270,4068,-1
422,4131,-1
5129,5878,-1
2738,5613,-1
5141,6774,-1
4865,1419,-1
1062,2149,-1
3606,2315,-1
4919,5800,-1
1763,2079,-1
3466,3690,-1
4033,5382,-1
719,2066,-1
3314,4277,-1
1639,1420,-1
3148,3733,-1
3972,5264,-1
794,2776,-1
4606,2398,-1
3654,4158,-1
1562,2683,-1
3314,5800,-1
3679,6537,-1
4164,4707,-1
1110,933,-1
77,4233,-1
1062,6884,-1
5367,5871,-1
2396,4634,-1
877,1793,-1
1394,3551,-1
64,440,-1
5586,6190,-1
4865,4148,-1
217,2908,-1
1559,2269,-1
2767,2997,-1
1184,2421,-1
656,2568,-1
1928,2204,-1
3287,3633,-1
1420,4636,-1
2371,2806,-1
4430,3548,-1
1256,62,-1
373,2149,-1
4192,4654,-1
5586,5588,-1
5586,5134,-1
2761,4269,-1
4063,3807,-1
6188,4785,-1
3261,6599,-1
78,3543,-1
2059,3402,-1
2571,2750,-1
3146,2348,-1
2459,3056,-1
1062,6667,-1
2707,2332,-1
3794,4720,-1
5430,5796,-1
5634,6026,-1
2377,2423,-1
362,3644,-1
6636,6792,-1
5769,6143,-1
656,816,-1
2331,2283,-1
1765,3480,-1
77,5586,-1
3400,1006,-1
53,82,-1
2515,2526,-1
6817,4607,-1
1172,4062,-1
1375,1643,-1
4091,2191,-1
875,168,-1
5586,4277,-1
4817,5295,-1
148,1134,-1
2039,2880,-1
4618,4835,-1
3077,3598,-1
1110,6650,-1
2169,4798,-1
5522,6565,-1
3336,4707,-1
2343,3464,-1
1478,1541,-1
3145,3819,-1
1478,1643,-1
4147,3529,-1
697,4158,-1
1562,2414,-1
1814,2155,-1
2818,5144,-1
3790,3787,-1
697,2958,-1
4606,4799,-1
5292,6537,-1
4598,6085,-1
5672,4282,-1
7064,7090,-1
2617,3769,-1
5783,6396,-1
3449,4878,-1
1452,1461,-1
5238,5386,-1
644,1151,-1
5586,4777,-1
1478,1499,-1
756,4274,-1
2166,2149,-1
3151,4350,-1
3077,5256,-1
4603,2332,-1
2164,2332,-1
3051,3522,-1
1664,2401,-1
76,2581,-1
4950,2191,-1
3147,2296,-1
1062,3242,-1
3701,3154,-1
2975,3238,-1
4026,3781,-1
1143,154,-1
888,1086,-1
4256,3480,-1
2342,1881,-1
1919,925,-1
1420,2149,-1
2531,3703,-1
778,2059,-1
6029,6726,-1
4824,6537,-1
967,6650,-1
2520,698,-1
6817,6884,-1
163,824,-1
2328,2490,-1
1420,4286,-1
5680,6643,-1
3464,3640,-1
1792,2002,-1
822,1061,-1
2348,2178,-1
788,963,-1
3152,938,-1
951,3387,-1
2463,4990,-1
6332,3045,-1
3678,2348,-1
5129,6059,-1
6462,5209,-1
3275,3349,-1
284,710,-1
2348,7028,-1
99,7036,-1
776,1402,-1
6205,5586,-1
1266,3630,-1
692,816,-1
2842,2838,-1
1062,4707,-1
4479,3675,-1
1002,5072,-1
3739,4677,-1
3145,4020,-1
1520,1881,-1
2328,3238,-1
4705,6399,-1
2039,698,-1
1365,1038,-1
546,3426,-1
2166,2649,-1
2062,2997,-1
1260,698,-1
2575,383,-1
3653,3807,-1
4082,4892,-1
4552,5942,-1
5013,5256,-1
3208,1756,-1
2016,2442,-1
3059,3480,-1
2343,3626,-1
2396,4350,-1
3249,1330,-1
47,2315,-1
2039,2863,-1
776,2016,-1
697,3892,-1
3746,5706,-1
3147,5281,-1
1062,817,-1
2761,4106,-1
4374,4766,-1
640,926,-1
1095,2851,-1
5680,6908,-1
1179,262,-1
755,1319,-1
4897,3598,-1
2039,2166,-1
4192,372,-1
1589,168,-1
2617,3733,-1
912,1006,-1
2039,2948,-1
624,1184,-1
888,1152,-1
3303,3762,-1
681,3904,-1
1242,270,-1
5144,5778,-1
4068,3153,-1
3149,4450,-1
3739,1054,-1
5146,5385,-1
2323,3733,-1
3594,2548,-1
6026,6313,-1
3929,3781,-1
2628,1249,-1
900,1151,-1
2628,1106,-1
19,1434,-1
4078,5047,-1
3027,3555,-1
3336,3670,-1
3002,3571,-1
1002,6740,-1
422,5120,-1
776,793,-1
4543,6412,-1
2315,3315,-1
740,1577,-1
1256,2838,-1
1935,2016,-1
4819,5497,-1
4335,4734,-1
2204,1038,-1
2707,5736,-1
5488,6740,-1
2607,3900,-1
4552,6139,-1
312,1021,-1
2444,3072,-1
2395,2510,-1
788,2018,-1
2707,6088,-1
1625,2204,-1
1062,5414,-1
5129,4854,-1
2506,2395,-1
2328,2683,-1
5129,6544,-1
1763,2776,-1
951,2204,-1
1706,2107,-1
3800,4447,-1
5794,5251,-1
4618,2191,-1
5493,5892,-1
2607,2917,-1
285,6585,-1
3255,5588,-1
3332,6026,-1
5488,6570,-1
1170,1051,-1
3594,6585,-1
4627,6628,-1
238,894,-1
111,3428,-1
5002,6670,-1
902,1676,-1
2159,698,-1
5720,5588,-1
723,3153,-1
3207,4080,-1
118,1900,-1
126,5270,-1
3580,2661,-1
2425,3139,-1
2431,3426,-1
285,3193,-1
373,1643,-1
5286,933,-1
318,383,-1
6928,7070,-1
3235,14,-1
719,318,-1
4479,4709,-1
4226,5497,-1
1940,6368,-1
99,5593,-1
2457,3762,-1
1213,262,-1
1306,3480,-1
3678,4910,-1
3314,5978,-1
4154,5144,-1
801,1900,-1
3287,710,-1
5002,5155,-1
2617,3464,-1
776,1723,-1
5127,5619,-1
954,4477,-1
6300,6503,-1
1949,2589,-1
6335,6679,-1
2681,3281,-1
2,7,-1
5131,2348,-1
2062,2568,-1
4223,4707,-1
3466,3054,-1
3467,3463,-1
2270,5209,-1
5512,6356,-1
5019,3904,-1
1639,2291,-1
1763,3563,-1
604,684,-1
1348,5661,-1
1664,5270,-1
656,2815,-1
1018,1151,-1
1303,1810,-1
320,2018,-1
1559,2183,-1
5144,5043,-1
902,1709,-1
1256,1968,-1
5141,6538,-1
1306,2805,-1
4607,4694,-1
4244,3480,-1
967,3781,-1
4108,4745,-1
3307,3951,-1
373,1892,-1
47,2648,-1
1937,4350,-1
2457,3595,-1
559,858,-1
3222,3562,-1
2062,2575,-1
1669,1460,-1
3747,3971,-1
778,5887,-1
3307,3602,-1
943,1441,-1
3306,3892,-1
5125,4989,-1
5161,5619,-1
2172,3904,-1
4973,2191,-1
5141,6933,-1
2062,3491,-1
669,6085,-1
3427,5687,-1
1010,988,-1
3598,4781,-1
6293,4477,-1
2366,2548,-1
2377,2139,-1
5617,6835,-1
4635,4634,-1
719,2074,-1
2617,2997,-1
2343,1460,-1
2343,3349,-1
626,2897,-1
5307,1972,-1
78,846,-1
3261,3990,-1
1063,3703,-1
1559,258,-1
5129,6076,-1
5076,1820,-1
2467,4878,-1
3594,4177,-1
3701,3921,-1
2431,1006,-1
5129,5449,-1
99,2348,-1
5605,5604,-1
3800,4269,-1
982,5765,-1
1933,2776,-1
2078,925,-1
3653,3804,-1
656,2690,-1
3151,2548,-1
4374,5497,-1
1080,1676,-1
3261,6026,-1
2707,3480,-1
1362,1184,-1
3716,5986,-1
4606,2273,-1
776,2226,-1
2126,3175,-1
4899,14,-1
4430,4785,-1
2444,2662,-1
6265,6362,-1
3286,4881,-1
4116,5871,-1
2971,3242,-1
2548,673,-1
2166,925,-1
1475,4943,-1
6298,6544,-1
4596,3926,-1
5309,4989,-1
1394,1828,-1
119,1426,-1
2166,2880,-1
3059,4079,-1
3781,4086,-1
4612,4975,-1
1032,4158,-1
2975,4023,-1
4720,4852,-1
6865,2030,-1
4617,6503,-1
2835,3951,-1
2427,2662,-1
2906,4016,-1
2707,5089,-1
692,2864,-1
4552,4923,-1
6125,5736,-1
1238,270,-1
2431,938,-1
3464,3463,-1
2758,62,-1
1717,4878,-1
2270,3781,-1
692,2511,-1
755,1403,-1
5317,6276,-1
171,168,-1
6205,3644,-1
1681,698,-1
1151,1671,-1
169,1779,-1
2204,6356,-1
5149,6644,-1
4836,4780,-1
414,3951,-1
698,6650,-1
1629,2216,-1
2348,5911,-1
3314,5251,-1
5787,5554,-1
3678,4552,-1
2997,4148,-1
2425,3644,-1
2680,270,-1
713,3999,-1
99,338,-1
422,4350,-1
3672,5251,-1
2164,4706,-1
4965,4607,-1
4542,3644,-1
2462,3126,-1
3095,3589,-1
533,2668,-1
2762,2917,-1
3807,2149,-1
5053,5658,-1
2062,5537,-1
1184,2204,-1
6562,6617,-1
3314,5057,-1
3598,4044,-1
3655,3045,-1
3747,698,-1
4377,3699,-1
318,1756,-1
2536,698,-1
1341,925,-1
1933,1634,-1
6612,6626,-1
2895,3589,-1
6171,6724,-1
1062,3664,-1
4850,4943,-1
422,2149,-1
1062,2625,-1
5166,4852,-1
766,2395,-1
6151,6888,-1
2343,2666,-1
1478,1974,-1
1736,4525,-1
910,1895,-1
2707,4798,-1
1062,3252,-1
4223,4680,-1
1475,5563,-1
2431,1756,-1
5138,6063,-1
943,1168,-1
1062,2972,-1
2039,3947,-1
3739,2912,-1
4993,4269,-1
2607,3544,-1
4403,4068,-1
3077,4016,-1
2620,168,-1
967,5738,-1
4598,6537,-1
902,1330,-1
2707,4989,-1
2767,3761,-1
5534,4805,-1
2172,5784,-1
4652,4647,-1
2431,3315,-1
2459,3193,-1
1374,4233,-1
1986,2435,-1
4330,4827,-1
3147,3874,-1
4618,4780,-1
1069,5240,-1
77,880,-1
3512,2838,-1
3541,3644,-1
6661,5706,-1
3598,2989,-1
2841,5128,-1
4015,4080,-1
3109,4729,-1
4430,4780,-1
10,2015,-1
2767,3229,-1
719,2149,-1
5129,4785,-1
1341,1151,-1
4068,933,-1
373,4233,-1
578,1106,-1
4617,4269,-1
3594,6139,-1
5129,6415,-1
4609,5112,-1
4116,4852,-1
533,2670,-1
3314,5661,-1
2039,2351,-1
6928,6599,-1
1475,1820,-1
2467,4603,-1
6152,6570,-1
656,4724,-1
902,1892,-1
106,740,-1
2039,2372,-1
2270,3031,-1
1062,1541,-1
2039,1945,-1
576,971,-1
2420,1460,-1
3146,4828,-1
674,213,-1
778,4525,-1
1969,2499,-1
2617,3519,-1
1562,3815,-1
2030,7010,-1
284,1152,-1
862,2838,-1
422,3080,-1
1629,3616,-1
3696,3703,-1
1987,2724,-1
1463,5593,-1
5474,6143,-1
6462,6998,-1
2460,3229,-1
19,210,-1
4604,5343,-1
4279,4282,-1
1192,4109,-1
6151,5072,-1
2062,2983,-1
697,3428,-1
1062,2423,-1
77,4672,-1
422,6497,-1
776,2219,-1
312,1793,-1
766,2511,-1
371,213,-1
5144,6087,-1
3212,3428,-1
2377,2724,-1
3147,5548,-1
105,5653,-1
5134,4407,-1
422,4985,-1
6149,6578,-1
1420,1759,-1
2123,2648,-1
2348,6206,-1
669,6568,-1
4149,2030,-1
6632,4479,-1
4617,4927,-1
3739,4634,-1
2123,4798,-1
3853,6362,-1
318,3205,-1
3465,4550,-1
830,851,-1
1664,3781,-1
2348,854,-1
5129,4835,-1
2079,4785,-1
740,639,-1
1649,51,-1
527,2191,-1
3986,4171,-1
3545,4068,-1
3427,3426,-1
1639,2980,-1
4430,1249,-1
3612,3685,-1
5144,5554,-1
624,1810,-1
77,926,-1
776,1184,-1
4164,4746,-1
6369,6293,-1
1032,3899,-1
5602,7070,-1
2390,4854,-1
41,1703,-1
4552,6884,-1
3357,1267,-1
105,5561,-1
756,3571,-1
2444,3073,-1
2343,2819,-1
2767,3951,-1
3807,3480,-1
735,1729,-1
5143,2087,-1
2416,2405,-1
982,5978,-1
4374,5504,-1
719,1661,-1
1478,1895,-1
4479,4949,-1
3811,4265,-1
732,606,-1
794,793,-1
1095,3598,-1
4467,4525,-1
2348,6049,-1
2062,3318,-1
2164,6537,-1
2617,2123,-1
4617,6599,-1
719,5490,-1
669,5911,-1
1341,2315,-1
644,698,-1
2117,2087,-1
1110,3009,-1
2781,3229,-1
4463,5333,-1
2396,3562,-1
2323,3685,-1
3466,3703,-1
2796,2880,-1
318,1605,-1
3059,1420,-1
2457,3619,-1
2818,4660,-1
4032,4702,-1
656,3787,-1
1298,2194,-1
2166,2296,-1
4788,5091,-1
536,550,-1
2159,2555,-1
6612,6627,-1
4374,5478,-1
4617,4835,-1
3583,4854,-1
1629,2552,-1
6351,2030,-1
875,1059,-1
4256,2191,-1
3143,4799,-1
3081,3080,-1
822,2090,-1
3911,2661,-1
1629,2144,-1
4784,1420,-1
2525,2670,-1
3140,4268,-1
2457,3892,-1
1063,2122,-1
6146,6497,-1
1535,3644,-1
6218,6026,-1
2760,4068,-1
794,2729,-1
3314,6139,-1
4865,4912,-1
6176,6497,-1
1032,2607,-1
4606,1057,-1
1348,2621,-1
3655,5769,-1
943,1631,-1
2348,6720,-1
5782,7028,-1
1032,1793,-1
718,2864,-1
5215,2315,-1
2431,4361,-1
4524,4854,-1
2377,2096,-1
76,2201,-1
4374,5661,-1
3686,3685,-1
318,1184,-1
766,3544,-1
1629,2540,-1
3140,3542,-1
656,2351,-1
669,5333,-1
626,795,-1
788,5738,-1
2078,2107,-1
5672,3805,-1
2287,6833,-1
2431,3379,-1
4163,4479,-1
3596,3899,-1
1664,4672,-1
3710,1038,-1
3746,698,-1
1736,2360,-1
77,2201,-1
5724,4048,-1
3678,4707,-1
4147,4782,-1
221,85,-1
76,2149,-1
1394,3460,-1
2591,2283,-1
73,193,-1
93,2368,-1
943,733,-1
863,1541,-1
718,2066,-1
95,86,-1
3151,4882,-1
1062,2087,-1
13,435,-1
237,3685,-1
2833,258,-1
1420,3514,-1
1088,1249,-1
3678,5089,-1
1475,5734,-1
3168,3644,-1
422,1461,-1
3097,4274,-1
4064,4271,-1
1425,5377,-1
1256,2460,-1
1450,2183,-1
279,373,-1
4566,4852,-1
5002,6526,-1
6574,6412,-1
2204,3526,-1
2062,3281,-1
11,721,-1
5123,6537,-1
287,1703,-1
604,793,-1
6412,6720,-1
99,5209,-1
1050,1800,-1
5073,5309,-1
4606,5593,-1
1348,5293,-1
4223,2149,-1
1002,6157,-1
2781,4495,-1
119,2405,-1
2761,4018,-1
2761,3904,-1
5512,6243,-1
1062,2209,-1
1763,4552,-1
656,2384,-1
2617,4924,-1
3455,3551,-1
2062,1605,-1
3360,3238,-1
4439,2149,-1
2331,2368,-1
1062,5449,-1
1032,4314,-1
6816,3644,-1
5680,5911,-1
1032,4852,-1
3059,3589,-1
665,1087,-1
2328,2204,-1
2617,4588,-1
3466,3702,-1
118,926,-1
2062,2958,-1
3146,3907,-1
2841,2107,-1
1365,2066,-1
3986,3581,-1
1040,1795,-1
698,1086,-1
2322,2776,-1
2785,2781,-1
78,4798,-1
4604,5380,-1
2116,2087,-1
353,2191,-1
78,2838,-1
6067,6603,-1
2328,5627,-1
697,5251,-1
4522,4579,-1
2164,5586,-1
1940,2712,-1
2463,5377,-1
1192,3349,-1
3598,6261,-1
5288,1820,-1
2786,2548,-1
2707,5269,-1
3249,3222,-1
2758,4068,-1
546,2018,-1
2315,14,-1
2494,1249,-1
718,2587,-1
9,373,-1
6462,5907,-1
3598,372,-1
959,740,-1
3138,3960,-1
967,5256,-1
5786,6419,-1
4522,4708,-1
5680,6607,-1
2457,3031,-1
4508,5169,-1
169,6996,-1
2179,3699,-1
5288,4974,-1
5488,4048,-1
3781,4082,-1
656,2348,-1
119,1793,-1
3929,4949,-1
279,823,-1
5512,3045,-1
1239,1184,-1
546,1524,-1
5786,5911,-1
2824,3001,-1
5912,6520,-1
373,372,-1
4607,4949,-1
5,1350,-1
3677,3769,-1
6146,6065,-1
6214,6626,-1
23,5983,-1
904,3402,-1
5,1541,-1
1060,262,-1
1734,2018,-1
3097,3551,-1
1664,2417,-1
1463,5616,-1
1063,2062,-1
3329,3964,-1
2464,2062,-1
3545,4694,-1
1828,5251,-1
1668,3630,-1
4624,4350,-1
5203,14,-1
2342,2059,-1
1341,2087,-1
4315,4734,-1
6632,6419,-1
1763,2649,-1
3086,3205,-1
3534,4265,-1
2464,2948,-1
13,86,-1
2343,1106,-1
1475,6667,-1
641,373,-1
2177,3195,-1
1415,5343,-1
5539,5922,-1
2396,3699,-1
3799,6396,-1
1608,1249,-1
1032,2648,-1
1062,6190,-1
3316,3463,-1
1629,2975,-1
3387,2648,-1
22,121,-1
1062,6026,-1
4617,5343,-1
328,1106,-1
1984,3195,-1
4910,2368,-1
1143,1459,-1
6173,6405,-1
5782,6496,-1
2975,4892,-1
1032,3778,-1
19,2144,-1
862,2776,-1
4403,4525,-1
3097,3544,-1
3788,5800,-1
2742,3298,-1
5794,5800,-1
1394,3519,-1
1374,553,-1
2330,4269,-1
593,636,-1
2575,2490,-1
2462,3219,-1
1080,728,-1
3296,3461,-1
3314,5744,-1
967,237,-1
5002,6611,-1
3921,4479,-1
2775,2648,-1
490,5134,-1
2370,4142,-1
5786,6139,-1
738,7,-1
1763,1367,-1
3086,2997,-1
1306,4350,-1
5512,5586,-1
2680,3729,-1
1348,3252,-1
3148,3543,-1
17,121,-1
2456,2348,-1
2172,1542,-1
1032,4216,-1
2039,3040,-1
578,373,-1
4430,4142,-1
4617,4882,-1
2707,6169,-1
422,5640,-1
1080,1064,-1
576,4654,-1
4038,6599,-1
3427,4729,-1
6298,6342,-1
1608,7090,-1
2048,2201,-1
3212,3456,-1
196,4233,-1
1014,4677,-1
3546,4446,-1
2761,3960,-1
2676,3149,-1
1763,2918,-1
3580,3032,-1
680,639,-1
656,2036,-1
3655,5209,-1
3653,4161,-1
422,6013,-1
1032,4654,-1
3155,4922,-1
254,215,-1
2761,4350,-1
3059,1791,-1
3598,5519,-1
846,1524,-1
3598,3149,-1
105,5694,-1
2123,1828,-1
3305,3571,-1
5131,6503,-1
6149,3153,-1
2459,2511,-1
3182,2864,-1
756,3045,-1
898,925,-1
2707,3463,-1
2069,2066,-1
4718,4479,-1
490,1779,-1
674,3947,-1
902,1974,-1
394,399,-1
318,854,-1
5123,3729,-1
589,62,-1
718,2281,-1
2707,6261,-1
3248,3639,-1
3678,5112,-1
546,3349,-1
1141,1319,-1
5827,3965,-1
2707,5694,-1
3155,2080,-1
2997,1900,-1
1062,1820,-1
4617,4286,-1
2323,2059,-1
3350,3519,-1
5672,5289,-1
1801,1793,-1
3330,3971,-1
967,1354,-1
3716,4550,-1
3307,1791,-1
3124,4447,-1
279,710,-1
5143,5857,-1
2575,2649,-1
626,2204,-1
2707,6245,-1
2575,3703,-1
943,2592,-1
822,1609,-1
4618,5144,-1
5786,6396,-1
2617,3904,-1
118,2506,-1
898,1051,-1
3701,4677,-1
3155,4142,-1
285,3045,-1
139,193,-1
719,4525,-1
4430,4881,-1
2328,2677,-1
1062,5490,-1
5794,6065,-1
4093,3703,-1
2064,5744,-1
2172,2425,-1
1828,3440,-1
6652,6568,-1
3059,4420,-1
5129,6884,-1
2179,4922,-1
1079,2511,-1
1960,3658,-1
3314,5047,-1
1062,1984,-1
422,4479,-1
4892,5361,-1
6067,6808,-1
3701,4265,-1
5145,5586,-1
3644,3685,-1
4479,5343,-1
3147,4749,-1
2348,3815,-1
2575,3426,-1
6050,6263,-1
1718,3115,-1
1295,2219,-1
656,1126,-1
138,824,-1
1371,4350,-1
1608,4286,-1
2463,3522,-1
656,2191,-1
2506,3172,-1
4617,5661,-1
944,1051,-1
2079,3703,-1
1625,3139,-1
1763,778,-1
3854,5479,-1
3441,4867,-1
6258,6261,-1
4618,4878,-1
3786,1800,-1
2453,3001,-1
788,187,-1
2348,4720,-1
1475,7079,-1
1062,1057,-1
1924,5027,-1
490,2516,-1
1349,1499,-1
1095,2421,-1
5,1354,-1
99,703,-1
5161,5251,-1
3350,1779,-1
719,1051,-1
2607,3702,-1
62,3168,-1
2760,6060,-1
6811,5800,-1
2575,2972,-1
3678,3904,-1
3331,3924,-1
1348,2357,-1
163,673,-1
2607,3939,-1
6171,6502,-1
943,1254,-1
5,1793,-1
1002,6756,-1
983,2908,-1
713,1288,-1
391,6085,-1
755,2049,-1
3986,3238,-1
3901,5293,-1
2428,3480,-1
1050,933,-1
3212,3318,-1
3151,4494,-1
3678,4687,-1
4964,1249,-1
1174,62,-1
3513,3598,-1
5138,6233,-1
641,1461,-1
1608,4044,-1
5176,5264,-1
3739,3644,-1
1062,51,-1
719,2912,-1
2040,2395,-1
4823,6462,-1
2062,3762,-1
2572,2781,-1
4164,4974,-1
7008,7005,-1
3680,4297,-1
1420,3456,-1
1371,5479,-1
318,168,-1
1016,2191,-1
2348,5889,-1
3878,1054,-1
85,82,-1
3800,4660,-1
3140,3153,-1
951,6293,-1
1562,3157,-1
4603,4720,-1
4463,5796,-1
9,272,-1
1828,3548,-1
4467,4633,-1
943,1184,-1
6179,3153,-1
967,3598,-1
1629,1501,-1
794,1402,-1
6149,6570,-1
713,2575,-1
2458,3040,-1
2100,3786,-1
4555,2178,-1
1170,2532,-1
373,4892,-1
3314,4990,-1
5129,5911,-1
3059,3630,-1
4283,4048,-1
1062,2062,-1
4784,2810,-1
5512,3823,-1
2039,3932,-1
2328,4892,-1
2465,2191,-1
3313,4486,-1
2563,4121,-1
6736,6756,-1
656,693,-1
4417,3235,-1
3969,4082,-1
3919,4479,-1
5786,6679,-1
1032,5478,-1
713,2357,-1
2204,3139,-1
6010,3644,-1
1365,1427,-1
766,4552,-1
644,1795,-1
4315,1542,-1
3919,4724,-1
862,2440,-1
656,2395,-1
6182,5616,-1
5680,5706,-1
1478,51,-1
4941,6043,-1
4038,5580,-1
3306,6349,-1
2707,5652,-1
2062,2283,-1
669,5796,-1
3350,3619,-1
53,270,-1
2348,6263,-1
2676,4447,-1
2078,2269,-1
85,795,-1
5360,4350,-1
5918,6720,-1
24,213,-1
2463,2581,-1
3441,5047,-1
4719,4780,-1
1062,1760,-1
626,2183,-1
4566,5682,-1
4617,6342,-1
1348,1151,-1
3598,2897,-1
4374,4933,-1
1063,3480,-1
2617,2331,-1
167,698,-1
5144,5892,-1
1463,5604,-1
5002,6628,-1
576,4892,-1
697,4233,-1
5317,4634,-1
6293,5547,-1
1220,1626,-1
5129,5765,-1
1975,693,-1
2062,2540,-1
1894,1201,-1
2906,3031,-1
2607,3453,-1
591,757,-1
3990,6537,-1
5129,6396,-1
656,2868,-1
3059,3555,-1
2829,4080,-1
6414,6439,-1
3106,4177,-1
3739,5061,-1
697,3807,-1
3409,3571,-1
3226,3281,-1
5548,3729,-1
2673,3781,-1
2585,698,-1
4192,1267,-1
3574,3685,-1
5782,4407,-1
2040,2368,-1
2090,3229,-1
1266,1524,-1
3249,5563,-1
34,82,-1
176,168,-1
3546,6537,-1
5249,5377,-1
4386,4350,-1
2607,673,-1
923,3644,-1
3990,6462,-1
1062,4522,-1
2062,3285,-1
6736,6808,-1
4855,1057,-1
3465,3463,-1
5144,3153,-1
3286,3703,-1
674,5077,-1
6173,6616,-1
3207,3598,-1
5518,4867,-1
5178,1367,-1
4612,4927,-1
2289,4633,-1
4717,3781,-1
656,774,-1
1374,1184,-1
1062,4854,-1
5081,4798,-1
3097,1634,-1
2328,2781,-1
3647,2831,-1
1763,2434,-1
3314,5386,-1
318,3222,-1
1062,2863,-1
123,121,-1
5129,3153,-1
3470,4233,-1
2090,5341,-1
1248,3229,-1
1062,5736,-1
2209,2819,-1
3154,4350,-1
1609,1249,-1
4855,1419,-1
6034,7036,-1
4522,3699,-1
4823,933,-1
3147,5138,-1
373,2864,-1
5632,4672,-1
2818,4831,-1
2457,3633,-1
2514,2066,-1
141,140,-1
904,3080,-1
5129,4654,-1
6702,6430,-1
1184,3195,-1
4552,5340,-1
3914,6833,-1
85,660,-1
3508,6915,-1
3134,3818,-1
3445,4636,-1
2342,3787,-1
1559,1267,-1
2747,4286,-1
1005,988,-1
2767,3965,-1
1110,2219,-1
3654,4854,-1
2342,1800,-1
2717,7036,-1
422,5661,-1
680,1616,-1
692,4801,-1
576,3195,-1
1110,6538,-1
4180,5796,-1
1420,4672,-1
6173,4455,-1
4606,3781,-1
2680,5901,-1
3009,2838,-1
3681,5619,-1
3236,1779,-1
2463,4446,-1
1062,5228,-1
3425,3947,-1
669,1367,-1
4430,4974,-1
3306,3699,-1
1235,1626,-1
726,3907,-1
669,6181,-1
755,3032,-1
916,5313,-1
3134,2581,-1
6219,3644,-1
2680,5652,-1
3261,4350,-1
3155,3781,-1
2617,4177,-1
3653,3480,-1
2457,3046,-1
93,6076,-1
3138,3630,-1
5238,5305,-1
2548,4086,-1
2463,4677,-1
2761,5846,-1
1471,1616,-1
1063,2587,-1
285,6085,-1
3106,2296,-1
6669,6907,-1
2090,2426,-1
1761,1895,-1
5512,5270,-1
3147,4479,-1
3314,2080,-1
3598,3644,-1
4788,3854,-1
669,5706,-1
778,816,-1
3273,3804,-1
755,2490,-1
2740,2018,-1
2038,2711,-1
10,1361,-1
1394,2273,-1
5129,6263,-1
2734,2575,-1
2432,2426,-1
5043,5715,-1
3140,4407,-1
4736,5027,-1
3307,3881,-1
2330,6726,-1
2471,383,-1
1636,1729,-1
3678,4828,-1
3901,5932,-1
2463,4840,-1
2617,2018,-1
3168,3219,-1
576,3097,-1
1619,5930,-1
6026,5512,-1
5218,6756,-1
5512,3805,-1
2995,4233,-1
5105,2368,-1
943,1400,-1
5105,4777,-1
6021,4607,-1
2761,3899,-1
461,2864,-1
954,14,-1
1062,5309,-1
2761,4161,-1
422,5177,-1
1629,2421,-1
2172,5554,-1
723,1184,-1
656,2044,-1
217,4672,-1
3594,2315,-1
4617,6537,-1
1032,3907,-1
888,1094,-1
3286,938,-1
822,1759,-1
2738,3932,-1
5539,5892,-1
2459,5380,-1
2425,3838,-1
373,1793,-1
3880,5144,-1
85,24,-1
982,3965,-1
5129,6139,-1
698,1709,-1
2463,2460,-1
2459,3158,-1
1256,4479,-1
1487,693,-1
1062,5185,-1
119,925,-1
5133,5619,-1
1314,1575,-1
6246,6245,-1
3809,2149,-1
99,4991,-1
2059,3155,-1
5455,5554,-1
2337,3168,-1
2463,4603,-1
692,4782,-1
4607,6088,-1
3303,1892,-1
2266,4068,-1
2233,817,-1
3701,2149,-1
3097,3469,-1
251,562,-1
2287,4654,-1
1415,2216,-1
1062,4420,-1
1062,1675,-1
4901,5281,-1
1591,1106,-1
3672,5548,-1
1636,1671,-1
2617,2880,-1
3146,3149,-1
106,616,-1
801,3947,-1
3534,3598,-1
2039,2867,-1
2764,383,-1
967,2666,-1
4606,6181,-1
3598,4422,-1
1559,2315,-1
2270,383,-1
1669,2648,-1
420,441,-1
756,3762,-1
2039,1541,-1
23,4878,-1
891,3598,-1
857,2281,-1
1420,4265,-1
2767,2712,-1
3465,3626,-1
3147,4828,-1
669,5878,-1
2348,4086,-1
3655,3153,-1
1131,2997,-1
99,1315,-1
1420,2683,-1
5720,6996,-1
3261,5604,-1
578,3195,-1
341,463,-1
3307,1054,-1
5218,6462,-1
1319,1793,-1
1032,4495,-1
5586,6139,-1
422,2917,-1
3237,2917,-1
6335,6569,-1
4479,2649,-1
719,154,-1
943,641,-1
5660,6139,-1
3681,5593,-1
4663,4782,-1
3059,3019,-1
4257,6197,-1
2039,2750,-1
5629,5293,-1
3811,4233,-1
1672,2725,-1
1063,2589,-1
1080,51,-1
3261,6261,-1
669,5892,-1
2680,4607,-1
5852,3965,-1
3249,3318,-1
697,3193,-1
2348,3947,-1
3306,1249,-1
2680,3762,-1
3009,3504,-1
5155,5154,-1
5522,6396,-1
2463,4807,-1
3350,3349,-1
1002,5946,-1
3187,2864,-1
122,1709,-1
2172,1420,-1
2039,2457,-1
5131,5877,-1
4617,4701,-1
3914,5616,-1
3914,6994,-1
669,600,-1
3441,4912,-1
141,757,-1
2062,4415,-1
669,6059,-1
1375,59,-1
1624,1993,-1
2620,2548,-1
1062,5586,-1
3598,5504,-1
4676,2273,-1
4417,4677,-1
5105,4455,-1
85,1064,-1
3466,3951,-1
5,2201,-1
1029,2357,-1
4479,1820,-1
2050,1038,-1
6173,6626,-1
3173,3602,-1
1763,62,-1
3140,5497,-1
1419,4672,-1
5129,6157,-1
1063,1895,-1
270,2575,-1
4182,6065,-1
1032,4082,-1
669,5043,-1
778,3926,-1
1663,2149,-1
725,1106,-1
2617,4016,-1
1252,1249,-1
2778,2776,-1
4926,4895,-1
1720,1184,-1
2444,2455,-1
64,193,-1
2707,3639,-1
2607,4148,-1
3059,2897,-1
2337,3904,-1
3147,6585,-1
5794,2398,-1
5141,5892,-1
2906,2460,-1
5672,6450,-1
2617,2958,-1
2742,2712,-1
1370,2621,-1
2062,3139,-1
2408,2405,-1
5769,6792,-1
2169,1759,-1
1220,1577,-1
2328,1541,-1
1184,1881,-1
1420,2384,-1
1035,4577,-1
3681,5380,-1
5002,5586,-1
1062,4694,-1
814,4672,-1
1452,1541,-1
2062,2662,-1
644,3195,-1
778,2750,-1
1981,2548,-1
5672,6412,-1
4381,14,-1
778,3491,-1
3986,2863,-1
1478,1939,-1
105,5930,-1
2728,4157,-1
776,2269,-1
2337,2575,-1
80,932,-1
1002,6088,-1
3701,4636,-1
3109,4766,-1
898,1086,-1
1475,6169,-1
1032,4987,-1
2997,3703,-1
1420,3781,-1
1032,1134,-1
4038,4634,-1
2204,2827,-1
105,4277,-1
271,262,-1
1649,2532,-1
3466,3032,-1
2871,3195,-1
3016,1249,-1
632,1518,-1
2620,3415,-1
2457,3816,-1
3594,5875,-1
4164,4927,-1
2775,2838,-1
5542,4654,-1
669,6740,-1
6408,4654,-1
2377,3670,-1
3444,6808,-1
3598,4701,-1
2342,1176,-1
3901,3004,-1
697,3031,-1
776,774,-1
1306,2281,-1
2867,2750,-1
2620,2589,-1
779,903,-1
4607,6607,-1
5093,3045,-1
3199,2581,-1
2335,2587,-1
1731,698,-1
3296,62,-1
5769,6643,-1
2871,3816,-1
3222,2107,-1
5043,4974,-1
3315,3589,-1
934,1760,-1
2017,2750,-1
4085,4082,-1
2738,3228,-1
656,2729,-1
902,1541,-1
2386,2485,-1
5002,5889,-1
1062,1616,-1
4601,4828,-1
1062,3518,-1
4566,4607,-1
3655,5889,-1
2473,2864,-1
3303,3571,-1
900,14,-1
6539,6537,-1
2473,2455,-1
951,693,-1
318,2123,-1
5672,5878,-1
2396,3624,-1
5617,1820,-1
6151,5199,-1
2463,5478,-1
5571,6313,-1
719,1161,-1
3929,3480,-1
3654,3999,-1
5672,4455,-1
3609,2315,-1
77,2315,-1
3541,4946,-1
3534,3480,-1
41,7,-1
3314,5377,-1
640,1671,-1
1063,2348,-1
1024,2002,-1
2169,673,-1
2785,3522,-1
118,2426,-1
2123,3567,-1
862,3032,-1
4437,4989,-1
4244,4165,-1
3171,1184,-1
2617,3762,-1
2204,2776,-1
3647,62,-1
1649,1887,-1
6614,6085,-1
122,121,-1
862,1087,-1
5061,3644,-1
279,1822,-1
5138,5449,-1
78,2548,-1
3287,3172,-1
5397,5377,-1
723,5138,-1
2727,2724,-1
3275,1892,-1
5512,5889,-1
1374,2018,-1
1080,1575,-1
4444,5736,-1
2461,3031,-1
576,3892,-1
6935,6537,-1
3147,4905,-1
1394,3456,-1
527,3529,-1
118,2460,-1
5786,5932,-1
3350,3563,-1
2348,6143,-1
2746,2191,-1
1471,2015,-1
1032,5267,-1
2397,3341,-1
24,894,-1
4864,4446,-1
3545,5365,-1
3169,1756,-1
4606,4712,-1
1169,1161,-1
830,858,-1
740,1648,-1
641,854,-1
3799,4525,-1
4898,4269,-1
992,168,-1
6220,6356,-1
1014,1578,-1
862,1184,-1
3128,4350,-1
2396,5384,-1
4618,4837,-1
99,5043,-1
669,6631,-1
2585,1460,-1
5132,5911,-1
3222,3657,-1
2548,2662,-1
3179,2087,-1
3151,4455,-1
2,459,-1
1590,1661,-1
3146,698,-1
3147,4131,-1
2323,3781,-1
4430,5192,-1
2390,3781,-1
3407,3644,-1
6780,4607,-1
1062,1933,-1
3155,4828,-1
4566,2531,-1
6062,5911,-1
1450,2621,-1
2463,4018,-1
6205,6244,-1
3348,1779,-1
5459,2315,-1
768,2201,-1
4147,4550,-1
3545,6293,-1
669,6552,-1
4111,1800,-1
2459,3854,-1
3306,4822,-1
1062,3921,-1
2676,3874,-1
34,623,-1
4164,4759,-1
5522,6334,-1
697,4519,-1
3466,2607,-1
1172,4158,-1
99,4106,-1
3261,5840,-1
5127,6568,-1
3157,3786,-1
1639,3519,-1
3286,3430,-1
4541,1820,-1
2056,2066,-1
3647,4479,-1
1940,2648,-1
2348,4018,-1
3598,4694,-1
4372,4109,-1
5,140,-1
4430,5365,-1
1940,2384,-1
5127,6043,-1
5354,5616,-1
2478,3195,-1
4609,3699,-1
3644,14,-1
788,1420,-1
2575,3222,-1
4182,3045,-1
3598,3703,-1
4601,4068,-1
6632,6886,-1
2191,3598,-1
1756,5490,-1
862,2485,-1
4319,2149,-1
2912,4987,-1
776,3947,-1
285,793,-1
718,262,-1
4116,5209,-1
6865,6907,-1
23,2516,-1
669,6670,-1
723,5281,-1
3799,6349,-1
1681,4634,-1
2204,1634,-1
269,262,-1
3336,3172,-1
4055,3786,-1
517,2191,-1
5669,5892,-1
1062,6585,-1
2343,2455,-1
5144,1820,-1
697,4878,-1
4077,4550,-1
700,1578,-1
943,1306,-1
2431,6653,-1
2164,5386,-1
5105,5104,-1
2191,62,-1
3643,3904,-1
2186,2183,-1
1063,2648,-1
6180,6855,-1
3336,4269,-1
4417,4720,-1
422,1460,-1
3155,4268,-1
4855,4905,-1
4467,1267,-1
3151,2581,-1
1555,4581,-1
2463,3157,-1
1314,2552,-1
1375,1524,-1
2557,2149,-1
1763,2851,-1
604,5199,-1
4397,5870,-1
891,3932,-1
2617,3465,-1
2480,3469,-1
4603,5240,-1
1416,1682,-1
4078,4734,-1
743,698,-1
1972,698,-1
2270,2575,-1
2431,3054,-1
632,2621,-1
2762,2662,-1
4613,5946,-1
2062,2668,-1
3084,4871,-1
373,258,-1
4632,4148,-1
1664,4681,-1
2761,5072,-1
3716,6026,-1
801,3924,-1
560,589,-1
3394,2997,-1
373,1794,-1
4990,5256,-1
2824,3080,-1
2575,1791,-1
490,1794,-1
3212,2204,-1
2463,3228,-1
1478,1542,-1
943,1519,-1
3598,4835,-1
3809,2191,-1
1003,2683,-1
4335,4550,-1
1672,3238,-1
1940,2909,-1
4113,4018,-1
3077,4709,-1
5828,5251,-1
4648,6933,-1
2575,2291,-1
1062,4226,-1
6149,4785,-1
1658,1972,-1
3653,4453,-1
9,372,-1
6310,6720,-1
270,1759,-1
2707,4837,-1
3147,3542,-1
1706,2066,-1
2808,2806,-1
1002,5741,-1
5680,6143,-1
1736,2490,-1
169,1367,-1
6179,2348,-1
3313,5382,-1
305,85,-1
1519,5470,-1
318,2668,-1
294,4422,-1
2703,3787,-1
1475,6538,-1
2366,3644,-1
2617,3004,-1
48,393,-1
3140,6039,-1
3222,3567,-1
768,3999,-1
4740,2149,-1
697,3318,-1
1792,3230,-1
822,1704,-1
943,1651,-1
1608,3781,-1
4587,4647,-1
1063,1059,-1
4603,5268,-1
5898,5548,-1
2760,5043,-1
3145,3873,-1
6149,6363,-1
3901,933,-1
2703,1267,-1
2261,1460,-1
2706,3242,-1
318,2893,-1
954,4989,-1
1555,62,-1
6180,6833,-1
697,4109,-1
2572,2666,-1
3147,2548,-1
4180,5559,-1
3541,6151,-1
943,1514,-1
1363,1895,-1
3307,3465,-1
3800,4987,-1
4164,4447,-1
4147,2149,-1
1846,5547,-1
23,4297,-1
5672,4785,-1
2039,1275,-1
5512,6320,-1
4962,5154,-1
3598,3799,-1
3509,1791,-1
6034,6889,-1
755,1249,-1
2506,3349,-1
5149,5619,-1
186,1578,-1
2461,2714,-1
4479,4922,-1
1060,693,-1
490,4702,-1
902,3056,-1
3283,3426,-1
5586,6035,-1
669,6827,-1
3594,4023,-1
5129,5661,-1
5522,6452,-1
4605,5138,-1
1256,2291,-1
128,793,-1
5149,4282,-1
3598,4851,-1
4164,1249,-1
1061,2139,-1
6335,6627,-1
4604,5256,-1
4427,5296,-1
422,5381,-1
1940,1976,-1
3598,4068,-1
277,673,-1
2100,2315,-1
4026,7004,-1
910,10,1
10,3124,1
3124,10,1
10,2756,1
2756,10,1
10,4310,1
4310,10,1
10,5050,1
5050,10,1
10,2294,1
2294,10,1
4077,10,1
1937,10,1
10,1244,1
1244,10,1
1404,10,1
10,3495,1
3495,10,1
1485,10,1
10,3150,1
3150,10,1
910,157,1
2126,3124,1
3124,2126,1
157,3124,1
3124,157,1
10,5742,1
5742,10,1
10,2584,1
2584,10,1
2756,2126,1
1699,10,1
10,4605,1
4605,10,1
10,4543,1
4543,10,1
2126,4310,1
4310,2126,1
10,2057,1
2057,10,1
2507,10,1
1095,10,1
157,2756,1
2756,157,1
2126,5050,1
5050,2126,1
3751,10,1
2459,10,1
10,4576,1
4576,10,1
2126,3150,1
3150,2126,1
10,5102,1
5102,10,1
1105,3124,1
3124,1105,1
2294,2126,1
157,4310,1
4310,157,1
1830,10,1
1105,2756,1
2756,1105,1
10,5075,1
5075,10,1
10,1594,1
1594,10,1
10,5329,1
5329,10,1
157,5050,1
5050,157,1
10,1655,1
1655,10,1
1105,4310,1
4310,1105,1
5050,4892,1
157,2294,1
2294,157,1
10,2697,1
2697,10,1
10,3087,1
3087,10,1
10,1811,1
1811,10,1
10,2064,1
2064,10,1
1105,5050,1
5050,1105,1
10,1408,1
1408,10,1
10,4648,1
4648,10,1
3672,10,1
10,4377,1
4377,10,1
10,1838,1
1838,10,1
10,5735,1
5735,10,1
10,5058,1
5058,10,1
2294,1105,1
10,4444,1
4444,10,1
10,2995,1
2995,10,1
10,4961,1
4961,10,1
3150,1105,1
10,2571,1
2571,10,1
10,2430,1
2430,10,1
10,2956,1
2956,10,1
10,1734,1
1734,10,1
157,4077,1
4077,157,1
10,4033,1
4033,10,1
2126,4077,1
4077,2126,1
10,2032,1
2032,10,1
10,3248,1
3248,10,1
10,2166,1
2166,10,1
1432,10,1
10,1178,1
1178,10,1
5864,10,1
157,1937,1
1937,157,1
2126,3495,1
3495,2126,1
1244,157,1
521,10,1
10,2382,1
2382,10,1
10,5514,1
5514,10,1
10,1260,1
1260,10,1
157,1404,1
1404,157,1
1105,1404,1
1404,1105,1
10,4952,1
4952,10,1
10,1131,1
1131,10,1
4489,10,1
10,2600,1
2600,10,1
10,2124,1
2124,10,1
3109,10,1
10,2169,1
2169,10,1
10,6161,1
6161,10,1
10,2233,1
2233,10,1
10,5165,1
5165,10,1
2126,4543,1
4543,2126,1
10,1613,1
1613,10,1
157,3495,1
3495,157,1
4172,10,1
2507,2126,1
29,10,1
1105,4077,1
4077,1105,1
10,2017,1
2017,10,1
10,5132,1
5132,10,1
1485,157,1
10,3956,1
3956,10,1
10,1295,1
1295,10,1
10,2071,1
2071,10,1
910,294,1
10,1802,1
1802,10,1
10,2127,1
2127,10,1
2799,10,1
3150,157,1
1105,1244,1
1244,1105,1
286,910,1
910,286,1
10,4979,1
4979,10,1
422,3124,1
3124,422,1
794,10,1
294,3124,1
3124,294,1
2126,2584,1
2584,2126,1
1937,1105,1
10,4283,1
4283,10,1
2459,2126,1
4213,10,1
1105,3495,1
3495,1105,1
857,10,1
157,5742,1
5742,157,1
157,2584,1
2584,157,1
1105,1699,1
1699,1105,1
10,3306,1
3306,10,1
2126,3087,1
3087,2126,1
28,910,1
910,28,1
2126,5742,1
5742,2126,1
2126,5102,1
5102,2126,1
157,4605,1
4605,157,1
2761,10,1
157,1699,1
1699,157,1
10,4459,1
4459,10,1
2126,4605,1
4605,2126,1
1105,1485,1
1485,1105,1
10,5073,1
5073,10,1
10,5641,1
5641,10,1
157,4543,1
4543,157,1
4541,10,1
1105,4543,1
4543,1105,1
862,10,1
294,2756,1
2756,294,1
10,6809,1
6809,10,1
3033,10,1
2126,4576,1
4576,2126,1
157,2057,1
2057,157,1
1105,2507,1
2507,1105,1
1898,10,1
1095,157,1
157,2507,1
2507,157,1
10,5247,1
5247,10,1
10,1664,1
1664,10,1
10,2466,1
2466,10,1
10,2471,1
2471,10,1
1105,1811,1
1811,1105,1
294,4310,1
4310,294,1
10,2740,1
2740,10,1
10,4610,1
4610,10,1
3248,2126,1
4892,5102,1
5102,4892,1
10,5480,1
5480,10,1
1961,10,1
157,3751,1
3751,157,1
10,4261,1
4261,10,1
1105,2584,1
2584,1105,1
286,3124,1
3124,286,1
157,2459,1
2459,157,1
10,1593,1
1593,10,1
157,4576,1
4576,157,1
157,1830,1
1830,157,1
2697,2126,1
875,10,1
1105,2459,1
2459,1105,1
157,5102,1
5102,157,1
5050,294,1
2430,2126,1
2127,2126,1
10,6001,1
6001,10,1
3751,2126,1
2126,4648,1
4648,2126,1
2126,4033,1
4033,2126,1
10,6733,1
6733,10,1
1002,3124,1
3124,1002,1
3002,10,1
2126,4377,1
4377,2126,1
10,1637,1
1637,10,1
286,2756,1
2756,286,1
157,5075,1
5075,157,1
2287,10,1
10,3410,1
3410,10,1
10,2370,1
2370,10,1
5329,157,1
2126,5075,1
5075,2126,1
1172,10,1
2250,10,1
1105,3087,1
3087,1105,1
157,1594,1
1594,157,1
1105,5742,1
5742,1105,1
1105,5102,1
5102,1105,1
405,10,1
3124,697,1
10,3446,1
3446,10,1
1105,1594,1
1594,1105,1
10,3160,1
3160,10,1
10,4312,1
4312,10,1
1627,10,1
10,428,1
428,10,1
294,2294,1
2294,294,1
1363,10,1
10,4256,1
4256,10,1
2126,2956,1
2956,2126,1
5668,10,1
1105,4605,1
4605,1105,1
10,4066,1
4066,10,1
10,4616,1
4616,10,1
3124,1415,1
2126,4444,1
4444,2126,1
2126,4961,1
4961,2126,1
10,575,1
575,10,1
2867,10,1
157,1655,1
1655,157,1
1105,2057,1
2057,1105,1
286,4310,1
4310,286,1
1105,4576,1
4576,1105,1
10,1464,1
1464,10,1
28,3124,1
3124,28,1
1124,10,1
910,284,1
28,2756,1
2756,28,1
1424,10,1
10,28,1
28,10,1
10,5925,1
5925,10,1
10,3176,1
3176,10,1
10,1415,1
1415,10,1
157,2697,1
2697,157,1
1415,2756,1
2756,1415,1
10,2372,1
2372,10,1
1105,1838,1
1838,1105,1
5050,422,1
2126,5058,1
5058,2126,1
4310,422,1
3654,4310,1
4310,3654,1
10,5929,1
5929,10,1
10,6114,1
6114,10,1
1370,10,1
2126,2166,1
2166,2126,1
157,2064,1
2064,157,1
10,743,1
743,10,1
422,2756,1
2756,422,1
1105,3248,1
3248,1105,1
157,3087,1
3087,157,1
286,5050,1
5050,286,1
2126,5329,1
5329,2126,1
4077,422,1
157,1811,1
1811,157,1
5050,4607,1
10,4537,1
4537,10,1
2756,2348,1
157,3672,1
3672,157,1
157,1408,1
1408,157,1
157,5735,1
5735,157,1
157,4648,1
4648,157,1
2126,3672,1
3672,2126,1
157,4377,1
4377,157,1
10,3189,1
3189,10,1
2126,5735,1
5735,2126,1
5058,157,1
972,10,1
157,1838,1
1838,157,1
284,10,1
4892,5075,1
5075,4892,1
10,4424,1
4424,10,1
157,2995,1
2995,157,1
3654,5050,1
5050,3654,1
1105,2697,1
2697,1105,1
286,2294,1
2294,286,1
28,4310,1
4310,28,1
157,4444,1
4444,157,1
3842,10,1
4310,2348,1
157,4961,1
4961,157,1
1105,3751,1
3751,1105,1
1105,2430,1
2430,1105,1
3124,284,1
1105,4648,1
4648,1105,1
1105,4033,1
4033,1105,1
10,6029,1
6029,10,1
4961,4892,1
1105,2127,1
2127,1105,1
1415,4310,1
4310,1415,1
157,2571,1
2571,157,1
1105,4377,1
4377,1105,1
10,1447,1
1447,10,1
2270,10,1
3651,10,1
10,5153,1
5153,10,1
10,641,1
641,10,1
10,6776,1
6776,10,1
1105,5075,1
5075,1105,1
10,2747,1
2747,10,1
5050,2348,1
294,4077,1
4077,294,1
10,2604,1
2604,10,1
2126,4489,1
4489,2126,1
1168,10,1
10,5688,1
5688,10,1
286,3150,1
3150,286,1
910,422,1
157,1734,1
1734,157,1
2126,5864,1
5864,2126,1
157,2430,1
2430,157,1
10,2691,1
2691,10,1
10,1156,1
1156,10,1
2956,157,1
2126,5514,1
5514,2126,1
28,3150,1
3150,28,1
10,6619,1
6619,10,1
10,884,1
884,10,1
5043,5050,1
5050,5043,1
1105,2956,1
2956,1105,1
5050,28,1
1415,5050,1
5050,1415,1
2740,2126,1
157,2032,1
2032,157,1
1105,4444,1
4444,1105,1
2571,2126,1
1105,4961,1
4961,1105,1
157,4033,1
4033,157,1
2126,2995,1
2995,2126,1
1105,1408,1
1408,1105,1
2126,4172,1
4172,2126,1
1366,10,1
5058,4892,1
28,2294,1
2294,28,1
912,3124,1
3124,912,1
422,2294,1
2294,422,1
2761,2126,1
157,2166,1
2166,157,1
422,1937,1
1937,422,1
284,2756,1
2756,284,1
157,3248,1
3248,157,1
912,2756,1
2756,912,1
10,2767,1
2767,10,1
1415,2294,1
2294,1415,1
10,3452,1
3452,10,1
3143,4310,1
4310,3143,1
10,6123,1
6123,10,1
2126,3956,1
3956,2126,1
2356,10,1
1830,1105,1
1432,157,1
10,5868,1
5868,10,1
294,1244,1
1244,294,1
1937,294,1
294,1404,1
1404,294,1
10,4508,1
4508,10,1
1173,10,1
3861,10,1
1105,2064,1
2064,1105,1
10,4108,1
4108,10,1
1585,10,1
1002,2756,1
2756,1002,1
5735,4892,1
3150,2763,1
10,701,1
701,10,1
208,10,1
1002,4310,1
4310,1002,1
157,5864,1
5864,157,1
157,1178,1
1178,157,1
4528,10,1
1105,5058,1
5058,1105,1
1105,2166,1
2166,1105,1
2763,3124,1
3124,2763,1
1829,10,1
1002,5050,1
5050,1002,1
4431,10,1
10,2760,1
2760,10,1
5050,3143,1
5329,4892,1
1105,5329,1
5329,1105,1
422,1830,1
1830,422,1
284,4310,1
4310,284,1
157,2382,1
2382,157,1
5864,4892,1
1105,1655,1
1655,1105,1
2126,2600,1
2600,2126,1
1105,3672,1
3672,1105,1
1450,10,1
285,3124,1
3124,285,1
1568,10,1
5514,4892,1
157,521,1
521,157,1
1105,5735,1
5735,1105,1
1260,157,1
4077,2348,1
863,10,1
10,6916,1
6916,10,1
157,4952,1
4952,157,1
157,5514,1
5514,157,1
2126,2233,1
2233,2126,1
697,2756,1
2756,697,1
2126,3446,1
3446,2126,1
4310,697,1
912,4310,1
4310,912,1
4077,3654,1
10,6510,1
6510,10,1
422,5329,1
5329,422,1
2126,5132,1
5132,2126,1
697,5050,1
5050,697,1
286,1404,1
1404,286,1
2126,2471,1
2471,2126,1
10,4945,1
4945,10,1
10,6613,1
6613,10,1
1131,157,1
1244,422,1
294,3150,1
3150,294,1
294,10,1
3495,294,1
1486,10,1
157,2600,1
2600,157,1
4489,157,1
157,2124,1
2124,157,1
3087,3124,1
3124,3087,1
157,3109,1
3109,157,1
1105,1178,1
1178,1105,1
284,5050,1
5050,284,1
2763,4310,1
4310,2763,1
157,2169,1
2169,157,1
697,910,1
910,697,1
157,6161,1
6161,157,1
10,5666,1
5666,10,1
1002,4077,1
4077,1002,1
10,5395,1
5395,10,1
4217,10,1
10,911,1
911,10,1
3150,1415,1
1105,4489,1
4489,1105,1
10,5207,1
5207,10,1
1658,10,1
294,1485,1
1485,294,1
157,2233,1
2233,157,1
735,10,1
157,5165,1
5165,157,1
756,10,1
2705,3124,1
3124,2705,1
10,751,1
751,10,1
1509,10,1
2126,4213,1
4213,2126,1
5864,1105,1
2372,2126,1
2126,6161,1
6161,2126,1
10,6876,1
6876,10,1
3150,912,1
422,5742,1
5742,422,1
157,1613,1
1613,157,1
2126,5165,1
5165,2126,1
10,6195,1
6195,10,1
2126,2169,1
2169,2126,1
2126,2799,1
2799,2126,1
1105,5514,1
5514,1105,1
4077,697,1
912,5050,1
5050,912,1
286,4077,1
4077,286,1
2063,10,1
2126,5929,1
5929,2126,1
157,4172,1
4172,157,1
10,5149,1
5149,10,1
284,2294,1
2294,284,1
10,4164,1
4164,10,1
2126,4979,1
4979,2126,1
157,5132,1
5132,157,1
1404,28,1
1105,2571,1
2571,1105,1
1105,2017,1
2017,1105,1
10,853,1
853,10,1
1002,2294,1
2294,1002,1
2126,5641,1
5641,2126,1
1105,2032,1
2032,1105,1
3109,2126,1
1105,2995,1
2995,1105,1
2294,912,1
1105,2740,1
2740,1105,1
10,4219,1
4219,10,1
10,827,1
827,10,1
1105,1734,1
1734,1105,1
157,2017,1
2017,157,1
5929,4892,1
10,6614,1
6614,10,1
3160,2126,1
2126,4283,1
4283,2126,1
10,6420,1
6420,10,1
2705,2756,1
2756,2705,1
422,1485,1
1485,422,1
1105,4172,1
4172,1105,1
157,3956,1
3956,157,1
157,1802,1
1802,157,1
157,1295,1
1295,157,1
157,2071,1
2071,157,1
10,5933,1
5933,10,1
4517,10,1
157,2799,1
2799,157,1
1105,2761,1
2761,1105,1
2763,5050,1
5050,2763,1
2126,6809,1
6809,2126,1
2046,10,1
286,1244,1
1244,286,1
2126,3033,1
3033,2126,1
681,10,1
3956,1105,1
2127,157,1
1294,10,1
2126,4952,1
4952,2126,1
2294,697,1
10,6986,1
6986,10,1
794,157,1
10,2764,1
2764,10,1
422,4605,1
4605,422,1
157,4979,1
4979,157,1
10,3261,1
3261,10,1
10,768,1
768,10,1
2126,2382,1
2382,2126,1
1105,1432,1
1432,1105,1
286,1937,1
1937,286,1
294,2584,1
2584,294,1
1105,1131,1
1131,1105,1
2126,4616,1
4616,2126,1
294,5742,1
5742,294,1
1937,1002,1
4077,1415,1
10,7048,1
7048,10,1
4077,3143,1
1105,1961,1
1961,1105,1
286,3495,1
3495,286,1
294,1699,1
1699,294,1
10,755,1
755,10,1
2705,4310,1
4310,2705,1
2126,3306,1
3306,2126,1
157,4283,1
4283,157,1
10,2746,1
2746,10,1
4213,157,1
2126,5247,1
5247,2126,1
2126,4261,1
4261,2126,1
10,2698,1
2698,10,1
640,10,1
2600,1105,1
1363,3124,1
3124,1363,1
10,2583,1
2583,10,1
157,857,1
857,157,1
1937,697,1
10,1951,1
1951,10,1
10,1453,1
1453,10,1
2126,2287,1
2287,2126,1
1105,2233,1
2233,1105,1
5050,4430,1
10,316,1
316,10,1
28,4077,1
4077,28,1
2126,6123,1
6123,2126,1
1655,422,1
157,3306,1
3306,157,1
294,4543,1
4543,294,1
5641,4892,1
1050,3124,1
3124,1050,1
743,3124,1
3124,743,1
3495,422,1
2126,4108,1
4108,2126,1
2126,5073,1
5073,2126,1
1105,3446,1
3446,1105,1
6123,4892,1
4605,294,1
10,4482,1
4482,10,1
422,3751,1
3751,422,1
5132,1105,1
10,2968,1
2968,10,1
10,2172,1
2172,10,1
422,2584,1
2584,422,1
286,1699,1
1699,286,1
2126,4610,1
4610,2126,1
1105,2471,1
2471,1105,1
1363,2756,1
2756,1363,1
4892,6161,1
6161,4892,1
285,2756,1
2756,285,1
1589,10,1
3087,4310,1
4310,3087,1
4892,5165,1
5165,4892,1
1613,1105,1
580,10,1
1260,1105,1
10,5286,1
5286,10,1
4892,4979,1
4979,4892,1
422,2057,1
2057,422,1
6809,4892,1
1244,28,1
294,2507,1
2507,294,1
10,7021,1
7021,10,1
157,4459,1
4459,157,1
10,6403,1
6403,10,1
1244,1002,1
1277,3124,1
3124,1277,1
5050,2705,1
1095,294,1
286,1485,1
1485,286,1
294,2057,1
2057,294,1
1366,1105,1
285,4310,1
4310,285,1
3521,10,1
2126,6001,1
6001,2126,1
4541,2126,1
1415,1937,1
1937,1415,1
157,5073,1
5073,157,1
1105,6161,1
6161,1105,1
1105,4213,1
4213,1105,1
157,2761,1
2761,157,1
2126,2466,1
2466,2126,1
1105,2071,1
2071,1105,1
10,6306,1
6306,10,1
4541,157,1
1295,1105,1
2476,10,1
2842,10,1
1105,5165,1
5165,1105,1
1105,2372,1
2372,1105,1
25,10,1
422,2382,1
2382,422,1
1105,2169,1
2169,1105,1
157,5641,1
5641,157,1
2348,3495,1
3495,2348,1
1105,2799,1
2799,1105,1
3087,5050,1
5050,3087,1
2124,1105,1
10,7029,1
7029,10,1
10,864,1
864,10,1
286,4543,1
4543,286,1
2995,422,1
862,157,1
2756,1050,1
10,2580,1
2580,10,1
605,10,1
1937,28,1
28,3495,1
3495,28,1
697,1244,1
1244,697,1
285,5050,1
5050,285,1
10,683,1
683,10,1
912,1404,1
1404,912,1
284,4077,1
4077,284,1
2787,10,1
1105,5929,1
5929,1105,1
157,6809,1
6809,157,1
28,1699,1
1699,28,1
1358,10,1
157,3033,1
3033,157,1
1098,10,1
1415,3495,1
3495,1415,1
1105,4979,1
4979,1105,1
2126,4459,1
4459,2126,1
10,2829,1
2829,10,1
1105,3109,1
3109,1105,1
286,2507,1
2507,286,1
1105,5641,1
5641,1105,1
1898,157,1
1363,4310,1
4310,1363,1
287,10,1
1105,4283,1
4283,1105,1
5742,2348,1
5247,4892,1
1105,3160,1
3160,1105,1
294,2459,1
2459,294,1
1664,157,1
2126,2767,1
2767,2126,1
2126,6029,1
6029,2126,1
157,5247,1
5247,157,1
157,2466,1
2466,157,1
10,4988,1
4988,10,1
2126,3189,1
2126,2250,1
2250,2126,1
10,725,1
725,10,1
947,10,1
10,6064,1
6064,10,1
5075,422,1
2756,1205,1
1205,3124,1
3124,1205,1
10,5087,1
5087,10,1
10,3997,1
3997,10,1
10,3203,1
3203,10,1
294,3751,1
3751,294,1
3654,5742,1
5742,3654,1
3150,4310,1
10,3020,1
3020,10,1
3845,10,1
1105,6809,1
6809,1105,1
294,5102,1
5102,294,1
294,4576,1
4576,294,1
1105,3033,1
3033,1105,1
1830,1002,1
1471,3124,1
3124,1471,1
1105,1415,1
1415,1105,1
910,155,1
4210,10,1
157,2471,1
2471,157,1
1824,10,1
4952,4892,1
697,1830,1
1830,697,1
1002,1485,1
1485,1002,1
284,1404,1
1404,284,1
5742,1002,1
163,10,1
1105,4952,1
4952,1105,1
157,4610,1
4610,157,1
10,674,1
674,10,1
157,5480,1
5480,157,1
10,6595,1
6595,10,1
2756,743,1
1050,4310,1
4310,1050,1
1105,2382,1
2382,1105,1
5073,4892,1
422,4952,1
4952,422,1
1415,1485,1
1485,1415,1
284,3150,1
3150,284,1
157,2740,1
2740,157,1
2039,2149,-1
2149,2039,-1
2039,3426,-1
3426,2039,-1
656,2149,-1
2149,656,-1
318,2149,-1
2149,318,-1
1763,2149,-1
2149,1763,-1
2039,4044,-1
4044,2039,-1
2149,1062,-1
2039,2917,-1
2917,2039,-1
943,2149,-1
2149,943,-1
2039,3349,-1
3349,2039,-1
2648,2039,-1
2039,2581,-1
2581,2039,-1
2039,4269,-1
4269,2039,-1
2039,5072,-1
5072,2039,-1
2039,5619,-1
5619,2039,-1
2039,3460,-1
3460,2039,-1
2039,3874,-1
3874,2039,-1
2039,3480,-1
3480,2039,-1
2039,2666,-1
2666,2039,-1
2039,2662,-1
2662,2039,-1
2039,4048,-1
4048,2039,-1
2039,4654,-1
4654,2039,-1
2149,719,-1
2039,5251,-1
5251,2039,-1
2039,3219,-1
3219,2039,-1
2039,2712,-1
2712,2039,-1
2039,4634,-1
4634,2039,-1
2039,2776,-1
2776,2039,-1
2039,3032,-1
3032,2039,-1
2039,5270,-1
5270,2039,-1
2039,4062,-1
4062,2039,-1
119,2149,-1
2149,119,-1
2039,4990,-1
4990,2039,-1
2039,3551,-1
3551,2039,-1
2039,4282,-1
4282,2039,-1
1608,2149,-1
2149,1608,-1
1394,2149,-1
2149,1394,-1
2039,5736,-1
5736,2039,-1
77,2149,-1
2149,77,-1
2149,1348,-1
2039,2781,-1
2781,2039,-1
2039,2460,-1
2460,2039,-1
2039,5548,-1
5548,2039,-1
2039,3762,-1
3762,2039,-1
2039,4148,-1
4148,2039,-1
2039,3013,-1
3013,2039,-1
2039,3318,-1
3318,2039,-1
2039,2589,-1
2589,2039,-1
2039,3430,-1
3430,2039,-1
2039,4158,-1
4158,2039,-1
2039,3778,-1
3778,2039,-1
2039,2281,-1
2281,2039,-1
2039,3703,-1
3703,2039,-1
2039,5264,-1
5264,2039,-1
2039,6599,-1
6599,2039,-1
2039,4109,-1
4109,2039,-1
2490,2039,-1
2039,4989,-1
4989,2039,-1
1063,2149,-1
2149,1063,-1
2039,4660,-1
4660,2039,-1
2039,2552,-1
2552,2039,-1
2039,4785,-1
4785,2039,-1
2039,5588,-1
5588,2039,-1
2039,3571,-1
3571,2039,-1
2039,5144,-1
5144,2039,-1
2039,6143,-1
6143,2039,-1
2039,6626,-1
6626,2039,-1
2039,6568,-1
6568,2039,-1
2039,2724,-1
2724,2039,-1
2039,5616,-1
5616,2039,-1
2039,3281,-1
3281,2039,-1
3892,2039,-1
2039,5932,-1
5932,2039,-1
3080,2039,-1
2039,4798,-1
4798,2039,-1
669,2149,-1
2149,669,-1
3151,3426,-1
3426,3151,-1
2039,4878,-1
4878,2039,-1
2039,5138,-1
5138,2039,-1
2039,3456,-1
3456,2039,-1
2039,6412,-1
6412,2039,-1
2039,5922,-1
5922,2039,-1
2039,2107,-1
2107,2039,-1
2039,5269,-1
5269,2039,-1
2039,3658,-1
3658,2039,-1
2149,1416,-1
2039,4023,-1
4023,2039,-1
2039,3815,-1
3815,2039,-1
2039,3228,-1
3228,2039,-1
2039,3238,-1
3238,2039,-1
2039,5889,-1
5889,2039,-1
2039,3236,-1
3236,2039,-1
2039,5422,-1
5422,2039,-1
2039,4974,-1
4974,2039,-1
2851,2039,-1
2039,5778,-1
5778,2039,-1
2039,6014,-1
6014,2039,-1
2039,5978,-1
5978,2039,-1
2485,2039,-1
2039,3699,-1
3699,2039,-1
2039,6261,-1
6261,2039,-1
2039,3172,-1
3172,2039,-1
2039,2864,-1
2864,2039,-1
2039,2661,-1
2661,2039,-1
2039,6756,-1
6756,2039,-1
2062,2149,-1
2149,2062,-1
2039,3786,-1
3786,2039,-1
2750,2039,-1
2039,5604,-1
5604,2039,-1
2039,2827,-1
2827,2039,-1
2039,3428,-1
3428,2039,-1
2039,5377,-1
5377,2039,-1
2039,4271,-1
4271,2039,-1
2039,2555,-1
2555,2039,-1
2039,2499,-1
2499,2039,-1
2039,3504,-1
3504,2039,-1
2039,2096,-1
2096,2039,-1
2039,3965,-1
3965,2039,-1
2039,5089,-1
5089,2039,-1
2039,6833,-1
6833,2039,-1
2039,4975,-1
4975,2039,-1
2039,4905,-1
4905,2039,-1
2039,3037,-1
3037,2039,-1
2039,3548,-1
3548,2039,-1
2039,5892,-1
5892,2039,-1
1032,2149,-1
2149,1032,-1
2039,4350,-1
4350,2039,-1
2039,5047,-1
5047,2039,-1
1629,2149,-1
2149,1629,-1
2958,2039,-1
3031,2039,-1
2039,3229,-1
3229,2039,-1
1940,2149,-1
2149,1940,-1
576,2149,-1
2149,576,-1
2039,2725,-1
2725,2039,-1
2039,4446,-1
4446,2039,-1
2039,4677,-1
4677,2039,-1
2039,5694,-1
5694,2039,-1
2039,3999,-1
3999,2039,-1
2039,6537,-1
6537,2039,-1
2039,4361,-1
4361,2039,-1
2039,3383,-1
3383,2039,-1
2039,6726,-1
6726,2039,-1
2039,3633,-1
3633,2039,-1
2039,3769,-1
3769,2039,-1
2039,4082,-1
4082,2039,-1
2039,5256,-1
5256,2039,-1
2039,2621,-1
2621,2039,-1
99,2149,-1
2149,99,-1
2997,2039,-1
2149,373,-1
2039,2649,-1
2649,2039,-1
656,3426,-1
3426,656,-1
2149,23,-1
2039,6452,-1
6452,2039,-1
2039,5907,-1
5907,2039,-1
2039,2269,-1
2269,2039,-1
2039,3193,-1
3193,2039,-1
2039,4694,-1
4694,2039,-1
118,2149,-1
2149,118,-1
2039,5268,-1
5268,2039,-1
2039,6808,-1
6808,2039,-1
2039,6557,-1
6557,2039,-1
2039,3917,-1
3917,2039,-1
318,3426,-1
3426,318,-1
2039,6169,-1
6169,2039,-1
2039,3589,-1
3589,2039,-1
2039,6720,-1
6720,2039,-1
2368,2039,-1
2039,2574,-1
2574,2039,-1
1562,2149,-1
2149,1562,-1
2039,4131,-1
4131,2039,-1
2039,2668,-1
2668,2039,-1
2039,2273,-1
2273,2039,-1
2039,4168,-1
4168,2039,-1
902,2149,-1
2149,902,-1
2039,5572,-1
5572,2039,-1
2039,5930,-1
5930,2039,-1
2039,7036,-1
7036,2039,-1
2039,5829,-1
5829,2039,-1
967,2149,-1
2149,967,-1
2039,4922,-1
4922,2039,-1
2039,5731,-1
5731,2039,-1
3151,4044,-1
4044,3151,-1
2039,6245,-1
6245,2039,-1
2039,2087,-1
2087,2039,-1
1763,3426,-1
3426,1763,-1
2039,5911,-1
5911,2039,-1
2039,3045,-1
3045,2039,-1
2039,6263,-1
6263,2039,-1
2039,6293,-1
6293,2039,-1
2039,4881,-1
4881,2039,-1
2039,2625,-1
2625,2039,-1
2039,4511,-1
4511,2039,-1
2039,4707,-1
4707,2039,-1
2039,4854,-1
4854,2039,-1
2039,2219,-1
2219,2039,-1
2039,5136,-1
5136,2039,-1
1062,3426,-1
3426,1062,-1
2039,7089,-1
7089,2039,-1
2039,4136,-1
4136,2039,-1
2039,2139,-1
2139,2039,-1
2123,2149,-1
2149,2123,-1
2039,5744,-1
5744,2039,-1
2039,5535,-1
5535,2039,-1
1060,2149,-1
2149,1060,-1
2039,6439,-1
6439,2039,-1
2039,3652,-1
3652,2039,-1
2039,7090,-1
7090,2039,-1
2039,4734,-1
4734,2039,-1
2039,4795,-1
4795,2039,-1
2039,5104,-1
5104,2039,-1
2039,4868,-1
4868,2039,-1
2039,6244,-1
6244,2039,-1
2039,2729,-1
2729,2039,-1
2039,5661,-1
5661,2039,-1
2039,2587,-1
2587,2039,-1
2039,4157,-1
4157,2039,-1
2039,4454,-1
4454,2039,-1
943,3426,-1
3426,943,-1
2039,4724,-1
4724,2039,-1
2039,5658,-1
5658,2039,-1
2039,2080,-1
2080,2039,-1
2039,4857,-1
4857,2039,-1
2039,5281,-1
5281,2039,-1
2039,5796,-1
5796,2039,-1
2039,3415,-1
3415,2039,-1
2039,4277,-1
4277,2039,-1
2039,6139,-1
6139,2039,-1
2352,2039,-1
2039,5077,-1
5077,2039,-1
2039,4314,-1
4314,2039,-1
2039,3298,-1
3298,2039,-1
2039,4233,-1
4233,2039,-1
2039,3522,-1
3522,2039,-1
3951,2039,-1
2039,6544,-1
6544,2039,-1
2948,2039,-1
2039,6496,-1
6496,2039,-1
1249,943,-1
2039,2178,-1
2178,2039,-1
2880,2039,-1
2039,6627,-1
6627,2039,-1
2039,3702,-1
3702,2039,-1
2039,7070,-1
7070,2039,-1
776,2149,-1
2149,776,-1
2039,2714,-1
2714,2039,-1
2039,3690,-1
3690,2039,-1
2039,3729,-1
3729,2039,-1
2039,6462,-1
6462,2039,-1
778,2149,-1
2149,778,-1
2039,2369,-1
2369,2039,-1
2039,5199,-1
5199,2039,-1
632,2149,-1
2149,632,-1
2039,5842,-1
5842,2039,-1
2039,2548,-1
2548,2039,-1
2039,3463,-1
3463,2039,-1
2039,6449,-1
6449,2039,-1
2039,5380,-1
5380,2039,-1
318,1249,-1
1249,318,-1
2039,3157,-1
3157,2039,-1
2039,3640,-1
3640,2039,-1
3781,2039,-1
2039,6994,-1
6994,2039,-1
2039,2395,-1
2395,2039,-1
3932,2039,-1
2039,3461,-1
3461,2039,-1
2039,5240,-1
5240,2039,-1
3907,2039,-1
2039,5593,-1
5593,2039,-1
2039,2532,-1
2532,2039,-1
2039,5027,-1
5027,2039,-1
2039,3440,-1
3440,2039,-1
3151,4062,-1
4062,3151,-1
2039,3205,-1
3205,2039,-1
2039,4720,-1
4720,2039,-1
2039,2897,-1
2897,2039,-1
2039,4867,-1
4867,2039,-1
546,2149,-1
2149,546,-1
2039,6652,-1
6652,2039,-1
2039,6827,-1
6827,2039,-1
2039,4121,-1
4121,2039,-1
3947,2039,-1
318,4044,-1
4044,318,-1
2039,3602,-1
3602,2039,-1
2039,4159,-1
4159,2039,-1
2039,6053,-1
6053,2039,-1
2039,6042,-1
6042,2039,-1
2039,3823,-1
3823,2039,-1
2039,6585,-1
6585,2039,-1
2039,3904,-1
3904,2039,-1
656,2917,-1
2917,656,-1
2039,2144,-1
2144,2039,-1
2039,3250,-1
3250,2039,-1
2039,2677,-1
2677,2039,-1
2149,76,-1
318,2917,-1
2917,318,-1
2039,6607,-1
6607,2039,-1
2039,2838,-1
2838,2039,-1
2039,4636,-1
4636,2039,-1
2039,2795,-1
2795,2039,-1
2039,2526,-1
2526,2039,-1
62,2149,-1
2149,62,-1
2039,5309,-1
5309,2039,-1
2039,3807,-1
3807,2039,-1
2039,6085,-1
6085,2039,-1
3151,3430,-1
3430,3151,-1
2039,4943,-1
4943,2039,-1
656,4044,-1
4044,656,-1
2039,5800,-1
5800,2039,-1
3151,5619,-1
5619,3151,-1
2039,2191,-1
2191,2039,-1
2039,6430,-1
6430,2039,-1
2039,4712,-1
4712,2039,-1
2039,2049,-1
2049,2039,-1
3151,4271,-1
4271,3151,-1
2039,3924,-1
3924,2039,-1
3874,3151,-1
3151,3349,-1
3349,3151,-1
2039,4949,-1
4949,2039,-1
2039,5606,-1
5606,2039,-1
943,4044,-1
4044,943,-1
3151,4269,-1
4269,3151,-1
2039,6998,-1
6998,2039,-1
2039,4777,-1
4777,2039,-1
2039,6197,-1
6197,2039,-1
2039,2683,-1
2683,2039,-1
2039,6526,-1
6526,2039,-1
2039,2183,-1
2183,2039,-1
2039,2160,-1
2160,2039,-1
2039,6206,-1
6206,2039,-1
2039,2283,-1
2283,2039,-1
2039,2568,-1
2568,2039,-1
2039,4407,-1
4407,2039,-1
1192,2149,-1
2149,1192,-1
2039,4702,-1
4702,2039,-1
2039,3733,-1
3733,2039,-1
2039,5497,-1
5497,2039,-1
2039,3639,-1
3639,2039,-1
2039,2819,-1
2819,2039,-1
3151,4785,-1
4785,3151,-1
2039,5878,-1
5878,2039,-1
2039,4550,-1
4550,2039,-1
2039,3685,-1
3685,2039,-1
2039,7053,-1
7053,2039,-1
2039,3510,-1
3510,2039,-1
2039,5327,-1
5327,2039,-1
1249,656,-1
2039,2417,-1
2417,2039,-1
2039,2217,-1
2217,2039,-1
2039,3644,-1
3644,2039,-1
2039,4018,-1
4018,2039,-1
943,1616,-1
1616,943,-1
3151,3428,-1
3428,3151,-1
2039,7028,-1
7028,2039,-1
2149,1256,-1
943,2917,-1
2917,943,-1
2039,6907,-1
6907,2039,-1
2039,4016,-1
4016,2039,-1
2039,3711,-1
3711,2039,-1
3151,5072,-1
5072,3151,-1
2039,5478,-1
5478,2039,-1
2039,2535,-1
2535,2039,-1
2039,4142,-1
4142,2039,-1
2039,4647,-1
4647,2039,-1
3151,6568,-1
6568,3151,-1
2039,5293,-1
5293,2039,-1
3151,4148,-1
4148,3151,-1
2039,4805,-1
4805,2039,-1
3054,2039,-1
2039,2066,-1
2066,2039,-1
604,2149,-1
2149,604,-1
2039,6356,-1
6356,2039,-1
2039,4799,-1
4799,2039,-1
822,2149,-1
2149,822,-1
1062,2917,-1
2917,1062,-1
1763,2917,-1
2917,1763,-1
2039,5479,-1
5479,2039,-1
2039,6518,-1
6518,2039,-1
2039,6088,-1
6088,2039,-1
2039,7005,-1
7005,2039,-1
318,3349,-1
3349,318,-1
2039,3854,-1
3854,2039,-1
2039,3230,-1
3230,2039,-1
2039,3804,-1
3804,2039,-1
943,3349,-1
3349,943,-1
1351,2149,-1
2149,1351,-1
2039,3543,-1
3543,2039,-1
2039,5944,-1
5944,2039,-1
862,2149,-1
2149,862,-1
1062,4044,-1
4044,1062,-1
2039,5361,-1
5361,2039,-1
2039,2201,-1
2201,2039,-1
2039,6612,-1
6612,2039,-1
2039,5112,-1
5112,2039,-1
2039,6065,-1
6065,2039,-1
2039,6941,-1
6941,2039,-1
3145,3426,-1
3426,3145,-1
2039,3542,-1
3542,2039,-1
943,2648,-1
2648,943,-1
2039,4486,-1
4486,2039,-1
2039,6396,-1
6396,2039,-1
3281,3151,-1
2039,5712,-1
5712,2039,-1
951,2149,-1
2149,951,-1
2039,6884,-1
6884,2039,-1
2039,3491,-1
3491,2039,-1
3151,3762,-1
3762,3151,-1
2039,6889,-1
6889,2039,-1
318,1616,-1
1616,318,-1
41,2149,-1
2149,41,-1
318,4269,-1
4269,318,-1
2039,4450,-1
4450,2039,-1
2039,6679,-1
6679,2039,-1
719,3426,-1
3426,719,-1
2039,6787,-1
6787,2039,-1
1314,2149,-1
2149,1314,-1
2039,5972,-1
5972,2039,-1
656,1038,-1
1038,656,-1
2039,3497,-1
3497,2039,-1
2039,6322,-1
6322,2039,-1
3151,5264,-1
5264,3151,-1
2039,2194,-1
2194,2039,-1
1763,4044,-1
4044,1763,-1
2868,2039,-1
943,1779,-1
1779,943,-1
2039,5875,-1
5875,2039,-1
2039,6359,-1
6359,2039,-1
2039,2414,-1
2414,2039,-1
2039,3899,-1
3899,2039,-1
2039,3503,-1
3503,2039,-1
2039,4447,-1
4447,2039,-1
318,5072,-1
5072,318,-1
943,988,-1
988,943,-1
943,2581,-1
2581,943,-1
3151,3460,-1
3460,3151,-1
2039,5946,-1
5946,2039,-1
943,5072,-1
5072,943,-1
2039,3115,-1
3115,2039,-1
2039,3722,-1
3722,2039,-1
2039,4577,-1
4577,2039,-1
2039,2426,-1
2426,2039,-1
2039,6043,-1
6043,2039,-1
943,4269,-1
4269,943,-1
2039,5305,-1
5305,2039,-1
1664,2149,-1
2149,1664,-1
3151,5251,-1
5251,3151,-1
318,5619,-1
5619,318,-1
1519,2149,-1
2149,1519,-1
2149,1420,-1
3349,656,-1
3151,4975,-1
4975,3151,-1
2511,2039,-1
2039,4984,-1
4984,2039,-1
3151,3236,-1
3236,3151,-1
318,2581,-1
2581,318,-1
2039,4607,-1
4607,2039,-1
2039,6502,-1
6502,2039,-1
2039,6503,-1
6503,2039,-1
1249,1062,-1
254,2149,-1
2149,254,-1
2039,3023,-1
3023,2039,-1
2039,4186,-1
4186,2039,-1
2039,4633,-1
4633,2039,-1
656,4269,-1
4269,656,-1
2039,7115,-1
7115,2039,-1
656,5619,-1
5619,656,-1
2343,3426,-1
3426,2343,-1
2039,7013,-1
7013,2039,-1
2039,4807,-1
4807,2039,-1
318,1038,-1
1038,318,-1
2039,2806,-1
2806,2039,-1
3151,4974,-1
4974,3151,-1
2039,3247,-1
3247,2039,-1
3151,5077,-1
5077,3151,-1
2039,6888,-1
6888,2039,-1
3228,3151,-1
3151,4168,-1
4168,3151,-1
2039,6643,-1
6643,2039,-1
1029,2149,-1
2149,1029,-1
2039,6628,-1
6628,2039,-1
2039,4504,-1
4504,2039,-1
2039,5267,-1
5267,2039,-1
2039,3175,-1
3175,2039,-1
2039,3341,-1
3341,2039,-1
2039,2510,-1
2510,2039,-1
2039,4588,-1
4588,2039,-1
318,3874,-1
3874,318,-1
2039,5740,-1
5740,2039,-1
2401,2039,-1
656,3874,-1
3874,656,-1
2039,4086,-1
4086,2039,-1
2039,4603,-1
4603,2039,-1
943,5619,-1
5619,943,-1
2351,2039,-1
656,4062,-1
4062,656,-1
1763,2827,-1
2827,1763,-1
2039,3139,-1
3139,2039,-1
1591,2149,-1
2149,1591,-1
2039,2891,-1
2891,2039,-1
2039,4080,-1
4080,2039,-1
2209,2039,-1
656,5072,-1
5072,656,-1
119,3426,-1
3426,119,-1
2039,2878,-1
2878,2039,-1
2039,3285,-1
3285,2039,-1
3151,6808,-1
6808,3151,-1
2039,2909,-1
2909,2039,-1
2039,2315,-1
2315,2039,-1
2039,5948,-1
5948,2039,-1
2039,4709,-1
4709,2039,-1
2039,3787,-1
3787,2039,-1
2039,6276,-1
6276,2039,-1
2039,4991,-1
4991,2039,-1
2039,3379,-1
3379,2039,-1
2039,3114,-1
3114,2039,-1
2039,3469,-1
3469,2039,-1
2039,4495,-1
4495,2039,-1
2039,2755,-1
2755,2039,-1
2039,4104,-1
4104,2039,-1
2039,5128,-1
5128,2039,-1
4479,5072,-1
5072,4479,-1
2039,7074,-1
7074,2039,-1
1608,3426,-1
3426,1608,-1
1486,2149,-1
2149,1486,-1
2039,2405,-1
2405,2039,-1
1394,3426,-1
3426,1394,-1
3151,5778,-1
5778,3151,-1
318,3460,-1
3460,318,-1
2039,4780,-1
4780,2039,-1
1478,2149,-1
2149,1478,-1
2039,4479,-1
4479,2039,-1
943,2666,-1
2666,943,-1
2039,6538,-1
6538,2039,-1
3151,4048,-1
4048,3151,-1
2039,6996,-1
6996,2039,-1
2039,3948,-1
3948,2039,-1
77,3426,-1
3426,77,-1
2039,4852,-1
4852,2039,-1
656,673,-1
673,656,-1
2039,3805,-1
3805,2039,-1
3151,3947,-1
3947,3151,-1
3678,4044,-1
4044,3678,-1
2039,5627,-1
5627,2039,-1
1348,3426,-1
3426,1348,-1
2039,4089,-1
4089,2039,-1
2039,2711,-1
2711,2039,-1
1763,4062,-1
4062,1763,-1
2581,656,-1
4479,5619,-1
5619,4479,-1
2039,7060,-1
7060,2039,-1
1374,2149,-1
2149,1374,-1
2039,3453,-1
3453,2039,-1
943,3460,-1
3460,943,-1
2039,5547,-1
5547,2039,-1
2039,5343,-1
5343,2039,-1
2039,3596,-1
3596,2039,-1
3151,3440,-1
3440,3151,-1
2039,6646,-1
6646,2039,-1
2039,4455,-1
4455,2039,-1
3056,2039,-1
656,1616,-1
1616,656,-1
2039,5179,-1
5179,2039,-1
943,3480,-1
3480,943,-1
2039,5386,-1
5386,2039,-1
2039,6049,-1
6049,2039,-1
656,3430,-1
3430,656,-1
5,2149,-1
2149,5,-1
2039,4297,-1
4297,2039,-1
2149,78,-1
571,2149,-1
2149,571,-1
138,2149,-1
2149,138,-1
1763,4271,-1
4271,1763,-1
1266,2149,-1
2149,1266,-1
1559,2149,-1
2149,1559,-1
943,3874,-1
3874,943,-1
2039,3399,-1
3399,2039,-1
318,988,-1
988,318,-1
318,1779,-1
1779,318,-1
2039,5706,-1
5706,2039,-1
2039,4368,-1
4368,2039,-1
694,2149,-1
2149,694,-1
2039,4525,-1
4525,2039,-1
2039,3626,-1
3626,2039,-1
1062,3349,-1
3349,1062,-1
943,4654,-1
4654,943,-1
318,457,-1
457,318,-1
2039,3657,-1
3657,2039,-1
1763,3430,-1
3430,1763,-1
318,4062,-1
4062,318,-1
2039,4766,-1
4766,2039,-1
2039,3816,-1
3816,2039,-1
2039,4672,-1
4672,2039,-1
2662,318,-1
2039,5424,-1
5424,2039,-1
2039,5967,-1
5967,2039,-1
656,2776,-1
2776,656,-1
943,2662,-1
2662,943,-1
2039,4837,-1
4837,2039,-1
2039,3597,-1
3597,2039,-1
1553,2149,-1
2149,1553,-1
1062,4269,-1
4269,1062,-1
2039,5540,-1
5540,2039,-1
1062,5619,-1
5619,1062,-1
3151,4989,-1
4989,3151,-1
642,2149,-1
2149,642,-1
2039,5620,-1
5620,2039,-1
2039,2516,-1
2516,2039,-1
2039,6835,-1
6835,2039,-1
2039,3598,-1
3598,2039,-1
943,1524,-1
1524,943,-1
644,2149,-1
2149,644,-1
656,3460,-1
3460,656,-1
2039,6039,-1
6039,2039,-1
2039,6951,-1
6951,2039,-1
2039,6650,-1
6650,2039,-1
2648,318,-1
2039,6499,-1
6499,2039,-1
943,4048,-1
4048,943,-1
943,1038,-1
1038,943,-1
713,2149,-1
2149,713,-1
2039,3595,-1
3595,2039,-1
656,4148,-1
4148,656,-1
318,4048,-1
4048,318,-1
2039,2052,-1
2052,2039,-1
656,2827,-1
2827,656,-1
318,2776,-1
2776,318,-1
3151,3640,-1
3640,3151,-1
656,4785,-1
4785,656,-1
2149,422,-1
2039,4265,-1
4265,2039,-1
2617,3426,-1
3426,2617,-1
1062,4062,-1
4062,1062,-1
3874,1062,-1
2039,4930,-1
4930,2039,-1
3426,3350,-1
2039,6615,-1
6615,2039,-1
318,5251,-1
5251,318,-1
1818,2149,-1
2149,1818,-1
3151,5922,-1
5922,3151,-1
2039,4946,-1
4946,2039,-1
2039,6096,-1
6096,2039,-1
2039,2973,-1
2973,2039,-1
2461,3426,-1
3426,2461,-1
3151,5144,-1
5144,3151,-1
3151,4282,-1
4282,3151,-1
1763,5619,-1
5619,1763,-1
2039,5154,-1
5154,2039,-1
4044,3598,-1
3151,5270,-1
5270,3151,-1
3151,5089,-1
5089,3151,-1
3059,3426,-1
3426,3059,-1
362,2149,-1
2149,362,-1
3151,6557,-1
6557,3151,-1
1763,3428,-1
3428,1763,-1
1349,2149,-1
2149,1349,-1
2149,1014,-1
1763,4785,-1
4785,1763,-1
2039,5613,-1
5613,2039,-1
1763,3874,-1
3874,1763,-1
1062,5072,-1
5072,1062,-1
1063,3426,-1
3426,1063,-1
2039,4713,-1
4713,2039,-1
916,2149,-1
2149,916,-1
2039,4664,-1
4664,2039,-1
2039,4187,-1
4187,2039,-1
656,6568,-1
6568,656,-1
2039,6419,-1
6419,2039,-1
3151,3461,-1
3461,3151,-1
656,5251,-1
5251,656,-1
2039,2440,-1
2440,2039,-1
1040,2149,-1
2149,1040,-1
2039,5823,-1
5823,2039,-1
2360,2039,-1
656,4271,-1
4271,656,-1
2039,2204,-1
2204,2039,-1
318,3430,-1
3430,318,-1
2039,4286,-1
4286,2039,-1
2039,6232,-1
6232,2039,-1
3145,4044,-1
4044,3145,-1
2039,5134,-1
5134,2039,-1
943,4634,-1
4634,943,-1
2039,6855,-1
6855,2039,-1
1450,2149,-1
2149,1450,-1
19,2149,-1
2149,19,-1
656,3762,-1
3762,656,-1
318,938,-1
938,318,-1
3151,3219,-1
3219,3151,-1
318,2712,-1
2712,318,-1
1763,4269,-1
4269,1763,-1
695,2149,-1
2149,695,-1
2039,3619,-1
3619,2039,-1
1763,3349,-1
3349,1763,-1
2039,4472,-1
4472,2039,-1
2039,2262,-1
2262,2039,-1
2039,4746,-1
4746,2039,-1
656,1152,-1
1152,656,-1
2039,3562,-1
3562,2039,-1
2039,2155,-1
2155,2039,-1
2039,6520,-1
6520,2039,-1
2039,3691,-1
3691,2039,-1
2039,6349,-1
6349,2039,-1
2039,3195,-1
3195,2039,-1
2039,5715,-1
5715,2039,-1
2039,6725,-1
6725,2039,-1
3151,5572,-1
5572,3151,-1
2039,5863,-1
5863,2039,-1
2662,656,-1
318,4148,-1
4148,318,-1
2039,7010,-1
7010,2039,-1
2039,6611,-1
6611,2039,-1
3151,5842,-1
5842,3151,-1
2039,4177,-1
4177,2039,-1
1763,6568,-1
6568,1763,-1
1130,2149,-1
2149,1130,-1
2039,4580,-1
4580,2039,-1
943,1460,-1
1460,943,-1
1062,3430,-1
3430,1062,-1
2039,6552,-1
6552,2039,-1
943,3219,-1
3219,943,-1
904,2149,-1
2149,904,-1
2039,5088,-1
5088,2039,-1
2149,697,-1
1062,2581,-1
2581,1062,-1
1370,2149,-1
2149,1370,-1
2016,2149,-1
2149,2016,-1
2039,6311,-1
6311,2039,-1
318,3480,-1
3480,318,-1
2039,4494,-1
4494,2039,-1
943,5251,-1
5251,943,-1
719,2917,-1
2917,719,-1
279,2149,-1
2149,279,-1
1894,2149,-1
2149,1894,-1
656,5264,-1
5264,656,-1
1371,2149,-1
2149,1371,-1
318,3762,-1
3762,318,-1
2039,4581,-1
4581,2039,-1
3151,3658,-1
3658,3151,-1
2039,6908,-1
6908,2039,-1
2039,4274,-1
4274,2039,-1
656,3428,-1
3428,656,-1
3281,656,-1
1763,4148,-1
4148,1763,-1
318,1434,-1
1434,318,-1
2039,6157,-1
6157,2039,-1
2039,6450,-1
6450,2039,-1
2039,6368,-1
6368,2039,-1
3151,4702,-1
4702,3151,-1
237,2149,-1
2149,237,-1
3151,4660,-1
4660,3151,-1
2039,5177,-1
5177,2039,-1
943,1434,-1
1434,943,-1
943,2712,-1
2712,943,-1
1616,1062,-1
2039,5870,-1
5870,2039,-1
3151,3815,-1
3815,3151,-1
2039,5953,-1
5953,2039,-1
3151,3318,-1
3318,3151,-1
318,3032,-1
3032,318,-1
